budget,expandedBy,objectiveValue,epoch,treeDepth,parentValue,H,Rx,Ry,Rz,Cx
0,,0.9346645654712499,0,0,0,4,0,0,0,0
1,a,0.6721308512416315,1,2,0.6721308512416315,4,0,1,0,0
2,a,0.3876036788413011,2,2,0.3876036788413011,4,0,1,0,0
3,a,0.6721308512416315,3,2,0.6721308512416315,4,0,1,0,0
4,a,0.0861060734790994,4,3,0.0861060734790994,4,0,2,0,0
5,a,0.3876036788413011,5,2,0.3876036788413011,4,0,1,0,0
6,a,0.6721308512416315,6,2,0.5256246568009986,4,0,1,0,0
7,a,0.6721308512416315,7,2,0.5549258956891252,4,0,1,0,0
8,a,0.6721308512416315,8,2,0.5744600549478762,4,0,1,0,0
9,a,0.6721308512416315,9,2,0.5884130258469842,4,0,1,0,0
10,a,0.6721308512416316,10,2,0.598877754021315,4,0,1,0,0
11,a,0.9346645654712499,11,2,0.9346645654712499,4,1,0,0,0
12,a,0.9346645654712499,12,2,0.9346645654712499,4,1,0,0,0
13,a,0.9346645654712504,13,3,0.9346645654712504,4,2,0,0,0
14,a,0.9346645654712504,14,3,0.9346645654712504,4,2,0,0,0
15,a,0.9346645654712504,15,4,0.9346645654712504,4,2,0,0,1
16,a,0.9346645654712499,16,2,0.9346645654712501,4,1,0,0,0
17,a,0.9346645654712504,17,4,0.9346645654712504,4,2,0,0,1
18,a,0.9346645654712499,18,2,0.9346645654712502,4,1,0,0,0
19,a,0.9346645654712504,19,3,0.9346645654712503,4,2,0,0,0
20,a,0.9346645654712498,20,2,0.9346645654712502,4,1,0,0,0
21,a,0.9318978893120242,21,5,0.9318978893120242,4,2,0,1,1
22,a,0.21105545878496218,22,3,0.21105545878496218,4,1,1,0,0
23,a,0.9346645654712499,23,2,0.8787895052523644,4,1,0,0,0
24,a,0.9346645654712499,24,2,0.8827805809822848,4,1,0,0,0
25,a,0.9346645654712504,25,3,0.9342693260199323,4,2,0,0,0
26,a,0.9346645654712499,26,2,0.8892660790434055,4,1,0,0,0
27,a,0.9318978893120242,27,5,0.9318978893120242,4,2,0,1,1
28,a,0.9346645654712498,28,2,0.8941566510820979,4,1,0,0,0
29,a,0.9346645654712503,29,3,0.9340497485469778,4,2,0,0,0
30,a,0.9346645654712498,30,2,0.8982074425210131,4,1,0,0,0
31,a,0.9346645654712504,31,4,0.93355789500756,4,2,0,0,1
32,a,0.9346645654712499,32,2,0.90152172642558,4,1,0,0,0
33,a,0.9346645654712503,33,3,0.9341615334423,4,2,0,0,0
34,a,0.9346645654712499,34,2,0.9042836296793859,4,1,0,0,0
35,a,0.9346645654712504,35,4,0.9346645654712504,4,2,0,0,1
36,a,0.9346645654712499,36,2,0.9066206247402986,4,1,0,0,0
37,a,0.9346645654712504,37,4,0.9346645654712504,4,2,0,0,1
38,a,0.9346645654712499,38,2,0.9086237633639379,4,1,0,0,0
39,a,0.9346645654712499,39,2,0.9346645654712499,4,1,0,0,0
40,a,0.9346645654712499,40,2,0.9346645654712499,4,1,0,0,0
41,a,0.2661518940240541,41,3,0.2661518940240541,4,1,1,0,0
42,a,0.9346645654712499,42,2,0.7675363976094509,4,1,0,0,0
43,a,0.9346645654712499,43,2,0.8009620311818108,4,1,0,0,0
44,a,0.9346645654712498,44,2,0.8232457868967172,4,1,0,0,0
45,a,0.9346645654712499,45,2,0.8391627552645077,4,1,0,0,0
46,a,0.9346645654712499,46,2,0.8511004815403505,4,1,0,0,0
47,a,0.9346645654712499,47,2,0.8603853797548948,4,1,0,0,0
48,a,0.9346645654712498,48,2,0.8678132983265303,4,1,0,0,0
49,a,0.9346645654712498,49,2,0.8738906862487776,4,1,0,0,0
50,a,0.9346645654712499,50,3,0.9346645654712499,4,2,0,0,0
51,a,0.9346645654712499,51,3,0.9346645654712499,4,2,0,0,0
52,a,0.09030752484487113,52,4,0.09030752484487113,4,2,1,0,0
53,a,0.9288459652466211,53,5,0.9288459652466211,4,2,0,1,1
54,a,0.9346645654712499,54,2,0.9101658634969376,4,1,0,0,0
55,a,0.9288459652466211,55,5,0.9288459652466211,4,2,0,1,1
56,a,0.9346645654712499,56,2,0.9115152011133124,4,1,0,0,0
57,a,0.9346645654712504,57,4,0.9323371253813988,4,2,0,0,1
58,a,0.9346645654712499,58,2,0.9128769284284852,4,1,0,0,0
59,a,0.34630091056659046,59,6,0.34630091056659046,4,2,1,1,1
60,a,0.9346645654712499,60,2,0.8338065846663449,4,1,0,0,0
61,a,0.9346645654712499,61,2,0.8401102084666515,4,1,0,0,0
62,a,0.9346645654712499,62,2,0.845672229466922,4,1,0,0,0
63,a,0.9346645654712499,63,2,0.8506162481338291,4,1,0,0,0
64,a,0.9346645654712499,64,2,0.8550398437831671,4,1,0,0,0
65,a,0.9346645654712499,65,2,0.8590210798675711,4,1,0,0,0
66,a,0.9346645654712499,66,2,0.8626231506106034,4,1,0,0,0
67,a,0.9346645654712498,67,2,0.8658977603769963,4,1,0,0,0
68,a,0.9346645654712497,68,2,0.8688876214680508,4,1,0,0,0
69,a,0.9346645654712497,69,2,0.871628327468184,4,1,0,0,0
70,a,0.9346645654712495,70,2,0.8741497769883065,4,1,0,0,0
71,a,0.9346645654712495,71,2,0.8764772688530351,4,1,0,0,0
72,a,0.9346645654712494,72,2,0.8786323539129689,4,1,0,0,0
73,a,0.9346645654712494,73,2,0.8806335043257646,4,1,0,0,0
74,a,0.9346645654712493,74,2,0.882496644365264,4,1,0,0,0
75,a,0.9346645654712498,75,2,0.897743917850176,4,1,0,0,0
76,a,0.9346645654712493,76,2,0.8842355750687968,4,1,0,0,0
77,a,0.9346645654712497,77,2,0.8987417731912862,4,1,0,0,0
78,a,0.9346645654712492,78,2,0.8858623166946823,4,1,0,0,0
79,a,0.9346645654712497,79,2,0.8996871098302327,4,1,0,0,0
80,a,0.9346645654712499,80,3,0.7235753053146552,4,2,0,0,0
81,a,0.9346645654712495,81,2,0.900583967667182,4,1,0,0,0
82,a,0.9346645654712499,82,3,0.7657931573459742,4,2,0,0,0
83,a,0.9346645654712499,83,3,0.9346645654712499,4,1,0,0,1
84,a,0.9346645654712498,84,3,0.7939383920335201,4,2,0,0,0
85,a,0.9346645654712499,85,3,0.814042131096053,4,2,0,0,0
86,a,0.9346645654712499,86,3,0.9346645654712499,4,1,0,0,1
87,a,0.9346645654712499,87,3,0.8291199353929526,4,2,0,0,0
88,a,0.08578178606017166,88,4,0.08578178606017166,4,1,1,0,1
89,a,0.9346645654712499,89,3,0.8408471165127634,4,2,0,0,0
90,a,0.9346645654712498,90,3,0.8502288614086121,4,2,0,0,0
91,a,0.9346645654712498,91,3,0.8579048345052155,4,2,0,0,0
92,a,0.9346645654712499,92,3,0.9346645654712499,4,1,0,0,1
93,a,0.9346645654712499,93,3,0.9346645654712499,4,1,0,0,1
94,a,0.6039162210249494,94,4,0.6039162210249494,4,1,1,0,1
95,a,0.9346645654712499,95,3,0.8519774793596748,4,1,0,0,1
96,a,0.9346645654712499,96,3,0.8685148965819899,4,1,0,0,1
97,a,0.9346645654712498,97,3,0.8795398413968666,4,1,0,0,1
98,a,0.9346645654712499,98,3,0.8874148019789213,4,1,0,0,1
99,a,0.9346645654712499,99,3,0.8933210224154624,4,1,0,0,1
100,a,0.6039162210249494,100,4,0.6039162210249494,4,1,1,0,1
101,a,0.9346645654712495,101,2,0.8840127958486982,4,1,0,0,0
102,a,0.9318978893120227,102,2,0.9318978893120227,4,0,0,1,0
103,a,0.9318978893120227,103,2,0.9318978893120227,4,0,0,1,0
104,a,0.14026321252389873,104,3,0.14026321252389873,4,0,1,1,0
105,a,0.9318978893120228,105,2,0.7339892201149916,4,0,0,1,0
106,a,0.9318978893120227,106,2,0.7735709539543978,4,0,0,1,0
107,a,0.9318978893120227,107,2,0.7999587765140018,4,0,0,1,0
108,a,0.9318978893120226,108,2,0.8188072211994334,4,0,0,1,0
109,a,0.9318978893120226,109,2,0.832943554713507,4,0,0,1,0
110,a,0.9318978893120226,110,2,0.8439384807800088,4,0,0,1,0
111,a,0.9318978893120227,111,2,0.8527344216332102,4,0,0,1,0
112,a,0.9318978893120227,112,2,0.8599311005131022,4,0,0,1,0
113,a,0.9236299142412197,113,3,0.9236299142412197,4,0,0,2,0
114,a,0.9236299142412197,114,3,0.9236299142412197,4,0,0,2,0
115,a,0.08740138608246927,115,4,0.08740138608246927,4,0,1,2,0
116,a,0.9318978893120226,116,2,0.821720080634737,4,0,0,1,0
117,a,0.9318978893120226,117,2,0.8286061936770673,4,0,0,1,0
118,a,0.9318978893120226,118,2,0.8346821757732412,4,0,0,1,0
119,a,0.9318978893120226,119,2,0.8400830487476179,4,0,0,1,0
120,a,0.9318978893120226,120,2,0.8449154087773235,4,0,0,1,0
121,a,0.9318978893120226,121,2,0.8492645328040584,4,0,0,1,0
122,a,0.9318978893120226,122,2,0.8531994545425329,4,0,0,1,0
123,a,0.9318978893120227,123,2,0.8567766561229643,4,0,0,1,0
124,a,0.9318978893120227,124,2,0.8600427966964016,4,0,0,1,0
125,a,0.9318978893120227,125,2,0.8630367588887191,4,0,0,1,0
126,a,0.9318978893120227,126,2,0.8657912041056512,4,0,0,1,0
127,a,0.9318978893120226,127,2,0.8683337689212809,4,0,0,1,0
128,a,0.9318978893120226,128,2,0.8706879956024195,4,0,0,1,0
129,a,0.9318978893120226,129,2,0.8728740632349054,4,0,0,1,0
130,a,0.9318978893120226,130,2,0.8749093675823921,4,0,0,1,0
131,a,0.9318978893120226,131,2,0.8768089849733798,4,0,0,1,0
132,a,0.9318978893120226,132,2,0.8785860464036586,4,0,0,1,0
133,a,0.9318978893120226,133,2,0.880252041494545,4,0,0,1,0
134,a,0.9236299142412197,134,3,0.714572782201532,4,0,0,2,0
135,a,0.9236299142412197,135,3,0.7563842086094695,4,0,0,2,0
136,a,0.9236299142412197,136,3,0.7842584928814279,4,0,0,2,0
137,a,0.9236299142412197,137,3,0.8041686959328267,4,0,0,2,0
138,a,0.9236299142412197,138,3,0.8191013482213758,4,0,0,2,0
139,a,0.9236299142412197,139,3,0.8307156333346918,4,0,0,2,0
140,a,0.9236299142412197,140,3,0.8400070614253445,4,0,0,2,0
141,a,0.9260965125738887,141,3,0.9260965125738887,4,0,0,2,0
142,a,0.9260965125738887,142,3,0.9260965125738887,4,0,0,2,0
143,a,0.47100489877060314,143,4,0.47100489877060314,4,0,1,2,0
144,a,0.9346645654712494,144,2,0.885163972431029,4,1,0,0,0
145,a,0.9346645654712499,145,3,0.7224438706184804,4,1,0,0,1
146,a,0.9346645654712499,146,3,0.7648880095890342,4,1,0,0,1
147,a,0.3877386305440527,147,3,0.3877386305440527,4,0,1,1,0
148,a,0.9346645654712498,148,3,0.7931841022360703,4,1,0,0,1
149,a,0.9346645654712499,149,3,0.813395596983953,4,1,0,0,1
150,a,0.9346645654712499,150,3,0.8685148965819899,4,1,0,0,1
151,a,0.9346645654712499,151,3,0.8285542180448652,4,1,0,0,1
152,a,0.9346645654712498,152,3,0.8745285028446499,4,1,0,0,1
153,a,0.9346645654712499,153,3,0.8403442566477968,4,1,0,0,1
154,a,0.9260965125738888,154,3,0.8123236091230672,4,0,0,2,0
155,a,0.5176076990050581,155,4,0.5176076990050581,4,1,1,0,1
156,a,0.9346645654712498,156,3,0.849776287530142,4,1,0,0,1
157,a,0.9260965125738887,157,3,0.8350781898132315,4,0,0,2,0
158,a,0.9346645654712498,158,3,0.8574934037066064,4,1,0,0,1
159,a,0.9260965125738887,159,3,0.850247910273341,4,0,0,2,0
160,a,0.9346645654712494,160,2,0.893569733513331,4,1,0,0,0
161,a,0.9346645654712499,161,4,0.9346645654712499,4,1,0,0,2
162,a,0.9260965125738886,162,3,0.861083424887705,4,0,0,2,0
163,a,0.9346645654712493,163,2,0.8950640910390736,4,1,0,0,0
164,a,0.9260965125738886,164,3,0.8692100608484779,4,0,0,2,0
165,a,0.9346645654712499,165,4,0.9346645654712499,4,1,0,0,2
166,a,0.9260965125738886,166,3,0.8755307777068568,4,0,0,2,0
167,a,0.9346645654712493,167,2,0.8964535813700272,4,1,0,0,0
168,a,0.9233752263754409,168,6,0.9233752263754409,4,2,0,1,2
169,a,0.9260965125738887,169,3,0.88058735119356,4,0,0,2,0
170,a,0.9260965125738887,170,3,0.8847245476826807,4,0,0,2,0
171,a,0.929159556071245,171,5,0.929159556071245,4,1,0,1,2
172,a,0.4488899726781025,172,4,0.4488899726781025,4,0,1,2,0
173,a,0.9346645654712492,173,2,0.8980842247668248,4,1,0,0,0
174,a,0.9346645654712502,174,3,0.9022001682729249,4,2,0,0,0
175,a,0.9346645654712492,175,2,0.8992642357572902,4,1,0,0,0
176,a,0.929159556071245,176,5,0.929159556071245,4,1,0,1,2
177,a,0.9346645654712504,177,4,0.9313893455362408,4,2,0,0,1
178,a,0.9346645654712492,178,2,0.900813404676396,4,1,0,0,0
179,a,0.9346645654712499,179,4,0.932462561711248,4,1,0,0,2
180,a,0.9346645654712502,180,3,0.9052920156251465,4,2,0,0,0
181,a,0.9346645654712492,181,2,0.902306838240875,4,1,0,0,0
182,a,0.926409597953757,182,6,0.926409597953757,4,1,0,2,2
183,a,0.9346645654712491,183,2,0.9031134166257787,4,1,0,0,0
184,a,0.9233752263754409,184,6,0.9233752263754409,4,2,0,1,2
185,a,0.9346645654712499,185,4,0.9319124245687496,4,1,0,0,2
186,a,0.929159556071246,186,4,0.929159556071246,4,2,0,1,0
187,a,0.9346645654712491,187,2,0.9042553907003075,4,1,0,0,0
188,a,0.929159556071246,188,4,0.929159556071246,4,2,0,1,0
189,a,0.9346645654712502,189,3,0.9073553095641205,4,2,0,0,0
190,a,0.929159556071246,190,5,0.929159556071246,4,3,0,1,0
191,a,0.926409597953757,191,6,0.926409597953757,4,1,0,2,2
192,a,0.9346645654712492,192,2,0.8872475055506611,4,1,0,0,0
193,a,0.929159556071246,193,5,0.929159556071246,4,3,0,1,0
194,a,0.9346645654712491,194,2,0.9053471348686671,4,1,0,0,0
195,a,0.9346645654712492,195,2,0.8888146829268221,4,1,0,0,0
196,a,0.9346645654712503,196,4,0.9308628011778196,4,2,0,0,1
197,a,0.9291595560712459,197,4,0.929159556071246,4,2,0,1,0
198,a,0.9346645654712498,198,4,0.931606792822917,4,1,0,0,2
199,a,0.9346645654712492,199,2,0.890275610989345,4,1,0,0,0
200,a,0.9346645654712491,200,2,0.9064604550181323,4,1,0,0,0
201,a,0.9346645654712491,201,2,0.8910154268973769,4,1,0,0,0
202,a,0.9346645654712502,202,3,0.9095400500366909,4,2,0,0,0
203,a,0.929159556071246,203,6,0.929159556071246,4,3,0,1,1
204,a,0.9346645654712491,204,2,0.9071568528070982,4,1,0,0,0
205,a,0.9346645654712491,205,2,0.8923346731513727,4,1,0,0,0
206,a,0.929159556071245,206,5,0.9280595728242499,4,1,0,1,2
207,a,0.929159556071246,207,4,0.9291595560712461,4,2,0,1,0
208,a,0.9288459652466211,208,5,0.926657669698149,4,2,0,1,1
209,a,0.2661518940240541,209,3,0.2661518940240541,4,1,1,0,0
210,a,0.9346645654712492,210,2,0.9080044662400485,4,1,0,0,0
211,a,0.9346645654712499,211,3,0.894577849896428,4,1,0,0,1
212,a,0.9346645654712501,212,3,0.9111856215420424,4,2,0,0,0
213,a,0.9346645654712493,213,2,0.9089237800066418,4,1,0,0,0
214,a,0.9346645654712499,214,2,0.9346645654712499,4,0,0,0,1
215,a,0.9346645654712499,215,2,0.9346645654712499,4,0,0,0,1
216,a,0.9346645654712499,216,3,0.9346645654712499,4,0,0,0,2
217,a,0.9346645654712499,217,3,0.9346645654712499,4,0,0,0,2
218,a,0.9346645654712499,218,2,0.9346645654712498,4,0,0,0,1
219,a,0.9346645654712499,219,4,0.9346645654712499,4,0,0,0,3
220,a,0.9346645654712499,220,2,0.9346645654712499,4,0,0,0,1
221,a,0.9346645654712499,221,4,0.9346645654712499,4,0,0,0,3
222,a,0.9346645654712498,222,2,0.9346645654712498,4,0,0,0,1
223,a,0.9346645654712499,223,3,0.9346645654712498,4,0,0,0,2
224,a,0.9346645654712499,224,2,0.9346645654712499,4,0,0,0,1
225,a,0.9288459652466221,225,3,0.9288459652466221,4,0,0,1,1
226,a,0.9288459652466221,226,3,0.9288459652466221,4,0,0,1,1
227,a,0.9288459652466221,227,4,0.9288459652466221,4,0,0,1,2
228,a,0.9288459652466221,228,4,0.9288459652466221,4,0,0,1,2
229,a,0.9288459652466221,229,3,0.9288459652466221,4,0,0,1,1
230,a,0.9346645654712499,230,5,0.9346645654712499,4,0,0,0,4
231,a,0.9288459652466227,231,5,0.9288459652466227,4,1,0,1,2
232,a,0.9346645654712499,232,2,0.9328271127687359,4,0,0,0,1
233,a,0.9346645654712499,233,3,0.9346645654712499,4,0,0,0,2
234,a,0.9288459652466221,234,3,0.9288459652466222,4,0,0,1,1
235,a,0.9346645654712499,235,2,0.9328131926725046,4,0,0,0,1
236,a,0.9346645654712499,236,5,0.9346645654712499,4,0,0,0,4
237,a,0.9288459652466227,237,5,0.9288459652466227,4,1,0,1,2
238,a,0.9346645654712498,238,2,0.9328026133993689,4,0,0,0,1
239,a,0.9346645654712498,239,3,0.9346645654712498,4,0,0,0,2
240,a,0.9260965125738928,240,6,0.9260965125738928,4,1,0,2,2
241,a,0.9346645654712498,241,2,0.9326961063750218,4,0,0,0,1
242,a,0.9346645654712499,242,4,0.9346645654712498,4,0,0,0,3
243,a,0.9288459652466221,243,3,0.9285710199793492,4,0,0,1,1
244,a,0.9346645654712499,244,2,0.9326989056351526,4,0,0,0,1
245,a,0.9346645654712499,245,3,0.9346645654712499,4,0,0,0,2
246,a,0.9288459652466221,246,3,0.9285960150036469,4,0,0,1,1
247,a,0.9346645654712499,247,2,0.9327012109082015,4,0,0,0,1
248,a,0.9346645654712499,248,4,0.9346645654712499,4,0,0,0,3
249,a,0.9288459652466221,249,4,0.9288459652466221,4,0,0,1,2
250,a,0.9346645654712499,250,2,0.9327031423531885,4,0,0,0,1
251,a,0.9346645654712499,251,4,0.9346645654712499,4,0,0,0,3
252,a,0.9288459652466221,252,4,0.9288459652466221,4,0,0,1,2
253,a,0.9318978893120227,253,3,0.9318978893120227,4,0,0,1,1
254,a,0.9318978893120227,254,3,0.9318978893120227,4,0,0,1,1
255,a,0.13557633645958325,255,4,0.13557633645958325,4,0,1,1,1
256,a,0.9346645654712499,256,2,0.9141293832172265,4,0,0,0,1
257,a,0.9346645654712499,257,5,0.9346645654712499,4,0,0,0,4
258,a,0.8872521668756936,258,5,0.8872521668756936,4,0,1,1,2
259,a,0.9346645654712499,259,2,0.9144379299164985,4,0,0,0,1
260,a,0.9346645654712499,260,5,0.9346645654712499,4,0,0,0,4
261,a,0.9346645654712499,261,2,0.9152807063979466,4,0,0,0,1
262,a,0.9346645654712499,262,4,0.9346645654712498,4,0,0,0,3
263,a,0.8872521668756936,263,5,0.8872521668756936,4,0,1,1,2
264,a,0.9346645654712499,264,2,0.9154912785278359,4,0,0,0,1
265,a,0.13325707505510875,265,6,0.13325707505510875,4,0,1,0,4
266,a,0.9288459652466221,266,4,0.9122084458982508,4,0,0,1,2
267,a,0.9346645654712498,267,2,0.901607829827641,4,0,0,0,1
268,a,0.9318978893120228,268,3,0.7328175010989129,4,0,0,1,1
269,a,0.9318978893120227,269,3,0.7726335787415348,4,0,0,1,1
270,a,0.9318978893120227,270,3,0.7991776305032827,4,0,0,1,1
271,a,0.9318978893120226,271,3,0.8181376674759598,4,0,0,1,1
272,a,0.9288459652466221,272,4,0.9283877231345007,4,0,0,1,2
273,a,0.9346645654712497,273,2,0.9046320816443099,4,0,0,0,1
274,a,0.9318978893120226,274,3,0.8323576952054677,4,0,0,1,1
275,a,0.9346645654712497,275,2,0.9055562476361592,4,0,0,0,1
276,a,0.8820326293037695,276,6,0.8820326293037695,4,0,1,2,2
277,a,0.9318978893120226,277,3,0.8434177167728626,4,0,0,1,1
278,a,0.9346645654712495,278,2,0.9060474221158294,4,0,0,0,1
279,a,0.9318978893120227,279,3,0.8522657340267786,4,0,0,1,1
280,a,0.9288459652466221,280,3,0.9218591028593888,4,0,0,1,1
281,a,0.9346645654712495,281,2,0.9071836890817473,4,0,0,0,1
282,a,0.9318978893120227,282,3,0.8595050208708916,4,0,0,1,1
283,a,0.9288459652466221,283,4,0.9284531862933753,4,0,0,1,2
284,a,0.9346645654712494,284,2,0.908223933487165,4,0,0,0,1
285,a,0.9260965125738887,285,4,0.9260965125738887,4,0,0,2,1
286,a,0.9288459652466221,286,3,0.9225245183248396,4,0,0,1,1
287,a,0.9346645654712494,287,2,0.9091014367686552,4,0,0,0,1
288,a,0.9260965125738887,288,4,0.9260965125738887,4,0,0,2,1
289,a,0.9346645654712493,289,2,0.9096614131437583,4,0,0,0,1
290,a,0.9260965125738928,290,6,0.9260965125738928,4,1,0,2,2
291,a,0.9346645654712493,291,2,0.9101926727816766,4,0,0,0,1
292,a,0.9260965125738908,292,5,0.9260965125738908,4,1,0,2,1
293,a,0.9288459652466221,293,4,0.9102744034345208,4,0,0,1,2
294,a,0.9346645654712492,294,2,0.9109214261760807,4,0,0,0,1
295,a,0.9260965125738908,295,5,0.9260965125738908,4,1,0,2,1
296,a,0.9288459652466222,296,3,0.9232001386620321,4,0,0,1,1
297,a,0.9346645654712492,297,2,0.9115981257565989,4,0,0,0,1
298,a,0.9288459652466221,298,4,0.9282349757637935,4,0,0,1,2
299,a,0.9260965125738897,299,6,0.9260965125738897,4,2,0,2,1
300,a,0.9346645654712492,300,2,0.9122281564005296,4,0,0,0,1
301,a,0.4842464707052592,301,6,0.4842464707052592,4,0,1,0,4
302,a,0.9236299142412197,302,3,0.8476091389540605,4,0,0,2,0
303,a,0.9236299142412197,303,4,0.9236299142412197,4,0,0,2,1
304,a,0.9236299142412197,304,4,0.9236299142412197,4,0,0,2,1
305,a,0.9346645654712499,305,4,0.9316622960862498,4,1,0,0,2
306,a,0.9318978893120226,306,2,0.8821294973952231,4,0,0,1,0
307,a,0.9346645654712503,307,4,0.931025067392568,4,2,0,0,1
308,a,0.9236299142412197,308,5,0.9236299142412197,4,1,0,2,1
309,a,0.9346645654712493,309,2,0.9097818061887953,4,1,0,0,0
310,a,0.9318978893120226,310,2,0.8837307045665002,4,0,0,1,0
311,a,0.9346645654712499,311,3,0.897918409527663,4,1,0,0,1
312,a,0.9260965125738886,312,3,0.8543812699816523,4,0,0,2,0
313,a,0.9346645654712501,313,3,0.9128048590544017,4,2,0,0,0
314,a,0.9236299142412197,314,5,0.9236299142412197,4,1,0,2,1
315,a,0.9346645654712494,315,2,0.9105844758430682,4,1,0,0,0
316,a,0.7806262596517155,316,5,0.7806262596517155,4,1,1,0,2
317,a,0.9318978893120226,317,2,0.8859045746069608,4,0,0,1,0
318,a,0.9260965125738886,318,3,0.8595037873096691,4,0,0,2,0
319,a,0.9288459652466221,319,4,0.9125958486610335,4,0,0,1,2
320,a,0.9318978893120226,320,2,0.8872946593274769,4,0,0,1,0
321,a,0.9260965125738888,321,4,0.9260965125738895,4,0,0,2,1
322,a,0.9236299142412197,322,4,0.9236299142412197,4,0,0,2,1
323,a,0.9346645654712492,323,2,0.9081066277015725,4,0,0,0,1
324,a,0.47100489877060314,324,4,0.47100489877060314,4,0,1,2,0
325,a,0.9288459652466223,325,3,0.9238274527269866,4,0,0,1,1
326,a,0.9346645654712491,326,2,0.908615200554419,4,0,0,0,1
327,a,0.9346645654712494,327,2,0.9094699692476663,4,1,0,0,0
328,a,0.9260965125738897,328,6,0.9260965125738897,4,2,0,2,1
329,a,0.9346645654712504,329,5,0.9346645654712504,4,2,0,0,2
330,a,0.9288459652466227,330,5,0.9277461841775307,4,1,0,1,2
331,a,0.9346645654712495,331,2,0.9099894454584619,4,1,0,0,0
332,a,0.9346645654712491,332,2,0.9092793822380494,4,0,0,0,1
333,a,0.9346645654712501,333,3,0.9142151626941984,4,2,0,0,0
334,a,0.9260965125738887,334,4,0.9260965125738894,4,0,0,2,1
335,a,0.9346645654712495,335,2,0.9104879327314476,4,1,0,0,0
336,a,0.21105545878496218,336,3,0.21105545878496218,4,1,1,0,0
337,a,0.9346645654712491,337,2,0.9097100180907948,4,0,0,0,1
338,a,0.8820326293037695,338,6,0.8820326293037695,4,0,1,2,2
339,a,0.9260965125738908,339,5,0.9260965125738905,4,1,0,2,1
340,a,0.9346645654712491,340,2,0.9098453017846218,4,0,0,0,1
341,a,0.9288459652466223,341,3,0.9227688594475218,4,0,0,1,1
342,a,0.9346645654712499,342,3,0.9346645654712499,4,0,0,0,2
343,a,0.9346645654712499,343,3,0.9346645654712499,4,0,0,0,2
344,a,0.9346645654712499,344,4,0.9346645654712499,4,1,0,0,2
345,a,0.9346645654712499,345,4,0.9346645654712499,4,1,0,0,2
346,a,0.9346645654712499,346,3,0.9346645654712498,4,0,0,0,2
347,a,0.9288459652466211,347,5,0.9288459652466211,4,1,0,1,2
348,a,0.9346645654712499,348,3,0.9338333368677315,4,0,0,0,2
349,a,0.9288459652466211,349,5,0.9288459652466211,4,1,0,1,2
350,a,0.5176076990050581,350,4,0.5176076990050581,4,1,1,0,1
351,a,0.9346645654712498,351,3,0.9333715431991101,4,0,0,0,2
352,a,0.9346645654712499,352,4,0.9323371253813983,4,1,0,0,2
353,a,0.9346645654712499,353,3,0.933606638157681,4,0,0,0,2
354,a,0.9291595560712466,354,4,0.9291595560712466,4,0,0,1,2
355,a,0.9291595560712466,355,4,0.9291595560712466,4,0,0,1,2
356,a,0.7754497826487762,356,5,0.7754497826487762,4,0,1,1,2
357,a,0.9318978893120226,357,2,0.8821354089327293,4,0,0,1,0
358,a,0.5344504554721802,358,6,0.5344504554721802,4,1,1,2,1
359,a,0.9291595560712466,359,4,0.890732112715629,4,0,0,1,2
360,a,0.9230635877588171,360,6,0.9230635877588171,4,1,0,2,2
361,a,0.7754497826487762,361,5,0.7754497826487762,4,0,1,1,2
362,a,0.9346645654712504,362,5,0.9346645654712504,4,2,0,0,2
363,a,0.9346645654712497,363,2,0.9041048032366743,4,1,0,0,0
364,a,0.9346645654712499,364,3,0.9346645654712499,4,2,0,0,0
365,a,0.9346645654712499,365,3,0.9346645654712499,4,2,0,0,0
366,a,0.17517933179856718,366,4,0.17517933179856718,4,2,1,0,0
367,a,0.9346645654712499,367,3,0.9147655225819915,4,0,0,0,2
368,a,0.9346645654712499,368,4,0.9313448257338656,4,1,0,0,2
369,a,0.9346645654712499,369,3,0.9167554268709172,4,0,0,0,2
370,a,0.9230635877588171,370,6,0.9230635877588171,4,1,0,2,2
371,a,0.9346645654712498,371,3,0.9178562132112913,4,0,0,0,2
372,a,0.9291595560712466,372,4,0.8779229649304231,4,0,0,1,2
373,a,0.9346645654712498,373,4,0.9307935481519028,4,1,0,0,2
374,a,0.9346645654712498,374,3,0.9196530151064861,4,0,0,0,2
375,a,0.9291595560712466,375,4,0.8852424779505407,4,0,0,1,2
376,a,0.9346645654712491,376,2,0.8783686886357079,4,1,0,0,0
377,a,0.929159556071246,377,6,0.929159556071246,4,3,0,1,1
378,a,0.9288459652466211,378,5,0.9265330142514994,4,1,0,1,2
379,a,0.9346645654712491,379,2,0.879943493698518,4,1,0,0,0
380,a,0.929159556071246,380,4,0.929159556071246,4,2,0,1,0
381,a,0.9346645654712491,381,2,0.8814283099005961,4,1,0,0,0
382,a,0.9346645654712499,382,3,0.9208569808732596,4,0,0,0,2
383,a,0.9291595560712459,383,5,0.929159556071246,4,3,0,1,0
384,a,0.9346645654712499,384,4,0.9309684058259088,4,1,0,0,2
385,a,0.9346645654712492,385,2,0.8828306363136698,4,1,0,0,0
386,a,0.9346645654712493,386,2,0.883540690137746,4,1,0,0,0
387,a,0.9260965125738887,387,4,0.9260965125738894,4,0,0,2,1
388,a,0.9346645654712499,388,3,0.8937824229882309,4,2,0,0,0
389,a,0.9346645654712493,389,2,0.884903993479973,4,1,0,0,0
390,a,0.9291595560712461,390,4,0.9291595560712461,4,2,0,1,0
391,a,0.9346645654712491,391,2,0.9128018237102339,4,0,0,0,1
392,a,0.9346645654712494,392,2,0.8861249822407852,4,1,0,0,0
393,a,0.8844625841204803,393,2,0.8844625841204803,4,0,1,0,0
394,a,0.8844625841204803,394,2,0.8844625841204803,4,0,1,0,0
395,a,0.13917743599936827,395,3,0.13917743599936827,4,0,2,0,0
396,a,0.8844625841204804,396,2,0.6981412970902023,4,0,1,0,0
397,a,0.8844625841204803,397,2,0.7354055544962579,4,0,1,0,0
398,a,0.8844625841204803,398,2,0.7602483927669615,4,0,1,0,0
399,a,0.8844625841204802,399,2,0.7779932772460356,4,0,1,0,0
400,a,0.8844625841204802,400,2,0.7913019406053412,4,0,1,0,0
401,a,0.8844625841204802,401,2,0.8016531232181344,4,0,1,0,0
402,a,0.8844625841204802,402,2,0.809934069308369,4,0,1,0,0
403,a,0.8844625841204803,403,2,0.8167093888367428,4,0,1,0,0
404,a,0.8844625841204803,404,3,0.8844625841204803,4,1,1,0,0
405,a,0.8844625841204803,405,3,0.8844625841204803,4,1,1,0,0
406,a,0.16407521419071222,406,4,0.16407521419071222,4,1,2,0,0
407,a,0.8844625841204803,407,2,0.7867510829170884,4,0,1,0,0
408,a,0.8844625841204804,408,2,0.7928580517423004,4,0,1,0,0
409,a,0.8844625841204804,409,2,0.7982465536468992,4,0,1,0,0
410,a,0.8844625841204804,410,2,0.8030363331176538,4,0,1,0,0
411,a,0.8844625841204805,411,2,0.8073219252756973,4,0,1,0,0
412,a,0.8844625841204805,412,2,0.8111789582179364,4,0,1,0,0
413,a,0.8844625841204805,413,2,0.8146686546894861,4,0,1,0,0
414,a,0.8844625841204805,414,2,0.8178411060272587,4,0,1,0,0
415,a,0.8844625841204804,415,3,0.7043657416380382,4,1,1,0,0
416,a,0.8844625841204803,416,3,0.7403851101345266,4,1,1,0,0
417,a,0.8844625841204803,417,3,0.7643980224655188,4,1,1,0,0
418,a,0.8844625841204802,418,3,0.7815501027019419,4,1,1,0,0
419,a,0.8844625841204806,419,2,0.8301784167852628,4,0,1,0,0
420,a,0.8844625841204802,420,3,0.7944141628792591,4,1,1,0,0
421,a,0.8844625841204802,421,3,0.8044195430171726,4,1,1,0,0
422,a,0.8844625841204806,422,2,0.8356068335187846,4,0,1,0,0
423,a,0.8844625841204802,423,3,0.8124238471275034,4,1,1,0,0
424,a,0.8844625841204806,424,2,0.8386603179313906,4,0,1,0,0
425,a,0.8844625841204803,425,3,0.818972823217774,4,1,1,0,0
426,a,0.8844625841204806,426,2,0.8413545688836901,4,0,1,0,0
427,a,0.8818445095345657,427,4,0.8818445095345657,4,1,1,1,0
428,a,0.8844625841204806,428,2,0.8436767343250141,4,0,1,0,0
429,a,0.8818445095345657,429,4,0.8818445095345657,4,1,1,1,0
430,a,0.8844625841204806,430,2,0.8457544612988304,4,0,1,0,0
431,a,0.8369768995221099,431,5,0.8369768995221099,4,1,1,1,1
432,a,0.8789565080577316,432,3,0.8789565080577316,4,0,1,1,0
433,a,0.8789565080577316,433,3,0.8789565080577316,4,0,1,1,0
434,a,0.8040491766898893,434,4,0.8040491766898893,4,0,2,1,0
435,a,0.9346645654712499,435,3,0.8969598928034821,4,2,0,0,0
436,a,0.9346645654712494,436,2,0.8873538324491514,4,1,0,0,0
437,a,0.9291595560712466,437,4,0.8907321127156289,4,0,0,1,2
438,a,0.8040491766898893,438,4,0.8040491766898893,4,0,2,1,0
439,a,0.15023263424179095,439,5,0.15023263424179095,4,2,1,1,0
440,a,0.9318978893120226,440,2,0.8776888048568898,4,0,0,1,0
441,a,0.9318978893120226,441,2,0.8784859972753477,4,0,0,1,0
442,a,0.9288459652466221,442,4,0.9283460647606716,4,0,0,1,2
443,a,0.9318978893120227,443,2,0.8792600826671837,4,0,0,1,0
444,a,0.9318978893120228,444,2,0.8800120513335385,4,0,0,1,0
445,a,0.9318978893120228,445,2,0.8807428377839398,4,0,0,1,0
446,a,0.9318978893120226,446,3,0.8930644656650331,4,0,0,1,1
447,a,0.9318978893120229,447,2,0.8814533246107188,4,0,0,1,0
448,a,0.9346645654712492,448,2,0.9133373031354909,4,0,0,0,1
449,a,0.931897889312023,449,2,0.8821443460449832,4,0,0,1,0
450,a,0.931897889312023,450,2,0.8828166912242675,4,0,0,1,0
451,a,0.9346645654712499,451,3,0.9220156177891939,4,0,0,0,2
452,a,0.9318978893120231,452,2,0.883471107198771,4,0,0,1,0
453,a,0.9346645654712493,453,2,0.9136441702194587,4,0,0,0,1
454,a,0.9318978893120232,454,2,0.8841083017002611,4,0,0,1,0
455,a,0.9318978893120232,455,2,0.8847289456952191,4,0,0,1,0
456,a,0.9288459652466221,456,4,0.911164538383866,4,0,0,1,2
457,a,0.9318978893120233,457,2,0.8853336757415884,4,0,0,1,0
458,a,0.9318978893120233,458,2,0.8859230961665306,4,0,0,1,0
459,a,0.9260965125738887,459,7,0.9260965125738887,4,3,0,2,1
460,a,0.9318978893120234,460,2,0.8864977810808494,4,0,0,1,0
461,a,0.8093348765768279,461,5,0.8093348765768279,4,1,1,0,2
462,a,0.9236299142412197,462,3,0.8555516927452314,4,0,0,2,0
463,a,0.9318978893120234,463,2,0.8875042718295267,4,0,0,1,0
464,a,0.9236299142412197,464,4,0.8680328487027855,4,0,0,2,1
465,a,0.9318978893120236,465,2,0.8884628344473148,4,0,0,1,0
466,a,0.9236299142412197,466,3,0.8623595148948301,4,0,0,2,0
467,a,0.9318978893120236,467,2,0.8893768127572986,4,0,0,1,0
468,a,0.8789565080577316,468,3,0.8489935755105946,4,0,1,1,0
469,a,0.9346645654712493,469,2,0.9132551159466666,4,0,0,0,1
470,a,0.9260965125738886,470,3,0.8393846521049912,4,0,0,2,0
471,a,0.9288459652466224,471,3,0.9233213236110764,4,0,0,1,1
472,a,0.9318978893120237,472,2,0.8902772761251545,4,0,0,1,0
473,a,0.9236299142412197,473,4,0.8749824818950898,4,0,0,2,1
474,a,0.9318978893120226,474,3,0.8960588602715266,4,0,0,1,1
475,a,0.9346645654712494,475,2,0.913636232879474,4,0,0,0,1
476,a,0.4488899726781025,476,4,0.4488899726781025,4,0,1,2,0
477,a,0.9230635877588181,477,5,0.9230635877588181,4,0,0,1,3
478,a,0.8789565080577316,478,3,0.8539873976017841,4,0,1,1,0
479,a,0.9203312513506032,479,5,0.9203312513506032,4,0,0,3,1
480,a,0.9346645654712494,480,2,0.9138855664764017,4,0,0,0,1
481,a,0.8872521668756935,481,5,0.885164351846924,4,0,1,1,2
482,a,0.6697929743117306,482,6,0.6697929743117306,4,0,2,1,2
483,a,0.8073278505794735,483,5,0.8073278505794735,4,0,2,1,1
484,a,0.9346645654712499,484,3,0.7447932570530792,4,2,0,0,0
485,a,0.9346645654712499,485,3,0.7827675187367134,4,2,0,0,0
486,a,0.9346645654712498,486,3,0.8080836931924694,4,2,0,0,0
487,a,0.9346645654712499,487,3,0.8261666749465809,4,2,0,0,0
488,a,0.9346645654712499,488,3,0.8397289112621645,4,2,0,0,0
489,a,0.9346645654712499,489,3,0.8502773172853962,4,2,0,0,0
490,a,0.9346645654712498,490,3,0.8587160421039816,4,2,0,0,0
491,a,0.9346645654712498,491,3,0.8656204533191878,4,2,0,0,0
492,a,0.9318978893120221,492,4,0.9318978893120221,4,2,0,1,0
493,a,0.9318978893120221,493,4,0.9318978893120221,4,2,0,1,0
494,a,0.07668101760942792,494,5,0.07668101760942792,4,2,1,1,0
495,a,0.9346645654712495,495,2,0.9122411783660693,4,0,0,0,1
496,a,0.9346645654712499,496,3,0.8687790083564009,4,0,0,0,2
497,a,0.9318978893120226,497,3,0.8983708379684333,4,0,0,1,1
498,a,0.9346645654712495,498,2,0.9126573298832068,4,0,0,0,1
499,a,0.8789565080577317,499,3,0.8512760930309887,4,0,1,1,0
500,a,0.9346645654712499,500,3,0.8720732862121432,4,0,0,0,2
501,a,0.9203312513506032,501,5,0.9203312513506032,4,0,0,3,1
502,a,0.9288459652466224,502,3,0.9224657055290737,4,0,0,1,1
503,a,0.9346645654712497,503,2,0.9130842294304199,4,0,0,0,1
504,a,0.9346645654712498,504,3,0.8750538233197196,4,0,0,0,2
505,a,0.9230635877588181,505,5,0.9230635877588181,4,0,0,1,3
506,a,0.8073278505794735,506,5,0.8073278505794735,4,0,2,1,1
507,a,0.9318978893120226,507,3,0.9003525331372104,4,0,0,1,1
508,a,0.9346645654712497,508,2,0.9135256631131907,4,0,0,0,1
509,a,0.9346645654712498,509,3,0.8777634025084254,4,0,0,0,2
510,a,0.9203312513506032,510,6,0.9203312513506032,4,1,0,3,1
511,a,0.9288459652466224,511,3,0.9226493408434763,4,0,0,1,1
512,a,0.9346645654712498,512,2,0.9139113139819748,4,0,0,0,1
513,a,0.9346645654712499,513,3,0.8802373661155047,4,0,0,0,2
514,a,0.9346645654712498,514,2,0.9141569145913154,4,0,0,0,1
515,a,0.9318978893120237,515,2,0.8862507480796148,4,0,0,1,0
516,a,0.8213241475061369,516,6,0.8213241475061369,4,0,1,1,3
517,a,0.9236299142412197,517,3,0.8679295511990471,4,0,0,2,0
518,a,0.9318978893120237,518,2,0.8871435040730988,4,0,0,1,0
519,a,0.9236299142412197,519,4,0.8803877521557708,4,0,0,2,1
520,a,0.9318978893120238,520,2,0.8879986703405414,4,0,0,1,0
521,a,0.9236299142412197,521,3,0.872571248119228,4,0,0,2,0
522,a,0.9318978893120238,522,2,0.8888185720196359,4,0,0,1,0
523,a,0.9318978893120239,523,2,0.8892581568899663,4,0,0,1,0
524,a,0.9318978893120226,524,3,0.9020700022834839,4,0,0,1,1
525,a,0.9236299142412197,525,4,0.8847119683643158,4,0,0,2,1
526,a,0.9346645654712499,526,4,0.8703191233618226,4,0,0,0,3
527,a,0.9318978893120239,527,2,0.8900282717876995,4,0,0,1,0
528,a,0.8789565080577316,528,3,0.8496493102885114,4,0,1,1,0
529,a,0.9346645654712499,529,3,0.9116551931713182,4,0,0,0,2
530,a,0.9236299142412197,530,3,0.8764988378209195,4,0,0,2,0
531,a,0.9346645654712495,531,2,0.8788376538666174,4,1,0,0,0
532,a,0.9346645654712495,532,2,0.8795184698617958,4,1,0,0,0
533,a,0.9346645654712497,533,2,0.8801828806522712,4,1,0,0,0
534,a,0.9346645654712497,534,2,0.8808314721382114,4,1,0,0,0
535,a,0.9346645654712498,535,2,0.881464802648012,4,1,0,0,0
536,a,0.9346645654712498,536,2,0.8820834045413054,4,1,0,0,0
537,a,0.9346645654712498,537,2,0.8826877857014197,4,1,0,0,0
538,a,0.9346645654712499,538,2,0.8832784309260769,4,1,0,0,0
539,a,0.9346645654712498,539,2,0.9140789327538174,4,0,0,0,1
540,a,0.9346645654712499,540,2,0.8838558032243373,4,1,0,0,0
541,a,0.9346645654712499,541,2,0.8844203450270808,4,1,0,0,0
542,a,0.9318978893120239,542,2,0.8907681861012078,4,0,0,1,0
543,a,0.9346645654712498,543,3,0.8278352496266083,4,1,0,0,1
544,a,0.9346645654712499,544,3,0.834957204016251,4,1,0,0,1
545,a,0.9346645654712499,545,3,0.8845915420639642,4,0,0,0,2
546,a,0.93466456547125,546,2,0.8860411263317315,4,1,0,0,0
547,a,0.9318978893120227,547,3,0.9318978893120227,4,0,0,1,1
548,a,0.9346645654712499,548,3,0.8411889141071884,4,1,0,0,1
549,a,0.9346645654712499,549,3,0.8466874818344862,4,1,0,0,1
550,a,0.9318978893120227,550,3,0.9318978893120227,4,0,0,1,1
551,a,0.93466456547125,551,2,0.8875606088048414,4,1,0,0,0
552,a,0.9318978893120226,552,3,0.9030321921876303,4,0,0,1,1
553,a,0.9346645654712499,553,3,0.8515750975920842,4,1,0,0,1
554,a,0.28223275776597506,554,4,0.28223275776597506,4,0,1,1,1
555,a,0.93466456547125,555,2,0.8885219140429315,4,1,0,0,0
556,a,0.9346645654712499,556,3,0.8559482274804612,4,1,0,0,1
557,a,0.9346645654712499,557,3,0.912312603808459,4,0,0,0,2
558,a,0.9346645654712499,558,3,0.8598840443800005,4,1,0,0,1
559,a,0.8789565080577316,559,3,0.8523136009948042,4,0,1,1,0
560,a,0.9346645654712501,560,2,0.8898924878477331,4,1,0,0,0
561,a,0.9346645654712499,561,2,0.9145259881173594,4,0,0,0,1
562,a,0.9346645654712499,562,3,0.8634450215748218,4,1,0,0,1
563,a,0.09781214225263574,563,3,0.09781214225263574,4,1,1,0,0
564,a,0.9346645654712499,564,3,0.8865174275796289,4,0,0,0,2
565,a,0.9203312513506032,565,6,0.9203312513506032,4,1,0,3,1
566,a,0.8093348765768279,566,5,0.8093348765768279,4,1,1,0,2
567,a,0.8789565080577341,567,4,0.8789565080577341,4,1,1,1,0
568,a,0.9346645654712499,568,2,0.9142012150756039,4,0,0,0,1
569,a,0.9288459652466221,569,4,0.9288459652466221,4,0,0,1,2
570,a,0.9346645654712498,570,4,0.878362303625501,4,0,0,0,3
571,a,0.8789565080577341,571,4,0.8789565080577341,4,1,1,1,0
572,a,0.9346645654712499,572,2,0.9145016012970217,4,0,0,0,1
573,a,0.9318978893120226,573,3,0.9044311241963383,4,0,0,1,1
574,a,0.9288459652466221,574,4,0.9288459652466221,4,0,0,1,2
575,a,0.9346645654712499,575,3,0.8899565088576018,4,0,0,0,2
576,a,0.93466456547125,576,2,0.9148829059547627,4,0,0,0,1
577,a,0.9203312513506031,577,5,0.9203312513506032,4,0,0,3,1
578,a,0.8789565080577332,578,5,0.8789565080577332,4,2,1,1,0
579,a,0.4857122221360729,579,5,0.4857122221360729,4,0,1,1,2
580,a,0.9346645654712501,580,3,0.9154545204382623,4,2,0,0,0
581,a,0.9346645654712499,581,3,0.8948204866841105,4,1,0,0,1
582,a,0.8789565080577332,582,5,0.8789565080577332,4,2,1,1,0
583,a,0.9346645654712497,583,2,0.8948318101621773,4,1,0,0,0
584,a,0.9346645654712504,584,4,0.8498221358679486,4,2,0,0,1
585,a,0.9346645654712498,585,2,0.895490202811914,4,1,0,0,0
586,a,0.9346645654712499,586,3,0.8962961933058564,4,1,0,0,1
587,a,0.15927157816128706,587,6,0.15927157816128706,4,2,1,0,2
588,a,0.8789565080577341,588,4,0.8789565080577336,4,1,1,1,0
589,a,0.4909112294398321,589,6,0.4909112294398321,4,2,2,1,0
590,a,0.9346645654712499,590,4,0.8846181104972509,4,0,0,0,3
591,a,0.93466456547125,591,2,0.9128924447144007,4,0,0,0,1
592,a,0.9346645654712499,592,3,0.9101335290633553,4,0,0,0,2
593,a,0.9318978893120227,593,3,0.905670178261194,4,0,0,1,1
594,a,0.9346645654712499,594,3,0.8929370459651782,4,0,0,0,2
595,a,0.93466456547125,595,2,0.9133204741908888,4,0,0,0,1
596,a,0.9346645654712499,596,3,0.9107790826530368,4,0,0,0,2
597,a,0.9260965125738886,597,4,0.9244008475082169,4,0,0,2,1
598,a,0.9346645654712501,598,2,0.9135977952956074,4,0,0,0,1
599,a,0.9346645654712499,599,4,0.8896227559946508,4,0,0,0,3
600,a,0.9346645654712499,600,3,0.9113915309304269,4,0,0,0,2
601,a,0.9346645654712501,601,2,0.9139091268745578,4,0,0,0,1
602,a,0.9318978893120227,602,3,0.9069310984061543,4,0,0,1,1
603,a,0.9346645654712499,603,3,0.8955450159343076,4,0,0,0,2
604,a,0.9318978893120227,604,4,0.9318978893120227,4,0,0,1,2
605,a,0.9346645654712501,605,2,0.9142834669811679,4,0,0,0,1
606,a,0.9346645654712499,606,4,0.8937174659470689,4,0,0,0,3
607,a,0.9203312513506042,607,7,0.9203312513506042,4,2,0,3,1
608,a,0.9318978893120228,608,3,0.7694816064255108,4,0,0,1,1
609,a,0.9318978893120227,609,3,0.8019648630028131,4,0,0,1,1
610,a,0.9318978893120227,610,3,0.8236203673876813,4,0,0,1,1
611,a,0.9318978893120226,611,3,0.8390885848054443,4,0,0,1,1
612,a,0.9318978893120226,612,3,0.8506897478687666,4,0,0,1,1
613,a,0.9346645654712501,613,2,0.9145063716542613,4,0,0,0,1
614,a,0.9318978893120226,614,3,0.859712874695795,4,0,0,1,1
615,a,0.9318978893120227,615,3,0.8669313761574179,4,0,0,1,1
616,a,0.9318978893120227,616,4,0.9318978893120227,4,0,0,1,2
617,a,0.9318978893120227,617,3,0.8728374228078365,4,0,0,1,1
618,a,0.929224287948643,618,4,0.929224287948643,4,0,0,1,2
619,a,0.9346645654712499,619,3,0.8978461659070688,4,0,0,0,2
620,a,0.929224287948643,620,4,0.929224287948643,4,0,0,1,2
621,a,0.9318978893120227,621,3,0.9079148661971882,4,0,0,1,1
622,a,0.13418007111831265,622,5,0.13418007111831265,4,0,1,1,2
623,a,0.9346645654712502,623,2,0.9148573035372027,4,0,0,0,1
624,a,0.9346645654712504,624,3,0.9346645654712504,4,1,0,0,1
625,a,0.9346645654712504,625,3,0.9346645654712504,4,1,0,0,1
626,a,0.9346645654712499,626,4,0.9346645654712499,4,2,0,0,1
627,a,0.9346645654712499,627,4,0.9346645654712499,4,2,0,0,1
628,a,0.9346645654712504,628,3,0.9346645654712503,4,1,0,0,1
629,a,0.9346645654712499,629,5,0.9346645654712499,4,2,0,0,2
630,a,0.9346645654712504,630,3,0.9346645654712502,4,1,0,0,1
631,a,0.9346645654712499,631,5,0.9346645654712499,4,2,0,0,2
632,a,0.9346645654712503,632,3,0.9346645654712502,4,1,0,0,1
633,a,0.9346645654712499,633,4,0.9346645654712498,4,2,0,0,1
634,a,0.9346645654712503,634,3,0.9346645654712501,4,1,0,0,1
635,a,0.43224747578678785,635,4,0.43224747578678785,4,1,1,0,1
636,a,0.9346645654712501,636,2,0.8831373321713094,4,1,0,0,0
637,a,0.9346645654712498,637,3,0.866682273570114,4,1,0,0,1
638,a,0.9346645654712501,638,2,0.8841095441203649,4,1,0,0,0
639,a,0.6039162210249494,639,5,0.6039162210249494,4,2,1,0,1
640,a,0.9346645654712498,640,2,0.8901848003979467,4,1,0,0,0
641,a,0.9346645654712499,641,3,0.8976664923117632,4,1,0,0,1
642,a,0.9346645654712498,642,2,0.8908908284149832,4,1,0,0,0
643,a,0.7806262596517155,643,5,0.7806262596517155,4,1,1,0,2
644,a,0.9288459652466211,644,6,0.9288459652466211,4,2,0,1,2
645,a,0.9346645654712502,645,3,0.8983620161920294,4,1,0,0,1
646,a,0.9346645654712499,646,4,0.9338333368677315,4,2,0,0,1
647,a,0.9346645654712502,647,3,0.9028998348519319,4,1,0,0,1
648,a,0.9288459652466211,648,6,0.9288459652466211,4,2,0,1,2
649,a,0.9346645654712502,649,3,0.9061059937971545,4,1,0,0,1
650,a,0.9346645654712498,650,4,0.9333715431991101,4,2,0,0,1
651,a,0.9346645654712502,651,3,0.908961850964564,4,1,0,0,1
652,a,0.9346645654712499,652,5,0.9323371253813983,4,2,0,0,2
653,a,0.9346645654712501,653,3,0.9112984613742628,4,1,0,0,1
654,a,0.9346645654712499,654,4,0.933606638157681,4,2,0,0,1
655,a,0.9346645654712501,655,3,0.9132456367156784,4,1,0,0,1
656,a,0.9346645654712509,656,5,0.9346645654712509,4,3,0,0,1
657,a,0.9346645654712499,657,2,0.9346645654712499,4,0,0,0,1
658,a,0.9346645654712499,658,2,0.9346645654712499,4,0,0,0,1
659,a,0.8329951265056124,659,3,0.8329951265056124,4,0,1,0,1
660,a,0.8329951265056124,660,3,0.8329951265056124,4,0,1,0,1
661,a,0.9346645654712499,661,2,0.8939967898849949,4,0,0,0,1
662,a,0.9346645654712499,662,2,0.900774752482704,4,0,0,0,1
663,a,0.8329951265056124,663,4,0.8329951265056124,4,1,1,0,1
664,a,0.9346645654712498,664,2,0.8965385258591358,4,0,0,0,1
665,a,0.9346645654712499,665,2,0.9007747524827041,4,0,0,0,1
666,a,0.9346645654712499,666,2,0.9041637337815587,4,0,0,0,1
667,a,0.8329951265056124,667,4,0.8329951265056124,4,1,1,0,1
668,a,0.9346645654712509,668,3,0.9346645654712509,4,1,0,0,1
669,a,0.9346645654712509,669,3,0.9346645654712509,4,1,0,0,1
670,a,0.7798570494202451,670,4,0.7798570494202451,4,1,1,0,1
671,a,0.9346645654712509,671,3,0.8959626864584994,4,1,0,0,1
672,a,0.7798570494202451,672,4,0.7798570494202451,4,1,1,0,1
673,a,0.9346645654712499,673,2,0.8925296955909819,4,0,0,0,1
674,a,0.9346645654712509,674,3,0.8830620601209156,4,1,0,0,1
675,a,0.9346645654712498,675,2,0.8969649450520628,4,0,0,0,1
676,a,0.8329951265056122,676,3,0.8329951265056124,4,0,1,0,1
677,a,0.9346645654712509,677,3,0.890433846599535,4,1,0,0,1
678,a,0.9346645654712498,678,2,0.8974844642471502,4,0,0,0,1
679,a,0.9346645654712499,679,2,0.8991009903873284,4,0,0,0,1
680,a,0.9346645654712509,680,3,0.8959626864584994,4,1,0,0,1
681,a,0.8329951265056124,681,5,0.8329951265056124,4,1,1,0,2
682,a,0.9346645654712499,682,2,0.8992941167829487,4,0,0,0,1
683,a,0.7752638289791206,683,5,0.7752638289791206,4,1,1,1,1
684,a,0.9346645654712499,684,2,0.896127693957394,4,0,0,0,1
685,a,0.9346645654712499,685,2,0.8974565515958028,4,0,0,0,1
686,a,0.8329951265056124,686,3,0.8329951265056125,4,0,1,0,1
687,a,0.9346645654712499,687,2,0.8965774092985529,4,0,0,0,1
688,a,0.9346645654712509,688,3,0.8877629886118367,4,1,0,0,1
689,a,0.9346645654712499,689,2,0.8988857217938679,4,0,0,0,1
690,a,0.9346645654712509,690,3,0.892026768326329,4,1,0,0,1
691,a,0.9346645654712499,691,2,0.9009302271468612,4,0,0,0,1
692,a,0.929159556071245,692,4,0.929159556071245,4,1,0,1,1
693,a,0.8329951265056124,693,5,0.8329951265056124,4,1,1,0,2
694,a,0.9346645654712498,694,2,0.9007730841628487,4,0,0,0,1
695,a,0.929159556071245,695,4,0.929159556071245,4,1,0,1,1
696,a,0.9318978893120227,696,3,0.9318978893120227,4,0,0,1,1
697,a,0.9318978893120227,697,3,0.9318978893120227,4,0,0,1,1
698,a,0.9260965125738887,698,4,0.9260965125738887,4,0,0,2,1
699,a,0.9260965125738887,699,4,0.9260965125738887,4,0,0,2,1
700,a,0.9318978893120228,700,3,0.9295773386167691,4,0,0,1,1
701,a,0.9260965125738887,701,5,0.9260965125738887,4,0,0,2,2
702,a,0.9318978893120227,702,3,0.9294115849956794,4,0,0,1,1
703,a,0.9260965125738887,703,5,0.9260965125738887,4,0,0,2,2
704,a,0.9318978893120227,704,3,0.9293194996506298,4,0,0,1,1
705,a,0.9260965125738888,705,4,0.9260965125738887,4,0,0,2,1
706,a,0.9318978893120226,706,3,0.9292608998855981,4,0,0,1,1
707,a,0.9294723955791768,707,4,0.9294723955791768,4,0,1,1,1
708,a,0.9294723955791768,708,4,0.9294723955791768,4,0,1,1,1
709,a,0.11084408528558244,709,5,0.11084408528558244,4,0,2,1,1
710,a,0.9346645654712497,710,2,0.8941640758317834,4,0,0,0,1
711,a,0.9233752263754419,711,5,0.9233752263754419,4,1,0,1,2
712,a,0.9346645654712497,712,2,0.8954089265493392,4,0,0,0,1
713,a,0.8329951265056124,713,3,0.8329951265056125,4,0,1,0,1
714,a,0.9233752263754419,714,5,0.9233752263754419,4,1,0,1,2
715,a,0.9346645654712495,715,2,0.8954904204256832,4,0,0,0,1
716,a,0.9346645654712495,716,2,0.8961433228431093,4,0,0,0,1
717,a,0.929159556071245,717,4,0.9268458241929238,4,1,0,1,1
718,a,0.9346645654712494,718,2,0.8972971530988557,4,0,0,0,1
719,a,0.1582808620650617,719,6,0.1582808620650617,4,1,1,1,2
720,a,0.9346645654712494,720,2,0.8863338893697714,4,0,0,0,1
721,a,0.8329951265056122,721,4,0.8329951265056124,4,1,1,0,1
722,a,0.9346645654712493,722,2,0.8862580092673067,4,0,0,0,1
723,a,0.9346645654712493,723,2,0.8869804951807984,4,0,0,0,1
724,a,0.9346645654712492,724,2,0.8876817315085992,4,0,0,0,1
725,a,0.8329951265056125,725,3,0.8329951265056124,4,0,1,0,1
726,a,0.9346645654712492,726,2,0.8875716776365944,4,0,0,0,1
727,a,0.9260965125738887,727,6,0.9260965125738887,4,1,0,2,2
728,a,0.9346645654712492,728,2,0.8887608126750938,4,0,0,0,1
729,a,0.9346645654712492,729,2,0.889389631206548,4,0,0,0,1
730,a,0.9318978893120226,730,3,0.8781033235669642,4,0,0,1,1
731,a,0.9346645654712491,731,2,0.8905600737714837,4,0,0,0,1
732,a,0.9260965125738887,732,4,0.9260965125738886,4,0,0,2,1
733,a,0.9346645654712491,733,2,0.8915943715702134,4,0,0,0,1
734,a,0.8329951265056124,734,4,0.8329951265056124,4,1,1,0,1
735,a,0.9318978893120226,735,3,0.8837581988309632,4,0,0,1,1
736,a,0.9346645654712491,736,2,0.8919040524024414,4,0,0,0,1
737,a,0.9260965125738887,737,6,0.9260965125738887,4,1,0,2,2
738,a,0.9346645654712491,738,2,0.8928425032956153,4,0,0,0,1
739,a,0.9346645654712491,739,2,0.8933463835627916,4,0,0,0,1
740,a,0.9318978893120227,740,3,0.8882820990421625,4,0,0,1,1
741,a,0.9346645654712492,741,2,0.8942860269469998,4,0,0,0,1
742,a,0.9260965125738887,742,4,0.9260965125738887,4,0,0,2,1
743,a,0.8329951265056124,743,4,0.8329951265056124,4,1,1,0,1
744,a,0.9346645654712493,744,2,0.8944098692618834,4,0,0,0,1
745,a,0.9318978893120227,745,3,0.8919834719422345,4,0,0,1,1
746,a,0.9346645654712493,746,2,0.8952736772203224,4,0,0,0,1
747,a,0.9260965125738888,747,5,0.9260965125738887,4,0,0,2,2
748,a,0.9346645654712494,748,2,0.8960368698681974,4,0,0,0,1
749,a,0.9346645654712494,749,2,0.8964522214338216,4,0,0,0,1
750,a,0.9318978893120226,750,3,0.8950679493589613,4,0,0,1,1
751,a,0.9346645654712495,751,2,0.8972275689276704,4,0,0,0,1
752,a,0.8329951265056124,752,5,0.8329951265056124,4,1,1,0,2
753,a,0.9260965125738886,753,4,0.9260965125738886,4,0,0,2,1
754,a,0.9346645654712495,754,2,0.8972487270681575,4,0,0,0,1
755,a,0.9318978893120226,755,3,0.8976778917884993,4,0,0,1,1
756,a,0.934664565471251,756,3,0.8633038333383638,4,1,0,0,1
757,a,0.9346645654712497,757,2,0.8983326957716234,4,0,0,0,1
758,a,0.49233839222028364,758,5,0.49233839222028364,4,0,1,2,1
759,a,0.9346645654712504,759,3,0.9346645654712504,4,1,0,0,1
760,a,0.9346645654712504,760,3,0.9346645654712504,4,1,0,0,1
761,a,0.9346645654712504,761,4,0.9346645654712504,4,1,0,0,2
762,a,0.9346645654712504,762,4,0.9346645654712504,4,1,0,0,2
763,a,0.9346645654712504,763,3,0.9346645654712503,4,1,0,0,1
764,a,0.9288459652466206,764,5,0.9288459652466206,4,1,0,1,2
765,a,0.9346645654712504,765,3,0.9338333368677318,4,1,0,0,1
766,a,0.9288459652466206,766,5,0.9288459652466206,4,1,0,1,2
767,a,0.9346645654712503,767,3,0.9333715431991104,4,1,0,0,1
768,a,0.9346645654712504,768,4,0.9323371253813985,4,1,0,0,2
769,a,0.9346645654712503,769,3,0.9336066381576813,4,1,0,0,1
770,a,0.929159556071245,770,4,0.929159556071245,4,1,0,1,1
771,a,0.929159556071245,771,4,0.929159556071245,4,1,0,1,1
772,a,0.929159556071245,772,5,0.929159556071245,4,1,0,1,2
773,a,0.929159556071245,773,5,0.929159556071245,4,1,0,1,2
774,a,0.929159556071245,774,4,0.929159556071245,4,1,0,1,1
775,a,0.9288459652466206,775,6,0.9288459652466206,4,1,0,1,3
776,a,0.929159556071245,776,6,0.929159556071245,4,1,0,1,3
777,a,0.9346645654712502,777,3,0.9320074150989387,4,1,0,0,1
778,a,0.9346645654712504,778,4,0.9321708796606948,4,1,0,0,2
779,a,0.929159556071245,779,4,0.9291595560712451,4,1,0,1,1
780,a,0.9346645654712502,780,3,0.932119526086072,4,1,0,0,1
781,a,0.9288459652466206,781,6,0.9288459652466206,4,1,0,1,3
782,a,0.929159556071245,782,6,0.929159556071245,4,1,0,1,3
783,a,0.9346645654712502,783,3,0.9319719864273079,4,1,0,0,1
784,a,0.9346645654712503,784,4,0.9320785209269705,4,1,0,0,2
785,a,0.929159556071245,785,4,0.929159556071245,4,1,0,1,1
786,a,0.9346645654712502,786,3,0.9320638695605874,4,1,0,0,1
787,a,0.9288459652466207,787,5,0.9288459652466206,4,1,0,1,2
788,a,0.929159556071245,788,5,0.929159556071245,4,1,0,1,2
789,a,0.9346645654712501,789,3,0.9319502720801794,4,1,0,0,1
790,a,0.9346645654712503,790,4,0.9320197471873278,4,1,0,0,2
791,a,0.929159556071245,791,4,0.9291595560712449,4,1,0,1,1
792,a,0.9346645654712501,792,3,0.9320278565146856,4,1,0,0,1
793,a,0.5307814239143931,793,5,0.5307814239143931,4,1,1,0,2
794,a,0.7752638289791206,794,5,0.7752638289791206,4,1,1,1,1
795,a,0.9233752263754419,795,5,0.9233752263754419,4,1,0,2,1
796,a,0.8329951265056124,796,5,0.8329951265056124,4,1,1,0,2
797,a,0.9346645654712497,797,2,0.900070694736875,4,0,0,0,1
798,a,0.9346645654712501,798,3,0.9210207658719025,4,1,0,0,1
799,a,0.9346645654712498,799,2,0.9005545250967963,4,0,0,0,1
800,a,0.9233752263754419,800,5,0.9233752263754419,4,1,0,2,1
801,a,0.9346645654712498,801,2,0.9009471509013004,4,0,0,0,1
802,a,0.9346645654712498,802,2,0.9011780920969851,4,0,0,0,1
803,a,0.9346645654712501,803,3,0.9214309776694125,4,1,0,0,1
804,a,0.9346645654712499,804,2,0.9016306120074481,4,0,0,0,1
805,a,0.6386686637419938,805,4,0.6386686637419938,4,1,1,0,1
806,a,0.3877386305440527,806,3,0.3877386305440527,4,0,1,1,0
807,a,0.8329951265056122,807,4,0.8329951265056124,4,1,1,0,1
808,a,0.9346645654712511,808,3,0.8624698697270461,4,1,0,0,1
809,a,0.9346645654712499,809,2,0.899883707225608,4,0,0,0,1
810,a,0.9346645654712511,810,3,0.8659077123815321,4,1,0,0,1
811,a,0.9346645654712499,811,2,0.9003354066833437,4,0,0,0,1
812,a,0.9346645654712512,812,3,0.8690330238856102,4,1,0,0,1
813,a,0.93466456547125,813,2,0.9007755241037014,4,0,0,0,1
814,a,0.9346645654712512,814,3,0.8718865691719424,4,1,0,0,1
815,a,0.93466456547125,815,2,0.9012044993108856,4,0,0,0,1
816,a,0.7798570494202451,816,4,0.7780197612437953,4,1,1,0,1
817,a,0.93466456547125,817,2,0.9006552031625714,4,0,0,0,1
818,a,0.9346645654712501,818,2,0.9008664414377806,4,0,0,0,1
819,a,0.8370949621232581,819,6,0.8370949621232581,4,1,1,0,3
820,a,0.8844625841204806,820,2,0.8442324981345525,4,0,1,0,0
821,a,0.9346645654712499,821,2,0.8903713687922723,4,1,0,0,0
822,a,0.9346645654712499,822,2,0.8907147269060628,4,1,0,0,0
823,a,0.9346645654712499,823,2,0.8910528025873335,4,1,0,0,0
824,a,0.93466456547125,824,2,0.8913857168078214,4,1,0,0,0
825,a,0.93466456547125,825,2,0.8917135868734535,4,1,0,0,0
826,a,0.9346645654712499,826,3,0.8949984203284111,4,1,0,0,1
827,a,0.93466456547125,827,2,0.8923546462555102,4,1,0,0,0
828,a,0.9346645654712501,828,2,0.9006825558225594,4,0,0,0,1
829,a,0.9346645654712499,829,3,0.8962779733975349,4,1,0,0,1
830,a,0.9346645654712501,830,2,0.8929768509498593,4,1,0,0,0
831,a,0.6386686637419938,831,4,0.6386686637419938,4,1,1,0,1
832,a,0.9346645654712499,832,3,0.8264644232143858,4,2,0,0,0
833,a,0.9346645654712498,833,3,0.8974775543998385,4,1,0,0,1
834,a,0.9346645654712499,834,3,0.8332269321054399,4,2,0,0,0
835,a,0.43224747578678785,835,4,0.43224747578678785,4,1,1,0,1
836,a,0.9346645654712501,836,2,0.8941679285076134,4,1,0,0,0
837,a,0.9346645654712499,837,3,0.8391938517151933,4,2,0,0,0
838,a,0.9346645654712499,838,3,0.8444977802571966,4,2,0,0,0
839,a,0.6633774173603744,839,6,0.6633774173603744,4,1,2,0,2
840,a,0.9346645654712501,840,2,0.8819832635486563,4,1,0,0,0
841,a,0.9346645654712502,841,2,0.8824665782451939,4,1,0,0,0
842,a,0.9346645654712502,842,2,0.8829411054017944,4,1,0,0,0
843,a,0.9346645654712502,843,2,0.8834070825195373,4,1,0,0,0
844,a,0.9346645654712502,844,2,0.8838647386173204,4,1,0,0,0
845,a,0.9346645654712503,845,2,0.8843142946071783,4,1,0,0,0
846,a,0.9346645654712503,846,2,0.8847559636498455,4,1,0,0,0
847,a,0.9346645654712503,847,2,0.8851899514917708,4,1,0,0,0
848,a,0.9346645654712503,848,2,0.8856164567846974,4,1,0,0,0
849,a,0.9346645654712503,849,2,0.886035671388856,4,1,0,0,0
850,a,0.9346645654712504,850,2,0.8864477806607407,4,1,0,0,0
851,a,0.9346645654712499,851,3,0.8696897933460235,4,2,0,0,0
852,a,0.9346645654712504,852,2,0.8872513937409159,4,1,0,0,0
853,a,0.9346645654712499,853,3,0.8720962663876984,4,2,0,0,0
854,a,0.9346645654712503,854,2,0.8880286588512493,4,1,0,0,0
855,a,0.9346645654712499,855,3,0.8743308484978253,4,2,0,0,0
856,a,0.9346645654712503,856,2,0.8887808508935073,4,1,0,0,0
857,a,0.9346645654712499,857,3,0.8764113214969088,4,2,0,0,0
858,a,0.9346645654712503,858,2,0.8895091638233128,4,1,0,0,0
859,a,0.9346645654712499,859,3,0.8783530962960534,4,2,0,0,0
860,a,0.9346645654712504,860,2,0.8902147169740618,4,1,0,0,0
861,a,0.9346645654712498,861,3,0.8801695953017049,4,2,0,0,0
862,a,0.9346645654712497,862,3,0.8585662835432794,4,1,0,0,1
863,a,0.9346645654712497,863,3,0.8616102148203981,4,1,0,0,1
864,a,0.9346645654712497,864,3,0.8818725631195031,4,2,0,0,0
865,a,0.9346645654712504,865,2,0.8918857639100465,4,1,0,0,0
866,a,0.9346645654712495,866,3,0.8644199975377386,4,1,0,0,1
867,a,0.9346645654712497,867,3,0.8834723207665257,4,2,0,0,0
868,a,0.9346645654712504,868,2,0.8928294139444848,4,1,0,0,0
869,a,0.8844625841204807,869,2,0.8449261203067236,4,0,1,0,0
870,a,0.9346645654712495,870,3,0.8670216482019426,4,1,0,0,1
871,a,0.9346645654712495,871,3,0.8849779750225469,4,2,0,0,0
872,a,0.9346645654712494,872,3,0.8694374666758463,4,1,0,0,1
873,a,0.9346645654712504,873,2,0.8940247039881067,4,1,0,0,0
874,a,0.9346645654712494,874,3,0.871686676979136,4,1,0,0,1
875,a,0.9346645654712495,875,3,0.8863975918925099,4,2,0,0,0
876,a,0.9346645654712504,876,2,0.8948772884947461,4,1,0,0,0
877,a,0.9346645654712493,877,3,0.8737859399288731,4,1,0,0,1
878,a,0.9346645654712494,878,3,0.887738341158586,4,2,0,0,0
879,a,0.9346645654712504,879,2,0.8956948352819345,4,1,0,0,0
880,a,0.9346645654712493,880,3,0.8757497665592724,4,1,0,0,1
881,a,0.9346645654712494,881,3,0.8890066174913606,4,2,0,0,0
882,a,0.9346645654712505,882,2,0.8964794607219878,4,1,0,0,0
883,a,0.9346645654712492,883,3,0.8775908540252716,4,1,0,0,1
884,a,0.9346645654712493,884,3,0.8902081424381998,4,2,0,0,0
885,a,0.9346645654712505,885,2,0.897233114105197,4,1,0,0,0
886,a,0.9346645654712492,886,3,0.8793203604327254,4,1,0,0,1
887,a,0.8369768995221099,887,5,0.8369768995221099,4,1,1,1,1
888,a,0.9346645654712493,888,3,0.8913480507210986,4,2,0,0,0
889,a,0.9346645654712505,889,2,0.8979575938090562,4,1,0,0,0
890,a,0.9346645654712492,890,3,0.8809481311691526,4,1,0,0,1
891,a,0.07804282723632278,891,4,0.07804282723632278,4,2,1,0,0
892,a,0.8844625841204807,892,2,0.8454525743572092,4,0,1,0,0
893,a,0.9318978893120226,893,3,0.8844236238583317,4,0,0,1,1
894,a,0.9346645654712501,894,2,0.8994969139614604,4,0,0,0,1
895,a,0.9346645654712501,895,2,0.8997074987010399,4,0,0,0,1
896,a,0.9318978893120226,896,3,0.8860606674946658,4,0,0,1,1
897,a,0.9346645654712502,897,2,0.9001048209340647,4,0,0,0,1
898,a,0.9346645654712501,898,2,0.893408896561389,4,1,0,0,0
899,a,0.9318978893120226,899,3,0.8875885748885778,4,0,0,1,1
900,a,0.9346645654712499,900,3,0.8492434005316204,4,2,0,0,0
901,a,0.9346645654712499,901,3,0.8535144587786018,4,2,0,0,0
902,a,0.9346645654712501,902,2,0.8942508489881209,4,1,0,0,0
903,a,0.9346645654712502,903,2,0.9004928490797673,4,0,0,0,1
904,a,0.9346645654712499,904,3,0.8573787495734897,4,2,0,0,0
905,a,0.9346645654712502,905,2,0.894793314981183,4,1,0,0,0
906,a,0.07285766241383959,906,6,0.07285766241383959,4,1,2,0,2
907,a,0.9346645654712498,907,3,0.8608917412052061,4,2,0,0,0
908,a,0.9346645654712502,908,2,0.8953214110141641,4,1,0,0,0
909,a,0.9346645654712497,909,3,0.8640992553037296,4,2,0,0,0
910,a,0.9346645654712502,910,2,0.8958357006149104,4,1,0,0,0
911,a,0.8844625841204807,911,2,0.8460920827139842,4,0,1,0,0
912,a,0.9346645654712497,912,3,0.8670394765607096,4,2,0,0,0
913,a,0.9346645654712502,913,2,0.8963367182259598,4,1,0,0,0
914,a,0.9346645654712495,914,3,0.8697444801171311,4,2,0,0,0
915,a,0.9346645654712503,915,2,0.8968249710571101,4,1,0,0,0
916,a,0.9318978893120226,916,3,0.8350492124809213,4,0,0,1,1
917,a,0.9318978893120226,917,3,0.8411022547828652,4,0,0,1,1
918,a,0.9318978893120226,918,3,0.8464431744610509,4,0,0,1,1
919,a,0.9318978893120226,919,3,0.8511906586194382,4,0,0,1,1
920,a,0.9318978893120226,920,3,0.8554384076032585,4,0,0,1,1
921,a,0.9346645654712495,921,3,0.8722414064769048,4,2,0,0,0
922,a,0.9318978893120226,922,3,0.8592613816886967,4,0,0,1,1
923,a,0.9346645654712501,923,3,0.897017477329836,4,1,0,0,1
924,a,0.9318978893120226,924,3,0.8627202630040932,4,0,0,1,1
925,a,0.9318978893120227,925,3,0.8658647005635445,4,0,0,1,1
926,a,0.9346645654712503,926,2,0.8973009407981685,4,1,0,0,0
927,a,0.9318978893120227,927,3,0.8687357087700001,4,0,0,1,1
928,a,0.9318978893120227,928,3,0.8713674662925843,4,0,0,1,1
929,a,0.9318978893120227,929,3,0.8737886832133619,4,0,0,1,1
930,a,0.9346645654712494,930,3,0.8745533753285472,4,2,0,0,0
931,a,0.9318978893120226,931,3,0.876023652678695,4,0,0,1,1
932,a,0.9346645654712509,932,5,0.9346645654712509,4,3,0,0,1
933,a,0.9346645654712503,933,2,0.8977650852040453,4,1,0,0,0
934,a,0.9236299142412197,934,4,0.8882499634440343,4,0,0,2,1
935,a,0.9346645654712494,935,3,0.8767002035479293,4,2,0,0,0
936,a,0.9346645654712501,936,3,0.8996138282361406,4,1,0,0,1
937,a,0.9346645654712503,937,2,0.8982178395631522,4,1,0,0,0
938,a,0.9318978893120226,938,3,0.8780930688502997,4,0,0,1,1
939,a,0.9346645654712497,939,3,0.8916859918713663,4,1,0,0,1
940,a,0.9236299142412197,940,3,0.8798653432795123,4,0,0,2,0
941,a,0.9346645654712509,941,6,0.9346645654712509,4,3,0,0,2
942,a,0.9346645654712493,942,3,0.8786989746487335,4,2,0,0,0
943,a,0.9346645654712501,943,3,0.8955166634324012,4,2,0,0,0
944,a,0.9346645654712501,944,3,0.9018751661222768,4,1,0,0,1
945,a,0.8818445095345657,945,4,0.8638974655295835,4,1,1,1,0
946,a,0.9346645654712503,946,2,0.8990908150340048,4,1,0,0,0
947,a,0.9292242879486429,947,4,0.7304632337410604,4,0,0,1,2
948,a,0.9346645654712497,948,3,0.8929139511170773,4,1,0,0,1
949,a,0.9346645654712509,949,6,0.9346645654712509,4,3,0,0,2
950,a,0.931897889312024,950,2,0.8892875928347704,4,0,0,1,0
951,a,0.9346645654712493,951,3,0.8805644943428172,4,2,0,0,0
952,a,0.929224287948643,952,4,0.770215444582577,4,0,0,1,2
953,a,0.9346645654712503,953,4,0.8604274395683613,4,2,0,0,1
954,a,0.9346645654712501,954,3,0.9038624024464571,4,1,0,0,1
955,a,0.909957008999059,955,5,0.909957008999059,4,0,0,3,1
956,a,0.9346645654712504,956,2,0.8999229495471568,4,1,0,0,0
957,a,0.9346645654712509,957,5,0.9346645654712509,4,3,0,0,1
958,a,0.9346645654712495,958,3,0.8940736904046932,4,1,0,0,1
959,a,0.9346645654712492,959,3,0.8823096579276054,4,2,0,0,0
960,a,0.9346645654712501,960,3,0.905622526047874,4,1,0,0,1
961,a,0.9346645654712501,961,3,0.8975770793291828,4,2,0,0,0
962,a,0.9346645654712504,962,2,0.9007170436254218,4,1,0,0,0
963,a,0.9346645654712509,963,7,0.9346645654712509,4,3,0,0,3
964,a,0.931897889312024,964,2,0.8900465370094426,4,0,0,1,0
965,a,0.9346645654712495,965,3,0.8951707410821678,4,1,0,0,1
966,a,0.931897889312024,966,2,0.8903520213328191,4,0,0,1,0
967,a,0.9346645654712502,967,3,0.907192366016705,4,1,0,0,1
968,a,0.9346645654712492,968,3,0.8839457487883442,4,2,0,0,0
969,a,0.929224287948643,969,4,0.7967169184769213,4,0,0,1,2
970,a,0.9346645654712503,970,4,0.8686760091131267,4,2,0,0,1
971,a,0.09150849303210092,971,7,0.09150849303210092,4,2,1,1,2
972,a,0.9236299142412197,972,3,0.882327217835554,4,0,0,2,0
973,a,0.9346645654712503,973,2,0.9014756474655521,4,1,0,0,0
974,a,0.8844625841204807,974,2,0.8472686371302869,4,0,1,0,0
975,a,0.9318978893120221,975,4,0.7180936713863736,4,2,0,1,0
976,a,0.931897889312024,976,2,0.8911641358149864,4,0,0,1,0
977,a,0.9346645654712494,977,3,0.8962100522503015,4,1,0,0,1
978,a,0.9292242879486431,978,4,0.8156465426871673,4,0,0,1,2
979,a,0.9288459652466211,979,4,0.9288459652466211,4,2,0,1,0
980,a,0.9318978893120241,980,2,0.8917190224743575,4,0,0,1,0
981,a,0.909957008999059,981,5,0.909957008999059,4,0,0,3,1
982,a,0.9346645654712503,982,2,0.9021541742176773,4,1,0,0,0
983,a,0.9318978893120221,983,4,0.7608545149715032,4,2,0,1,0
984,a,0.1551663287366002,984,7,0.1551663287366002,4,1,1,2,2
985,a,0.9292242879486431,985,4,0.8298437608448518,4,0,0,1,2
986,a,0.9318978893120241,986,2,0.8923805543284034,4,0,0,1,0
987,a,0.9292242879486431,987,4,0.8408860416341619,4,0,0,1,2
988,a,0.5643754933315343,988,6,0.5643754933315343,4,1,2,1,1
989,a,0.9236299142412197,989,3,0.8844813580720905,4,0,0,2,0
990,a,0.9318978893120241,990,2,0.8931076518183808,4,0,0,1,0
991,a,0.9292242879486431,991,4,0.84971986626561,4,0,0,1,2
992,a,0.9318978893120242,992,2,0.8936070309758735,4,0,0,1,0
993,a,0.9236299142412198,993,3,0.8856676779560034,4,0,0,2,0
994,a,0.9318978893120226,994,3,0.8898565932545889,4,0,0,1,1
995,a,0.9318978893120242,995,2,0.8943037930669689,4,0,0,1,0
996,a,0.909957008999059,996,6,0.909957008999059,4,0,0,3,2
997,a,0.929224287948643,997,4,0.8569475409640674,4,0,0,1,2
998,a,0.9318978893120242,998,2,0.894868971317346,4,0,0,1,0
999,a,0.9318978893120241,999,2,0.8951048242982038,4,0,0,1,0
1000,a,0.9318978893120226,1000,3,0.8920568362478724,4,0,0,1,1
1001,a,0.9236299142412197,1001,3,0.8874462941653826,4,0,0,2,0
1002,a,0.14026321252389873,1002,3,0.14026321252389873,4,0,1,1,0
1003,a,0.9346645654712505,1003,2,0.8932329050543197,4,1,0,0,0
1004,a,0.9346645654712492,1004,3,0.8824828864349268,4,1,0,0,1
1005,a,0.9346645654712505,1005,2,0.8937508008095314,4,1,0,0,0
1006,a,0.9346645654712491,1006,3,0.883932377519269,4,1,0,0,1
1007,a,0.9346645654712505,1007,2,0.8942559090152317,4,1,0,0,0
1008,a,0.9346645654712491,1008,3,0.8853035177341874,4,1,0,0,1
1009,a,0.9346645654712505,1009,2,0.8947486975085978,4,1,0,0,0
1010,a,0.9346645654712491,1010,3,0.8866024926746364,4,1,0,0,1
1011,a,0.9346645654712505,1011,2,0.8952296115804369,4,1,0,0,0
1012,a,0.9346645654712491,1012,3,0.8878348535155752,4,1,0,0,1
1013,a,0.9346645654712507,1013,2,0.8956990753172324,4,1,0,0,0
1014,a,0.9346645654712499,1014,4,0.9346645654712499,4,1,0,0,2
1015,a,0.9346645654712507,1015,2,0.8961574928484561,4,1,0,0,0
1016,a,0.9346645654712499,1016,4,0.9346645654712499,4,1,0,0,2
1017,a,0.9346645654712507,1017,2,0.8966052495068607,4,1,0,0,0
1018,a,0.9346645654712509,1018,5,0.9346645654712509,4,2,0,0,2
1019,a,0.9346645654712507,1019,2,0.8970427129087503,4,1,0,0,0
1020,a,0.9346645654712509,1020,5,0.9346645654712509,4,2,0,0,2
1021,a,0.9346645654712507,1021,2,0.8974702339605969,4,1,0,0,0
1022,a,0.934664565471252,1022,6,0.934664565471252,4,3,0,0,2
1023,a,0.9346645654712507,1023,2,0.8978881477977952,4,1,0,0,0
1024,a,0.9346645654712499,1024,4,0.9346645654712505,4,1,0,0,2
1025,a,0.8516619357145837,1025,2,0.8516619357145837,4,0,1,0,0
1026,a,0.8516619357145837,1026,2,0.8516619357145837,4,0,1,0,0
1027,a,0.8466457971607803,1027,3,0.8466457971607803,4,0,1,1,0
1028,a,0.8466457971607803,1028,3,0.8466457971607803,4,0,1,1,0
1029,a,0.8516619357145837,1029,2,0.8496554802930623,4,0,1,0,0
1030,a,0.6943299366823185,1030,4,0.6943299366823185,4,0,2,1,0
1031,a,0.8516619357145837,1031,2,0.8277527534088877,4,0,1,0,0
1032,a,0.8516619357145837,1032,2,0.8307414011970997,4,0,1,0,0
1033,a,0.8466457971607803,1033,3,0.8085668320411648,4,0,1,1,0
1034,a,0.8516619357145837,1034,2,0.8344238942452161,4,0,1,0,0
1035,a,0.6943299366823185,1035,4,0.6943299366823185,4,0,2,1,0
1036,a,0.8516619357145837,1036,3,0.8516619357145837,4,0,1,0,1
1037,a,0.8516619357145837,1037,3,0.8516619357145837,4,0,1,0,1
1038,a,0.8516619357145837,1038,4,0.8516619357145837,4,1,1,0,1
1039,a,0.8516619357145837,1039,4,0.8516619357145837,4,1,1,0,1
1040,a,0.8516619357145837,1040,3,0.8516619357145837,4,0,1,0,1
1041,a,0.8467533673783447,1041,5,0.8467533673783447,4,1,1,1,1
1042,a,0.8516619357145838,1042,2,0.8330718811555735,4,0,1,0,0
1043,a,0.8516619357145837,1043,3,0.8509607116665496,4,0,1,0,1
1044,a,0.8516619357145838,1044,2,0.8349308866114745,4,0,1,0,0
1045,a,0.8467533673783447,1045,5,0.8467533673783447,4,1,1,1,1
1046,a,0.8516619357145838,1046,2,0.8362287743328373,4,0,1,0,0
1047,a,0.8466457971607803,1047,3,0.7958738436679597,4,0,1,1,0
1048,a,0.8516619357145837,1048,3,0.8505711427509752,4,0,1,0,1
1049,a,0.8516619357145838,1049,2,0.8378801081564947,4,0,1,0,0
1050,a,0.8516619357145837,1050,4,0.8496985083800881,4,1,1,0,1
1051,a,0.8466457971607803,1051,3,0.8031269798812197,4,0,1,1,0
1052,a,0.8516619357145838,1052,2,0.8391775847322256,4,0,1,0,0
1053,a,0.8516619357145837,1053,3,0.8507694687443585,4,0,1,0,1
1054,a,0.8466457971607803,1054,3,0.8085668320411649,4,0,1,1,0
1055,a,0.8516619357145837,1055,2,0.8402239368094279,4,0,1,0,0
1056,a,0.0766226257064825,1056,4,0.0766226257064825,4,0,2,0,1
1057,a,0.7063005941292634,1057,5,0.7063005941292634,4,1,2,1,0
1058,a,0.8516619357145837,1058,2,0.8141625646071351,4,0,1,0,0
1059,a,0.8516619357145837,1059,2,0.8152339752102051,4,0,1,0,0
1060,a,0.8516619357145836,1060,2,0.8162458630019934,4,0,1,0,0
1061,a,0.8466457971607804,1061,3,0.8021481047619362,4,0,1,1,0
1062,a,0.8516619357145836,1062,2,0.8179778631828192,4,0,1,0,0
1063,a,0.8466457971607804,1063,3,0.8061933495254675,4,0,1,1,0
1064,a,0.8516619357145837,1064,3,0.8516619357145837,4,0,1,0,1
1065,a,0.8516619357145837,1065,3,0.8516619357145837,4,0,1,0,1
1066,a,0.8463600546831168,1066,4,0.8463600546831168,4,0,1,1,1
1067,a,0.8463600546831168,1067,4,0.8463600546831168,4,0,1,1,1
1068,a,0.8516619357145837,1068,3,0.849541183301997,4,0,1,0,1
1069,a,0.8463600546831173,1069,5,0.8463600546831173,4,1,1,1,1
1070,a,0.8516619357145837,1070,3,0.8493897009868123,4,0,1,0,1
1071,a,0.8463600546831173,1071,5,0.8463600546831173,4,1,1,1,1
1072,a,0.8516619357145837,1072,3,0.8493055441450431,4,0,1,0,1
1073,a,0.9346645654712507,1073,2,0.8982967746608337,4,1,0,0,0
1074,a,0.934664565471252,1074,6,0.934664565471252,4,3,0,0,2
1075,a,0.9346645654712507,1075,2,0.8986964207136954,4,1,0,0,0
1076,a,0.931696287903743,1076,5,0.931696287903743,4,0,1,1,2
1077,a,0.9346645654712499,1077,4,0.9346645654712507,4,1,0,0,2
1078,a,0.9346645654712507,1078,2,0.8990873788088862,4,1,0,0,0
1079,a,0.8463600546831173,1079,6,0.8463600546831173,4,2,1,1,1
1080,a,0.25815641566776104,1080,7,0.25815641566776104,4,3,1,0,2
1081,a,0.9318978893120227,1081,5,0.9318978893120227,4,0,0,1,3
1082,a,0.9236299142412197,1082,4,0.9236299142412197,4,0,0,2,1
1083,a,0.9346645654712502,1083,2,0.910777256443515,4,0,0,0,1
1084,a,0.931696287903743,1084,5,0.931696287903743,4,0,1,1,2
1085,a,0.9346645654712498,1085,3,0.8998147804339892,4,0,0,0,2
1086,a,0.9346645654712502,1086,2,0.9110424828895216,4,0,0,0,1
1087,a,0.9236299142412197,1087,4,0.9236299142412197,4,0,0,2,1
1088,a,0.9318978893120228,1088,4,0.9318172487487109,4,0,0,1,2
1089,a,0.9318978893120227,1089,5,0.9318978893120227,4,0,0,1,3
1090,a,0.9346645654712502,1090,2,0.9113387578962836,4,0,0,0,1
1091,a,0.9178800084193731,1091,5,0.9178800084193731,4,0,0,3,1
1092,a,0.931696287903743,1092,6,0.931696287903743,4,0,1,1,3
1093,a,0.9346645654712497,1093,3,0.9015761723791287,4,0,0,0,2
1094,a,0.9288459652466221,1094,4,0.8180625294689848,4,0,0,1,2
1095,a,0.9346645654712512,1095,3,0.8707165082338468,4,1,0,0,1
1096,a,0.9318978893120226,1096,3,0.8890179076119147,4,0,0,1,1
1097,a,0.9346645654712503,1097,2,0.9116785250717717,4,0,0,0,1
1098,a,0.9346645654712502,1098,2,0.8963334964303347,4,0,0,0,1
1099,a,0.9346645654712513,1099,3,0.873176048896824,4,1,0,0,1
1100,a,0.9318978893120226,1100,3,0.890357907040043,4,0,0,1,1
1101,a,0.9318978893120227,1101,4,0.9318114887084743,4,0,0,1,2
1102,a,0.9346645654712502,1102,2,0.8969639825593432,4,0,0,0,1
1103,a,0.9346645654712513,1103,3,0.8754534013625436,4,1,0,0,1
1104,a,0.9318978893120227,1104,3,0.8916166943816182,4,0,0,1,1
1105,a,0.9346645654712499,1105,4,0.8201777811260867,4,0,0,0,3
1106,a,0.9346645654712503,1106,2,0.8975735685956773,4,0,0,0,1
1107,a,0.9346645654712513,1107,3,0.8775680857949973,4,1,0,0,1
1108,a,0.9178800084193731,1108,5,0.9178800084193731,4,0,0,3,1
1109,a,0.9346645654712503,1109,2,0.8979789346817492,4,0,0,0,1
1110,a,0.9318978893120227,1110,3,0.892801435408983,4,0,0,1,1
1111,a,0.23256948479711237,1111,5,0.23256948479711237,4,1,2,0,1
1112,a,0.8516619357145837,1112,3,0.8492519897911898,4,0,1,0,1
1113,a,0.9288459652466221,1113,4,0.8402192166245122,4,0,0,1,2
1114,a,0.9346645654712503,1114,2,0.8984728100287893,4,1,0,0,0
1115,a,0.9346645654712503,1115,2,0.9120065850298729,4,0,0,0,1
1116,a,0.9288459652466211,1116,4,0.9288459652466211,4,2,0,1,0
1117,a,0.931696287903743,1117,6,0.931696287903743,4,0,1,1,3
1118,a,0.9318978893120221,1118,4,0.7893617440282564,4,2,0,1,0
1119,a,0.9346645654712504,1119,2,0.899001857594628,4,1,0,0,0
1120,a,0.9318978893120227,1120,4,0.9318978893120227,4,0,0,1,2
1121,a,0.2851124594948872,1121,5,0.2851124594948872,4,2,1,1,0
1122,a,0.9346645654712503,1122,2,0.9122320886081243,4,0,0,0,1
1123,a,0.9288459652466221,1123,4,0.8549903413948639,4,0,0,1,2
1124,a,0.9236299142412197,1124,4,0.921329951912481,4,0,0,2,1
1125,a,0.9346645654712503,1125,2,0.9124128921175677,4,0,0,0,1
1126,a,0.9318978893120227,1126,4,0.9318082886861208,4,0,0,1,2
1127,a,0.9318978893120227,1127,4,0.9318978893120227,4,0,0,1,2
1128,a,0.9288459652466221,1128,4,0.8655411448022579,4,0,0,1,2
1129,a,0.10195739369954657,1129,6,0.10195739369954657,4,0,1,3,1
1130,a,0.8601097758028251,1130,6,0.8601097758028251,4,1,2,1,1
1131,a,0.8491409534709968,1131,4,0.8491409534709968,4,0,1,1,1
1132,a,0.8844625841204807,1132,2,0.8437404847342865,4,0,1,0,0
1133,a,0.9318978893120242,1133,2,0.8910505982621562,4,0,0,1,0
1134,a,0.9237517424177084,1134,5,0.9237517424177084,4,0,0,2,2
1135,a,0.909957008999059,1135,6,0.909957008999059,4,0,0,3,2
1136,a,0.9318978893120242,1136,2,0.8916143473227801,4,0,0,1,0
1137,a,0.8491409534709968,1137,4,0.8491409534709968,4,0,1,1,1
1138,a,0.9318978893120226,1138,3,0.8938910916128464,4,0,0,1,1
1139,a,0.9318978893120242,1139,2,0.8920996912021685,4,0,0,1,0
1140,a,0.9236299142412195,1140,3,0.8890326275413153,4,0,0,2,0
1141,a,0.9295384307352995,1141,4,0.9295384307352995,4,0,0,1,2
1142,a,0.9318978893120242,1142,2,0.8927432838689261,4,0,0,1,0
1143,a,0.8844625841204807,1143,2,0.8443482772624387,4,0,1,0,0
1144,a,0.9295384307352995,1144,4,0.9295384307352995,4,0,0,1,2
1145,a,0.9099570089990591,1145,5,0.909957008999059,4,0,0,3,1
1146,a,0.9318978893120242,1146,2,0.893284931993575,4,0,0,1,0
1147,a,0.6721308512416315,1147,2,0.6070169870457947,4,0,1,0,0
1148,a,0.9318978893120243,1148,2,0.8935081282786527,4,0,0,1,0
1149,a,0.09430757114037266,1149,5,0.09430757114037266,4,0,1,1,2
1150,a,0.8789565080577316,1150,3,0.8421162981332582,4,0,1,1,0
1151,a,0.9346645654712508,1151,2,0.8958327886127639,4,1,0,0,0
1152,a,0.9346645654712508,1152,2,0.8960404451735045,4,1,0,0,0
1153,a,0.9346645654712508,1153,2,0.8962458926218968,4,1,0,0,0
1154,a,0.9346645654712508,1154,2,0.8964491660232161,4,1,0,0,0
1155,a,0.9346645654712508,1155,2,0.8966502997045216,4,1,0,0,0
1156,a,0.9346645654712508,1156,2,0.8968493272739809,4,1,0,0,0
1157,a,0.9346645654712508,1157,2,0.8970462816395917,4,1,0,0,0
1158,a,0.9346645654712508,1158,2,0.8972411950273205,4,1,0,0,0
1159,a,0.9346645654712508,1159,2,0.897434098998681,4,1,0,0,0
1160,a,0.9346645654712508,1160,2,0.897625024467771,4,1,0,0,0
1161,a,0.9346645654712508,1161,2,0.8978140017177888,4,1,0,0,0
1162,a,0.8844625841204807,1162,2,0.8454312125907478,4,0,1,0,0
1163,a,0.9346645654712509,1163,2,0.898001060417045,4,1,0,0,0
1164,a,0.8467047805416026,1164,5,0.8467047805416026,4,0,1,1,2
1165,a,0.9346645654712509,1165,2,0.8981862296344905,4,1,0,0,0
1166,a,0.9346645654712509,1166,2,0.8983695378547757,4,1,0,0,0
1167,a,0.9346645654712509,1167,2,0.8985510129928581,4,1,0,0,0
1168,a,0.9346645654712509,1168,2,0.8987306824081734,4,1,0,0,0
1169,a,0.9346645654712509,1169,2,0.8989085729183867,4,1,0,0,0
1170,a,0.9346645654712509,1170,2,0.8990847108127358,4,1,0,0,0
1171,a,0.9346645654712509,1171,2,0.8992591218649835,4,1,0,0,0
1172,a,0.9346645654712509,1172,2,0.8994318313459896,4,1,0,0,0
1173,a,0.9346645654712509,1173,2,0.899602864035918,4,1,0,0,0
1174,a,0.09781214225263574,1174,3,0.09781214225263574,4,1,1,0,0
1175,a,0.8040491766898893,1175,4,0.8144855011719067,4,0,2,1,0
1176,a,0.9346645654712503,1176,2,0.90983260776001,4,0,0,0,1
1177,a,0.931696287903743,1177,5,0.9316962879037429,4,0,1,1,2
1178,a,0.9318978893120221,1178,4,0.8097240504973658,4,2,0,1,0
1179,a,0.9346645654712504,1179,2,0.896161593748244,4,1,0,0,0
1180,a,0.9318978893120222,1180,4,0.824995780349198,4,2,0,1,0
1181,a,0.11465128434599747,1181,5,0.11465128434599747,4,0,1,1,2
1182,a,0.9346645654712504,1182,2,0.8965442703837428,4,1,0,0,0
1183,a,0.9346645654712504,1183,2,0.8967397590764993,4,1,0,0,0
1184,a,0.9318978893120222,1184,4,0.8368737924561784,4,2,0,1,0
1185,a,0.9346645654712504,1185,2,0.8971107384502569,4,1,0,0,0
1186,a,0.9318978893120222,1186,4,0.8463762021417628,4,2,0,1,0
1187,a,0.9346645654712504,1187,2,0.8974742609521803,4,1,0,0,0
1188,a,0.8467047805416026,1188,5,0.8467047805416026,4,0,1,1,2
1189,a,0.9318978893120221,1189,4,0.9318978893120221,4,2,0,1,0
1190,a,0.9346645654712505,1190,2,0.8978305491754585,4,1,0,0,0
1191,a,0.9318978893120221,1191,4,0.9318978893120221,4,2,0,1,0
1192,a,0.9346645654712505,1192,2,0.898179816941135,4,1,0,0,0
1193,a,0.9318978893120221,1193,5,0.9318978893120221,4,2,0,1,1
1194,a,0.9346645654712505,1194,2,0.8985222697260179,4,1,0,0,0
1195,a,0.9346645654712505,1195,2,0.8986977177636162,4,1,0,0,0
1196,a,0.9318978893120221,1196,5,0.9318978893120221,4,2,0,1,1
1197,a,0.9346645654712505,1197,2,0.8990302515100393,4,1,0,0,0
1198,a,0.9318978893120221,1198,4,0.9318978893120221,4,2,0,1,0
1199,a,0.9346645654712513,1199,3,0.8795369299217648,4,1,0,0,1
1200,a,0.9346645654712503,1200,2,0.8949943398492606,4,0,0,0,1
1201,a,0.9203312513506038,1201,7,0.9203312513506038,4,1,0,3,2
1202,a,0.9346645654712505,1202,2,0.8993564512803403,4,1,0,0,0
1203,a,0.9318978893120221,1203,6,0.9318978893120221,4,3,0,1,1
1204,a,0.9346645654712505,1204,2,0.899676496337994,4,1,0,0,0
1205,a,0.9318978893120221,1205,4,0.9318978893120222,4,2,0,1,0
1206,a,0.9346645654712514,1206,3,0.8813745177734144,4,1,0,0,1
1207,a,0.9346645654712503,1207,2,0.8955452733373939,4,0,0,0,1
1208,a,0.5611451125187685,1208,6,0.5611451125187685,4,1,2,1,1
1209,a,0.9346645654712505,1209,2,0.8999905592450372,4,1,0,0,0
1210,a,0.929159556071245,1210,3,0.929159556071245,4,1,0,1,0
1211,a,0.929159556071245,1211,3,0.929159556071245,4,1,0,1,0
1212,a,0.9233752263754409,1212,4,0.9233752263754409,4,1,0,2,0
1213,a,0.9233752263754409,1213,4,0.9233752263754409,4,1,0,2,0
1214,a,0.929159556071245,1214,3,0.9268458241929235,4,1,0,1,0
1215,a,0.4631141643315889,1215,5,0.4631141643315889,4,1,1,2,0
1216,a,0.8844625841204807,1216,2,0.8453981046418586,4,0,1,0,0
1217,a,0.8491409534709969,1217,4,0.8481664842992391,4,0,1,1,1
1218,a,0.8844625841204807,1218,2,0.8459406668568394,4,0,1,0,0
1219,a,0.8844625841204807,1219,2,0.8464683643536016,4,0,1,0,0
1220,a,0.8516619357145836,1220,2,0.8279298364825315,4,0,1,0,0
1221,a,0.8789565080577316,1221,3,0.8420578737752157,4,0,1,1,0
1222,a,0.9318978893120227,1222,3,0.8946521651268902,4,0,0,1,1
1223,a,0.9346645654712503,1223,2,0.8942036761730926,4,0,0,0,1
1224,a,0.9346645654712504,1224,2,0.8944122374581347,4,0,0,0,1
1225,a,0.9260965125738886,1225,4,0.8947019853183964,4,0,0,2,1
1226,a,0.9346645654712504,1226,2,0.894779260943486,4,0,0,0,1
1227,a,0.9318978893120227,1227,3,0.8964597985908939,4,0,0,1,1
1228,a,0.9346645654712503,1228,2,0.8951681696954875,4,0,0,0,1
1229,a,0.9260965125738887,1229,5,0.925272903827705,4,0,0,2,2
1230,a,0.9346645654712503,1230,2,0.8955202933887583,4,0,0,0,1
1231,a,0.9346645654712503,1231,2,0.8957150410110593,4,0,0,0,1
1232,a,0.09943000062675328,1232,4,0.09943000062675328,4,0,1,1,1
1233,a,0.8844625841204807,1233,2,0.8474081291998817,4,0,1,0,0
1234,a,0.8789565080577317,1234,3,0.843735084424421,4,0,1,1,0
1235,a,0.929159556071245,1235,3,0.8609289773382074,4,1,0,1,0
1236,a,0.8467047805416036,1236,6,0.8467047805416036,4,1,1,1,2
1237,a,0.929159556071245,1237,3,0.8694577996798372,4,1,0,1,0
1238,a,0.929159556071245,1238,3,0.8760913281677714,4,1,0,1,0
1239,a,0.9291595560712451,1239,3,0.8813981509581188,4,1,0,1,0
1240,a,0.9291595560712451,1240,3,0.8857400968774939,4,1,0,1,0
1241,a,0.929159556071245,1241,4,0.929159556071245,4,1,0,1,1
1242,a,0.929159556071245,1242,4,0.929159556071245,4,1,0,1,1
1243,a,0.6414983056714874,1243,5,0.6414983056714874,4,1,1,1,1
1244,a,0.8844625841204806,1244,2,0.8482990750931083,4,0,1,0,0
1245,a,0.9288459652466221,1245,4,0.8734542473578034,4,0,0,1,2
1246,a,0.9346645654712504,1246,2,0.9072997177319806,4,0,0,0,1
1247,a,0.9318978893120226,1247,4,0.9318062523082592,4,0,0,1,2
1248,a,0.9288459652466221,1248,4,0.8796088826787832,4,0,0,1,2
1249,a,0.9346645654712504,1249,2,0.9075523268963585,4,0,0,0,1
1250,a,0.9236299142412197,1250,5,0.9236299142412197,4,0,0,2,2
1251,a,0.9346645654712503,1251,2,0.9076997324455727,4,0,0,0,1
1252,a,0.9288459652466221,1252,5,0.9288459652466221,4,0,0,1,3
1253,a,0.9236299142412197,1253,5,0.9236299142412197,4,0,0,2,2
1254,a,0.8844625841204806,1254,2,0.8487627098242285,4,0,1,0,0
1255,a,0.9346645654712503,1255,2,0.9079160880118645,4,0,0,0,1
1256,a,0.9288459652466222,1256,4,0.8845325909355672,4,0,0,1,2
1257,a,0.9346645654712509,1257,2,0.8959166668227069,4,1,0,0,0
1258,a,0.9346645654712509,1258,2,0.8961020634669583,4,1,0,0,0
1259,a,0.9346645654712509,1259,2,0.8962856944288835,4,1,0,0,0
1260,a,0.9346645654712509,1260,2,0.8964675848129705,4,1,0,0,0
1261,a,0.934664565471251,1261,2,0.8966477592500379,4,1,0,0,0
1262,a,0.934664565471251,1262,2,0.8968262419083535,4,1,0,0,0
1263,a,0.934664565471251,1263,2,0.8970030565044418,4,1,0,0,0
1264,a,0.9346645654712499,1264,3,0.9346645654712499,4,1,0,0,1
1265,a,0.9346645654712499,1265,3,0.9346645654712499,4,1,0,0,1
1266,a,0.9288459652466227,1266,4,0.9288459652466227,4,1,0,1,1
1267,a,0.9288459652466227,1267,4,0.9288459652466227,4,1,0,1,1
1268,a,0.9346645654712499,1268,3,0.932337125381399,4,1,0,0,1
1269,a,0.9288459652466227,1269,5,0.9288459652466227,4,1,0,1,2
1270,a,0.9346645654712499,1270,3,0.9321708796606955,4,1,0,0,1
1271,a,0.9288459652466227,1271,5,0.9288459652466227,4,1,0,1,2
1272,a,0.9346645654712503,1272,2,0.9080760824907038,4,0,0,0,1
1273,a,0.9346645654712498,1273,3,0.9320785209269711,4,1,0,0,1
1274,a,0.9288459652466227,1274,4,0.9288459652466227,4,1,0,1,1
1275,a,0.9236299142412218,1275,6,0.9236299142412218,4,1,0,2,2
1276,a,0.9346645654712499,1276,3,0.9320197471873285,4,1,0,0,1
1277,a,0.9346645654712499,1277,4,0.9346645654712499,4,1,0,0,2
1278,a,0.9346645654712499,1278,4,0.9346645654712499,4,1,0,0,2
1279,a,0.9346645654712499,1279,5,0.9346645654712499,4,2,0,0,2
1280,a,0.9346645654712499,1280,5,0.9346645654712499,4,2,0,0,2
1281,a,0.9346645654712499,1281,4,0.9346645654712498,4,1,0,0,2
1282,a,0.09667253906513795,1282,6,0.09667253906513795,4,2,1,0,2
1283,a,0.9236299142412195,1283,3,0.890456260058178,4,0,0,2,0
1284,a,0.9288459652466226,1284,3,0.913431704694258,4,0,0,1,1
1285,a,0.9260965125738886,1285,3,0.8225078288295473,4,0,0,2,0
1286,a,0.8441400483178277,1286,4,0.8441400483178277,4,0,1,2,0
1287,a,0.9318978893120243,1287,2,0.889564056946183,4,0,0,1,0
1288,a,0.9260965125738886,1288,3,0.8279598648160915,4,0,0,2,0
1289,a,0.9260965125738886,1289,3,0.8328666972039814,4,0,0,2,0
1290,a,0.9346645654712504,1290,2,0.9082850931135842,4,0,0,0,1
1291,a,0.9236299142412218,1291,6,0.9236299142412218,4,1,0,2,2
1292,a,0.9260965125738886,1292,3,0.8373062122215961,4,0,0,2,0
1293,a,0.8601097758028251,1293,6,0.8601097758028251,4,1,2,1,1
1294,a,0.9318978893120243,1294,2,0.8904034558370609,4,0,0,1,0
1295,a,0.14899855974582074,1295,4,0.14899855974582074,4,0,1,2,0
1296,a,0.9346645654712504,1296,2,0.9084227970524796,4,0,0,0,1
1297,a,0.9288459652466221,1297,5,0.9288459652466221,4,0,0,1,3
1298,a,0.9236299142412218,1298,7,0.9236299142412218,4,1,0,2,3
1299,a,0.9346645654712504,1299,2,0.9086249933067334,4,0,0,0,1
1300,a,0.9288459652466223,1300,4,0.8885610795092996,4,0,0,1,2
1301,a,0.9346645654712504,1301,2,0.9087751898785009,4,0,0,0,1
1302,a,0.5760347652997385,1302,6,0.5760347652997385,4,2,1,0,2
1303,a,0.8844625841204805,1303,2,0.8493507965776642,4,0,1,0,0
1304,a,0.929159556071245,1304,4,0.8572442434713056,4,1,0,1,1
1305,a,0.929159556071245,1305,4,0.8716273059912935,4,1,0,1,1
1306,a,0.929159556071245,1306,4,0.881216014337952,4,1,0,1,1
1307,a,0.929159556071245,1307,3,0.8866442615417437,4,1,0,1,0
1308,a,0.9233752263754408,1308,4,0.8083099608644779,4,1,0,2,0
1309,a,0.6414983056714874,1309,5,0.6414983056714874,4,1,1,1,1
1310,a,0.8516619357145836,1310,2,0.8289250441965385,4,0,1,0,0
1311,a,0.8844625841204803,1311,3,0.8209459144719693,4,1,1,0,0
1312,a,0.8789565080577341,1312,4,0.8235214682551764,4,1,1,1,0
1313,a,0.9288459652466226,1313,3,0.9142880525027228,4,0,0,1,1
1314,a,0.9346645654712504,1314,2,0.9078530668122056,4,0,0,0,1
1315,a,0.27320611617508783,1315,6,0.27320611617508783,4,0,1,1,3
1316,a,0.8844625841204804,1316,2,0.8505535590664077,4,0,1,0,0
1317,a,0.8463600546831168,1317,4,0.8463600546831169,4,0,1,1,1
1318,a,0.8818445095345657,1318,4,0.8236724757877167,4,1,1,1,0
1319,a,0.929159556071245,1319,3,0.8787442759937883,4,1,0,1,0
1320,a,0.9233752263754409,1320,4,0.8313230139666705,4,1,0,2,0
1321,a,0.9291595560712449,1321,3,0.8828767207963584,4,1,0,1,0
1322,a,0.9233752263754409,1322,4,0.8466650493681324,4,1,0,2,0
1323,a,0.9291595560712449,1323,3,0.886347974430517,4,1,0,1,0
1324,a,0.8789565080577316,1324,3,0.8472077859702222,4,0,1,1,0
1325,a,0.923375226375441,1325,4,0.8576236460834622,4,1,0,2,0
1326,a,0.9291595560712449,1326,3,0.8893049682670227,4,1,0,1,0
1327,a,0.923375226375441,1327,4,0.8658425936199595,4,1,0,2,0
1328,a,0.9291595560712448,1328,3,0.8918541008847,4,1,0,1,0
1329,a,0.923375226375441,1329,4,0.8722351083705686,4,1,0,2,0
1330,a,0.9291595560712448,1330,3,0.8940743131646124,4,1,0,1,0
1331,a,0.929159556071245,1331,4,0.8572442434713057,4,1,0,1,1
1332,a,0.9291595560712448,1332,3,0.8962006915225901,4,1,0,1,0
1333,a,0.9291595560712451,1333,4,0.8652348337601878,4,1,0,1,1
1334,a,0.8441400483178277,1334,4,0.8441400483178277,4,0,1,2,0
1335,a,0.9233752263754409,1335,4,0.8773491201710557,4,1,0,2,0
1336,a,0.9291595560712448,1336,3,0.8987865877434279,4,1,0,1,0
1337,a,0.9291595560712451,1337,4,0.8716273059912936,4,1,0,1,1
1338,a,0.9233752263754409,1338,4,0.8815333116441817,4,1,0,2,0
1339,a,0.8844625841204804,1339,2,0.8516419651654025,4,0,1,0,0
1340,a,0.9291595560712449,1340,3,0.9009746537764446,4,1,0,1,0
1341,a,0.929159556071245,1341,4,0.929159556071245,4,1,0,1,1
1342,a,0.929159556071245,1342,4,0.929159556071245,4,1,0,1,1
1343,a,0.16380568834381415,1343,5,0.16380568834381415,4,1,1,1,1
1344,a,0.8844625841204804,1344,3,0.8271666777075246,4,1,1,0,0
1345,a,0.9346645654712504,1345,2,0.8919843241838468,4,0,0,0,1
1346,a,0.9346645654712504,1346,2,0.8921935410529027,4,0,0,0,1
1347,a,0.9346645654712504,1347,2,0.8924007167817727,4,0,0,0,1
1348,a,0.9346645654712504,1348,2,0.8926058810957993,4,0,0,0,1
1349,a,0.9346645654712504,1349,2,0.8928090631459222,4,0,0,0,1
1350,a,0.9346645654712504,1350,2,0.8930102915224863,4,0,0,0,1
1351,a,0.9346645654712505,1351,2,0.8932095942686527,4,0,0,0,1
1352,a,0.9346645654712505,1352,2,0.8934069988934269,4,0,0,0,1
1353,a,0.9346645654712505,1353,2,0.8936025323843171,4,0,0,0,1
1354,a,0.9346645654712505,1354,2,0.8937962212196329,4,0,0,0,1
1355,a,0.9346645654712505,1355,2,0.8939880913804386,4,0,0,0,1
1356,a,0.9346645654712514,1356,3,0.8730326628497641,4,1,0,0,1
1357,a,0.9346645654712509,1357,3,0.9346645654712509,4,1,0,0,1
1358,a,0.9346645654712509,1358,3,0.9346645654712509,4,1,0,0,1
1359,a,0.9318978893120221,1359,4,0.9318978893120221,4,1,0,1,1
1360,a,0.9318978893120221,1360,4,0.9318978893120221,4,1,0,1,1
1361,a,0.9346645654712509,1361,3,0.9335578950075594,4,1,0,0,1
1362,a,0.20933511528877807,1362,5,0.20933511528877807,4,1,1,1,1
1363,a,0.8844625841204803,1363,2,0.8523878883234726,4,0,1,0,0
1364,a,0.8516619357145836,1364,2,0.8298183813921177,4,0,1,0,0
1365,a,0.8789565080577316,1365,3,0.8484288906658957,4,0,1,1,0
1366,a,0.9230635877588187,1366,6,0.9230635877588187,4,1,0,1,3
1367,a,0.9346645654712499,1367,3,0.8884179336164246,4,1,0,0,1
1368,a,0.9288459652466227,1368,4,0.9280199113197936,4,1,0,1,1
1369,a,0.9346645654712499,1369,3,0.8925452985442829,4,1,0,0,1
1370,a,0.9230635877588187,1370,6,0.9230635877588187,4,1,0,1,3
1371,a,0.9346645654712498,1371,3,0.8957034531591307,4,1,0,0,1
1372,a,0.9288459652466227,1372,4,0.9275609924715551,4,1,0,1,1
1373,a,0.9346645654712498,1373,3,0.8985875981351151,4,1,0,0,1
1374,a,0.9288459652466227,1374,5,0.9265330142515011,4,1,0,1,2
1375,a,0.9346645654712499,1375,3,0.9010444623739167,4,1,0,0,1
1376,a,0.9288459652466227,1376,4,0.9277946238852038,4,1,0,1,1
1377,a,0.9346645654712499,1377,3,0.9031624487866765,4,1,0,0,1
1378,a,0.9288459652466201,1378,5,0.9288459652466201,4,2,0,1,1
1379,a,0.9346645654712499,1379,3,0.905007146630048,4,1,0,0,1
1380,a,0.9288459652466201,1380,5,0.9288459652466201,4,2,0,1,1
1381,a,0.9346645654712499,1381,3,0.906628244734829,4,1,0,0,1
1382,a,0.9288459652466201,1382,6,0.9288459652466201,4,2,0,1,2
1383,a,0.9346645654712499,1383,3,0.9080640744847778,4,1,0,0,1
1384,a,0.9288459652466201,1384,6,0.9288459652466201,4,2,0,1,2
1385,a,0.9346645654712504,1385,2,0.9059111005119559,4,0,0,0,1
1386,a,0.8818445095345657,1386,4,0.8309439800060728,4,1,1,1,0
1387,a,0.9346645654712499,1387,3,0.9093446793968946,4,1,0,0,1
1388,a,0.9346645654712499,1388,3,0.910010992188325,4,1,0,0,1
1389,a,0.92884596524662,1389,5,0.9288459652466201,4,2,0,1,1
1390,a,0.9346645654712499,1390,4,0.9346645654712499,4,1,0,0,2
1391,a,0.9346645654712499,1391,4,0.9346645654712499,4,1,0,0,2
1392,a,0.7686701472883503,1392,5,0.7686701472883503,4,1,1,0,2
1393,a,0.9346645654712505,1393,2,0.9060026720564122,4,0,0,0,1
1394,a,0.9346645654712505,1394,2,0.906093662194237,4,0,0,0,1
1395,a,0.9346645654712505,1395,2,0.9061840764451136,4,0,0,0,1
1396,a,0.9346645654712505,1396,2,0.906273920259076,4,0,0,0,1
1397,a,0.9346645654712503,1397,3,0.8869818102851651,4,1,0,0,1
1398,a,0.9346645654712505,1398,2,0.9064519180347007,4,0,0,0,1
1399,a,0.9318978893120237,1399,4,0.9318978893120237,4,1,0,1,1
1400,a,0.9346645654712505,1400,2,0.906619078840663,4,0,0,0,1
1401,a,0.9346645654712505,1401,2,0.9067061766252299,4,0,0,0,1
1402,a,0.9318978893120237,1402,4,0.9318978893120237,4,1,0,1,1
1403,a,0.9346645654712505,1403,2,0.9068702201484793,4,0,0,0,1
1404,a,0.9260965125738918,1404,5,0.9260965125738918,4,1,0,2,1
1405,a,0.9291595560712465,1405,4,0.8724809432108008,4,0,0,1,2
1406,a,0.9346645654712507,1406,2,0.9070821772545066,4,0,0,0,1
1407,a,0.9260965125738918,1407,5,0.9260965125738918,4,1,0,2,1
1408,a,0.9346645654712507,1408,2,0.9072238086330358,4,0,0,0,1
1409,a,0.8516619357145838,1409,3,0.8488068989546624,4,0,1,0,1
1410,a,0.9258961662019545,1410,7,0.9258961662019545,4,0,1,2,3
1411,a,0.9346645654712507,1411,2,0.9073631231780723,4,0,0,0,1
1412,a,0.9318978893120237,1412,4,0.9295773386167708,4,1,0,1,1
1413,a,0.8844625841204802,1413,2,0.8533560194964654,4,0,1,0,0
1414,a,0.9346645654712498,1414,3,0.9114922560326747,4,0,0,0,2
1415,a,0.9346645654712507,1415,2,0.9076000622520851,4,0,0,0,1
1416,a,0.920642387669033,1416,6,0.920642387669033,4,1,0,3,1
1417,a,0.9291595560712465,1417,4,0.8776335443799322,4,0,0,1,2
1418,a,0.9346645654712507,1418,2,0.9077830483721303,4,0,0,0,1
1419,a,0.9346645654712507,1419,2,0.9078625794878081,4,0,0,0,1
1420,a,0.9346645654712497,1420,3,0.9121617578273821,4,0,0,0,2
1421,a,0.9318978893120237,1421,4,0.9286324242949872,4,1,0,1,1
1422,a,0.9346645654712507,1422,2,0.908090260666081,4,0,0,0,1
1423,a,0.9236299142412197,1423,5,0.9236299142412207,4,0,0,2,2
1424,a,0.920642387669033,1424,6,0.920642387669033,4,1,0,3,1
1425,a,0.9260965125738908,1425,5,0.9260965125738903,4,1,0,2,1
1426,a,0.8844625841204804,1426,3,0.83225639308207,4,1,1,0,0
1427,a,0.6721308512416315,1427,2,0.6135283734653783,4,0,1,0,0
1428,a,0.9346645654712507,1428,2,0.9083009051219972,4,0,0,0,1
1429,a,0.9291595560712466,1429,5,0.9291595560712466,4,0,0,1,3
1430,a,0.9318978893120237,1430,4,0.9281074718939963,4,1,0,1,1
1431,a,0.9346645654712507,1431,2,0.9085044088446653,4,0,0,0,1
1432,a,0.9318978893120227,1432,3,0.8930910922731533,4,0,0,1,1
1433,a,0.9346645654712497,1433,3,0.9129581447383441,4,0,0,0,2
1434,a,0.9346645654712508,1434,2,0.9087201176586838,4,0,0,0,1
1435,a,0.9318978893120227,1435,6,0.9318978893120227,4,0,0,1,4
1436,a,0.9260965125738887,1436,3,0.8413421349648821,4,0,0,2,0
1437,a,0.9260965125738887,1437,3,0.845027107904404,4,0,0,2,0
1438,a,0.9318978893120243,1438,2,0.8870060269227763,4,0,0,1,0
1439,a,0.9260965125738887,1439,3,0.8484049997656326,4,0,0,2,0
1440,a,0.9318978893120243,1440,2,0.8874551303882326,4,0,0,1,0
1441,a,0.9260965125738887,1441,3,0.8515126602779628,4,0,0,2,0
1442,a,0.9318978893120244,1442,2,0.8878947290184412,4,0,0,1,0
1443,a,0.9260965125738886,1443,3,0.8543812699816523,4,0,0,2,0
1444,a,0.9318978893120244,1444,2,0.8883251213946141,4,0,0,1,0
1445,a,0.9260965125738886,1445,3,0.857037390077661,4,0,0,2,0
1446,a,0.9318978893120244,1446,2,0.8887465937215397,4,0,0,1,0
1447,a,0.9260965125738886,1447,3,0.8595037873096691,4,0,0,2,0
1448,a,0.9318978893120244,1448,2,0.8891594204622721,4,0,0,1,0
1449,a,0.9260965125738886,1449,3,0.8618000881808491,4,0,0,2,0
1450,a,0.9318978893120244,1450,2,0.8895638649341572,4,0,0,1,0
1451,a,0.9260965125738886,1451,3,0.8639433023272838,4,0,0,2,0
1452,a,0.9318978893120244,1452,2,0.8899601798689188,4,0,0,1,0
1453,a,0.9260965125738886,1453,3,0.8659482445933032,4,0,0,2,0
1454,a,0.9318978893120246,1454,2,0.8903486079393071,4,0,0,1,0
1455,a,0.9260965125738886,1455,3,0.8678278779676966,4,0,0,2,0
1456,a,0.9318978893120246,1456,2,0.890729382254614,4,0,0,1,0
1457,a,0.9260965125738886,1457,3,0.8695935941678842,4,0,0,2,0
1458,a,0.9318978893120246,1458,2,0.8911027268271831,4,0,0,1,0
1459,a,0.9318978893120246,1459,2,0.8913007615965268,4,0,0,1,0
1460,a,0.9260965125738886,1460,3,0.8712554447092372,4,0,0,2,0
1461,a,0.9318978893120246,1461,2,0.8916632273594731,4,0,0,1,0
1462,a,0.9260965125738886,1462,3,0.872822332362513,4,0,0,2,0
1463,a,0.9318978893120246,1463,2,0.8920187890126491,4,0,0,1,0
1464,a,0.9260965125738886,1464,3,0.8743021707017179,4,0,0,2,0
1465,a,0.9318978893120246,1465,2,0.8923676419553878,4,0,0,1,0
1466,a,0.9260965125738886,1466,3,0.8757020177793441,4,0,0,2,0
1467,a,0.9318978893120247,1467,2,0.8927099742823742,4,0,0,1,0
1468,a,0.41333328760164467,1468,3,0.41333328760164467,4,0,1,1,0
1469,a,0.9346645654712499,1469,4,0.893165960925525,4,1,0,0,2
1470,a,0.7686701472883503,1470,5,0.7686701472883503,4,1,1,0,2
1471,a,0.9260965125738917,1471,5,0.9239148626119482,4,1,0,2,1
1472,a,0.9236299142412197,1472,4,0.8046052953575958,4,0,0,2,1
1473,a,0.878956508057734,1473,4,0.8304508482304961,4,1,1,1,0
1474,a,0.9318978893120226,1474,4,0.9289180166501133,4,0,0,1,2
1475,a,0.8516619357145837,1475,2,0.8305009924646947,4,0,1,0,0
1476,a,0.9346645654712508,1476,2,0.9090138990705294,4,0,0,0,1
1477,a,0.9346645654712498,1477,4,0.8344886291692322,4,0,0,0,3
1478,a,0.9318978893120237,1478,4,0.9282692408119894,4,1,0,1,1
1479,a,0.9260965125738886,1479,4,0.9243669342069036,4,0,0,2,1
1480,a,0.9346645654712508,1480,2,0.9092674211164913,4,0,0,0,1
1481,a,0.9291595560712466,1481,5,0.9291595560712466,4,0,0,1,3
1482,a,0.9346645654712497,1482,3,0.8883162933133938,4,0,0,0,2
1483,a,0.8213241475061369,1483,6,0.8213241475061369,4,0,1,1,3
1484,a,0.8844625841204802,1484,2,0.8542902069199687,4,0,1,0,0
1485,a,0.08347205896637544,1485,5,0.08347205896637544,4,1,1,1,1
1486,a,0.8818445095345657,1486,4,0.8365995943981276,4,1,1,1,0
1487,a,0.9346645654712499,1487,4,0.8793330927436167,4,1,0,0,2
1488,a,0.9346645654712498,1488,4,0.8872375888475643,4,1,0,0,2
1489,a,0.9346645654712499,1489,4,0.893165960925525,4,1,0,0,2
1490,a,0.7686701472883503,1490,6,0.7686701472883503,4,1,1,0,3
1491,a,0.8776994869441388,1491,5,0.8776994869441388,4,1,1,2,0
1492,a,0.8040491766898893,1492,4,0.8188839949405193,4,0,2,1,0
1493,a,0.8491409534709968,1493,4,0.8480968793583994,4,0,1,1,1
1494,a,0.9346645654712499,1494,4,0.88486624001638,4,1,0,0,2
1495,a,0.9346645654712499,1495,4,0.8893933605122772,4,1,0,0,2
1496,a,0.9346645654712509,1496,5,0.9346645654712509,4,2,0,0,2
1497,a,0.9346645654712498,1497,3,0.9069599954803949,4,1,0,0,1
1498,a,0.9288459652466211,1498,7,0.9288459652466211,4,3,0,1,2
1499,a,0.9346645654712509,1499,5,0.9346645654712509,4,2,0,0,2
1500,a,0.9346645654712497,1500,3,0.9083653611121756,4,1,0,0,1
1501,a,0.9230635877588171,1501,7,0.9230635877588171,4,2,0,1,3
1502,a,0.9346645654712499,1502,4,0.8149514188418053,4,1,0,0,2
1503,a,0.9346645654712499,1503,6,0.9346645654712499,4,3,0,0,2
1504,a,0.9346645654712498,1504,4,0.8299155621704859,4,1,0,0,2
1505,a,0.9346645654712497,1505,3,0.9103636118468914,4,1,0,0,1
1506,a,0.9288459652466228,1506,4,0.9279329582748632,4,1,0,1,1
1507,a,0.9346645654712499,1507,4,0.8415543403150152,4,1,0,0,2
1508,a,0.9346645654712495,1508,3,0.9114284413809938,4,1,0,0,1
1509,a,0.9346645654712499,1509,6,0.9346645654712499,4,3,0,0,2
1510,a,0.9288459652466211,1510,7,0.9288459652466211,4,3,0,1,2
1511,a,0.9346645654712499,1511,4,0.8508653628306387,4,1,0,0,2
1512,a,0.9346645654712495,1512,3,0.9127288278904924,4,1,0,0,1
1513,a,0.9346645654712509,1513,5,0.9346645654712505,4,2,0,0,2
1514,a,0.9288459652466227,1514,5,0.9263678034661351,4,1,0,1,2
1515,a,0.9346645654712499,1515,4,0.8584834721616034,4,1,0,0,2
1516,a,0.9346645654712494,1516,3,0.9138826919763854,4,1,0,0,1
1517,a,0.9318978893120227,1517,2,0.9318978893120227,4,0,0,1,0
1518,a,0.9318978893120227,1518,2,0.9318978893120227,4,0,0,1,0
1519,a,0.929224287948643,1519,3,0.929224287948643,4,0,0,1,1
1520,a,0.929224287948643,1520,3,0.929224287948643,4,0,0,1,1
1521,a,0.9318978893120228,1521,2,0.9308284487666707,4,0,0,1,0
1522,a,0.929224287948643,1522,4,0.929224287948643,4,0,0,1,2
1523,a,0.9318978893120227,1523,2,0.9307520601562885,4,0,0,1,0
1524,a,0.929224287948643,1524,4,0.929224287948643,4,0,0,1,2
1525,a,0.9318978893120227,1525,2,0.9307096220394094,4,0,0,1,0
1526,a,0.9292242879486429,1526,3,0.929224287948643,4,0,0,1,1
1527,a,0.9318978893120226,1527,2,0.9306826159650318,4,0,0,1,0
1528,a,0.9318978893120227,1528,3,0.9318978893120227,4,0,0,1,1
1529,a,0.9318978893120227,1529,3,0.9318978893120227,4,0,0,1,1
1530,a,0.630171317256284,1530,4,0.630171317256284,4,0,1,1,1
1531,a,0.929224287948643,1531,5,0.929224287948643,4,0,0,1,3
1532,a,0.9318978893120228,1532,3,0.8564662462980879,4,0,0,1,1
1533,a,0.9318978893120226,1533,2,0.9132056434157863,4,0,0,1,0
1534,a,0.929224287948643,1534,3,0.9292242879486431,4,0,0,1,1
1535,a,0.9318978893120227,1535,3,0.8715525749008748,4,0,0,1,1
1536,a,0.9318978893120226,1536,2,0.9158758002320526,4,0,0,1,0
1537,a,0.929224287948643,1537,5,0.929224287948643,4,0,0,1,3
1538,a,0.9318978893120227,1538,3,0.8816101273027327,4,0,0,1,1
1539,a,0.9318978893120227,1539,2,0.9178493944005974,4,0,0,1,0
1540,a,0.929224287948643,1540,3,0.9292242879486431,4,0,0,1,1
1541,a,0.9318978893120226,1541,3,0.8887940933040598,4,0,0,1,1
1542,a,0.9318978893120227,1542,2,0.9193675437610165,4,0,0,1,0
1543,a,0.9292242879486429,1543,4,0.929224287948643,4,0,0,1,2
1544,a,0.630171317256284,1544,4,0.630171317256284,4,0,1,1,1
1545,a,0.9318978893120226,1545,2,0.9101672287001165,4,0,0,1,0
1546,a,0.9292242879486431,1546,3,0.929224287948643,4,0,0,1,1
1547,a,0.9318978893120226,1547,2,0.91148296159884,4,0,0,1,0
1548,a,0.5464578543464265,1548,4,0.5464578543464265,4,0,1,1,1
1549,a,0.9318978893120226,1549,2,0.9010402288855299,4,0,0,1,0
1550,a,0.9318978893120226,1550,2,0.901947807133368,4,0,0,1,0
1551,a,0.9318978893120226,1551,2,0.9028035237670439,4,0,0,1,0
1552,a,0.9318978893120226,1552,2,0.9036117005877377,4,0,0,1,0
1553,a,0.9318978893120226,1553,3,0.8648475399663028,4,0,0,1,1
1554,a,0.9318978893120226,1554,2,0.9051004473627002,4,0,0,1,0
1555,a,0.9318978893120226,1555,3,0.8715525749008748,4,0,0,1,1
1556,a,0.9264095979537544,1556,3,0.9264095979537544,4,0,0,2,0
1557,a,0.9264095979537544,1557,3,0.9264095979537544,4,0,0,2,0
1558,a,0.6802173468601008,1558,4,0.6802173468601008,4,0,1,2,0
1559,a,0.9264095979537544,1559,3,0.864861535180341,4,0,0,2,0
1560,a,0.9264095979537544,1560,3,0.8771711477350237,4,0,0,2,0
1561,a,0.6802173468601008,1561,4,0.6802173468601008,4,0,1,2,0
1562,a,0.9264095979537543,1562,3,0.8560689547841391,4,0,0,2,0
1563,a,0.9264095979537544,1563,3,0.864861535180341,4,0,0,2,0
1564,a,0.9264095979537544,1564,3,0.8717002088218314,4,0,0,2,0
1565,a,0.9264095979537544,1565,3,0.8771711477350237,4,0,0,2,0
1566,a,0.9264095979537544,1566,3,0.881647370482181,4,0,0,2,0
1567,a,0.9234395552752012,1567,6,0.9234395552752012,4,0,0,2,3
1568,a,0.9318978893120227,1568,2,0.9015225655574208,4,0,0,1,0
1569,a,0.9318978893120227,1569,3,0.8770385125746155,4,0,0,1,1
1570,a,0.0836009224330947,1570,4,0.0836009224330947,4,0,1,2,0
1571,a,0.9292242879486431,1571,3,0.9014706332146674,4,0,0,1,1
1572,a,0.9318978893120227,1572,2,0.8884963285355656,4,0,0,1,0
1573,a,0.9236299142412197,1573,4,0.9236299142412197,4,0,0,2,1
1574,a,0.5464578543464265,1574,4,0.5464578543464265,4,0,1,1,1
1575,a,0.9318978893120227,1575,2,0.8840301704388364,4,0,0,1,0
1576,a,0.9236299142412197,1576,4,0.9236299142412197,4,0,0,2,1
1577,a,0.9318978893120227,1577,2,0.8854640632695834,4,0,0,1,0
1578,a,0.9081706233838915,1578,5,0.9081706233838915,4,0,1,2,1
1579,a,0.9318978893120226,1579,2,0.8865615297165159,4,0,0,1,0
1580,a,0.9318978893120226,1580,2,0.8872699103351958,4,0,0,1,0
1581,a,0.9081706233838915,1581,5,0.9081706233838915,4,0,1,2,1
1582,a,0.9318978893120226,1582,2,0.8882627693052795,4,0,0,1,0
1583,a,0.9318978893120226,1583,2,0.8889140397531413,4,0,0,1,0
1584,a,0.9236299142412197,1584,4,0.9174461978982883,4,0,0,2,1
1585,a,0.9318978893120226,1585,2,0.8900401227103437,4,0,0,1,0
1586,a,0.9081706233838915,1586,6,0.9081706233838915,4,1,1,2,1
1587,a,0.9318978893120226,1587,2,0.8908850278832342,4,0,0,1,0
1588,a,0.9236299142412197,1588,4,0.9170045038737932,4,0,0,2,1
1589,a,0.929224287948643,1589,4,0.9283978975667228,4,0,0,1,2
1590,a,0.9318978893120226,1590,2,0.8923998523136691,4,0,0,1,0
1591,a,0.9318978893120226,1591,2,0.8929264928069806,4,0,0,1,0
1592,a,0.9292242879486431,1592,3,0.883852664426415,4,0,0,1,1
1593,a,0.9081706233838915,1593,6,0.9081706233838915,4,1,1,2,1
1594,a,0.9318978893120226,1594,2,0.8940869200149757,4,0,0,1,0
1595,a,0.9234395552752012,1595,6,0.9234395552752012,4,0,0,2,3
1596,a,0.9318978893120227,1596,3,0.895326183906662,4,0,0,1,1
1597,a,0.9318978893120226,1597,2,0.8953829024082389,4,0,0,1,0
1598,a,0.9292242879486431,1598,3,0.8883241651827841,4,0,0,1,1
1599,a,0.9236299142412197,1599,4,0.9167591183046293,4,0,0,2,1
1600,a,0.9318978893120226,1600,2,0.8965567522210623,4,0,0,1,0
1601,a,0.929224287948643,1601,4,0.9279387917989893,4,0,0,1,2
1602,a,0.9318978893120226,1602,2,0.8973475507422082,4,0,0,1,0
1603,a,0.9318978893120226,1603,3,0.8982750673493854,4,0,0,1,1
1604,a,0.929224287948643,1604,3,0.8922194149700088,4,0,0,1,1
1605,a,0.9318978893120226,1605,2,0.8984821284314899,4,0,0,1,0
1606,a,0.9081706233838917,1606,5,0.9081706233838915,4,0,1,2,1
1607,a,0.9318978893120226,1607,2,0.8989558015725112,4,0,0,1,0
1608,a,0.9292242879486429,1608,5,0.9269103948792662,4,0,0,1,3
1609,a,0.9318978893120226,1609,3,0.9000883330992665,4,0,0,1,1
1610,a,0.9318978893120227,1610,2,0.8999787022305449,4,0,0,1,0
1611,a,0.929224287948643,1611,3,0.895437230011629,4,0,0,1,1
1612,a,0.9236299142412197,1612,4,0.9166029638515251,4,0,0,2,1
1613,a,0.9318978893120228,1613,2,0.9008530938265268,4,0,0,1,0
1614,a,0.9292242879486431,1614,4,0.9281725183716535,4,0,0,1,2
1615,a,0.9318978893120228,1615,2,0.9014532553377148,4,0,0,1,0
1616,a,0.9318978893120226,1616,3,0.9022172229975246,4,0,0,1,1
1617,a,0.9292242879486429,1617,3,0.8981401946465901,4,0,0,1,1
1618,a,0.9318978893120229,1618,2,0.9023224739706516,4,0,0,1,0
1619,a,0.9264095979537544,1619,3,0.9264095979537544,4,0,0,2,0
1620,a,0.9264095979537544,1620,3,0.9264095979537544,4,0,0,2,0
1621,a,0.9101916156775305,1621,4,0.9101916156775305,4,0,0,3,0
1622,a,0.9101916156775305,1622,4,0.9101916156775305,4,0,0,3,0
1623,a,0.9264095979537544,1623,3,0.919922405043265,4,0,0,2,0
1624,a,0.921433162078109,1624,5,0.921433162078109,4,1,0,3,0
1625,a,0.9264095979537544,1625,3,0.9210649693211697,4,0,0,2,0
1626,a,0.921433162078109,1626,5,0.921433162078109,4,1,0,3,0
1627,a,0.9264095979537543,1627,3,0.9216997272533389,4,0,0,2,0
1628,a,0.8877927856999857,1628,6,0.8877927856999857,4,1,0,3,1
1629,a,0.9264095979537544,1629,3,0.91904544808489,4,0,0,2,0
1630,a,0.9240757383728446,1630,4,0.9240757383728446,4,0,0,2,1
1631,a,0.9240757383728446,1631,4,0.9240757383728446,4,0,0,2,1
1632,a,0.9183230571463344,1632,5,0.9183230571463344,4,0,0,3,1
1633,a,0.9183230571463344,1633,5,0.9183230571463344,4,0,0,3,1
1634,a,0.9240757383728445,1634,4,0.9217746658822404,4,0,0,2,1
1635,a,0.9022808072056936,1635,6,0.9022808072056936,4,0,0,4,1
1636,a,0.9101916156775305,1636,4,0.9102056594814658,4,0,0,3,0
1637,a,0.9264095979537544,1637,3,0.9188029094306299,4,0,0,2,0
1638,a,0.9240757383728446,1638,4,0.919318553569963,4,0,0,2,1
1639,a,0.8877927856999857,1639,6,0.8877927856999857,4,1,0,3,1
1640,a,0.9264095979537544,1640,3,0.9179787909640251,4,0,0,2,0
1641,a,0.9022808072056936,1641,6,0.9022808072056936,4,0,0,4,1
1642,a,0.9264095979537544,1642,3,0.9176759919320001,4,0,0,2,0
1643,a,0.9101916156775305,1643,4,0.9074022947832888,4,0,0,3,0
1644,a,0.9240757383728446,1644,4,0.9179540467298087,4,0,0,2,1
1645,a,0.9264095979537543,1645,3,0.917959287347116,4,0,0,2,0
1646,a,0.9101916156775305,1646,4,0.9077122193270935,4,0,0,3,0
1647,a,0.9183230571463344,1647,5,0.9119061571700782,4,0,0,3,1
1648,a,0.9264095979537543,1648,3,0.917994167638325,4,0,0,2,0
1649,a,0.921433162078109,1649,5,0.9079770115268596,4,1,0,3,0
1650,a,0.9240757383728447,1650,4,0.9185441105534052,4,0,0,2,1
1651,a,0.361641834912018,1651,5,0.361641834912018,4,0,2,1,1
1652,a,0.9292242879486441,1652,5,0.9292242879486441,4,1,0,1,2
1653,a,0.9264095979537542,1653,3,0.9185376826531654,4,0,0,2,0
1654,a,0.931897889312023,1654,2,0.9026913035125623,4,0,0,1,0
1655,a,0.9292242879486429,1655,3,0.9004427200763719,4,0,0,1,1
1656,a,0.9101916156775305,1656,4,0.9091849774272256,4,0,0,3,0
1657,a,0.931897889312023,1657,2,0.9031398133168214,4,0,0,1,0
1658,a,0.9264095979537543,1658,3,0.8237024304377568,4,0,0,2,0
1659,a,0.9292242879486441,1659,5,0.9292242879486441,4,1,0,1,2
1660,a,0.9240757383728446,1660,5,0.9240757383728446,4,0,0,2,2
1661,a,0.9318978893120231,1661,2,0.9038229047673038,4,0,0,1,0
1662,a,0.6616299110453526,1662,5,0.6616299110453526,4,0,2,2,0
1663,a,0.9292242879486429,1663,3,0.9024276557917009,4,0,0,1,1
1664,a,0.9318978893120232,1664,2,0.9025477924294937,4,0,0,1,0
1665,a,0.9264095979537542,1665,3,0.9186783466544052,4,0,0,2,0
1666,a,0.9292242879486435,1666,6,0.9292242879486435,4,2,0,1,2
1667,a,0.9318978893120232,1667,2,0.9030768546674137,4,0,0,1,0
1668,a,0.9240757383728446,1668,5,0.9240757383728446,4,0,0,2,2
1669,a,0.9318978893120233,1669,2,0.9034024750487865,4,0,0,1,0
1670,a,0.9292242879486428,1670,3,0.9041564707695681,4,0,0,1,1
1671,a,0.9101916156775305,1671,5,0.9101916156775305,4,0,0,3,1
1672,a,0.9318978893120233,1672,2,0.9037941825346314,4,0,0,1,0
1673,a,0.9292242879486435,1673,6,0.9292242879486435,4,2,0,1,2
1674,a,0.9318978893120234,1674,2,0.9041330041307795,4,0,0,1,0
1675,a,0.9264095979537542,1675,3,0.9187973700400698,4,0,0,2,0
1676,a,0.9292242879486428,1676,3,0.9056757324167847,4,0,0,1,1
1677,a,0.9318978893120234,1677,2,0.9045996672538978,4,0,0,1,0
1678,a,0.926384816296207,1678,4,0.926384816296207,4,0,1,2,0
1679,a,0.9292242879486441,1679,5,0.9292242879486439,4,1,0,1,2
1680,a,0.9318978893120236,1680,2,0.9050491062282586,4,0,0,1,0
1681,a,0.926384816296207,1681,4,0.926384816296207,4,0,1,2,0
1682,a,0.9292242879486428,1682,3,0.9070213641614623,4,0,0,1,1
1683,a,0.9318978893120236,1683,2,0.9054823976945585,4,0,0,1,0
1684,a,0.9263848162962075,1684,5,0.9263848162962075,4,1,1,2,0
1685,a,0.9264686364665307,1685,7,0.9264686364665307,4,2,0,2,2
1686,a,0.9318978893120237,1686,2,0.9058841868062707,4,0,0,1,0
1687,a,0.9263848162962075,1687,5,0.9263848162962075,4,1,1,2,0
1688,a,0.9318978893120237,1688,2,0.9061546189690363,4,0,0,1,0
1689,a,0.9292242879486428,1689,3,0.9081470451369285,4,0,0,1,1
1690,a,0.8223796587280027,1690,6,0.8223796587280027,4,1,2,2,0
1691,a,0.9318978893120237,1691,2,0.9059548359923594,4,0,0,1,0
1692,a,0.11256203620367547,1692,7,0.11256203620367547,4,0,1,2,3
1693,a,0.9130596440243908,1693,5,0.9130596440243908,4,0,0,2,2
1694,a,0.9318978893120238,1694,2,0.9016832352146236,4,0,0,1,0
1695,a,0.9318978893120238,1695,2,0.9018520321648883,4,0,0,1,0
1696,a,0.9264095979537543,1696,3,0.819744740312663,4,0,0,2,0
1697,a,0.9318978893120226,1697,3,0.8849740402132438,4,0,0,1,1
1698,a,0.9264095979537542,1698,3,0.8264112939152312,4,0,0,2,0
1699,a,0.9318978893120239,1699,2,0.9024487908855001,4,0,0,1,0
1700,a,0.9263848162962068,1700,4,0.9090506233681732,4,0,1,2,0
1701,a,0.9264095979537542,1701,3,0.8322935470939677,4,0,0,2,0
1702,a,0.9130596440243908,1702,5,0.9130596440243908,4,0,0,2,2
1703,a,0.9318978893120239,1703,2,0.9029191480194273,4,0,0,1,0
1704,a,0.9264095979537542,1704,3,0.8375222165861781,4,0,0,2,0
1705,a,0.926384816296207,1705,4,0.9115269366436066,4,0,1,2,0
1706,a,0.9264095979537541,1706,3,0.8422004998160506,4,0,0,2,0
1707,a,0.9318978893120239,1707,2,0.9034396993777415,4,0,0,1,0
1708,a,0.9318978893120226,1708,3,0.8873936999845317,4,0,0,1,1
1709,a,0.8223796587280027,1709,6,0.8223796587280027,4,1,2,2,0
1710,a,0.9264095979537541,1710,3,0.8464109547229357,4,0,0,2,0
1711,a,0.931897889312024,1711,2,0.9034336800843815,4,0,0,1,0
1712,a,0.9318978893120226,1712,3,0.8887844559010157,4,0,0,1,1
1713,a,0.9264095979537541,1713,3,0.8502204139244033,4,0,0,2,0
1714,a,0.931897889312024,1714,2,0.9038372373385464,4,0,0,1,0
1715,a,0.9130596440243922,1715,6,0.9130596440243922,4,1,0,2,2
1716,a,0.9264095979537541,1716,3,0.8536835586530102,4,0,0,2,0
1717,a,0.931897889312024,1717,2,0.9041350254941409,4,0,0,1,0
1718,a,0.926409597953754,1718,3,0.8568455603617381,4,0,0,2,0
1719,a,0.926384816296207,1719,4,0.9032725590588284,4,0,1,2,0
1720,a,0.9318978893120226,1720,3,0.8907664741814388,4,0,0,1,1
1721,a,0.931897889312024,1721,2,0.9046230747180308,4,0,0,1,0
1722,a,0.926409597953754,1722,3,0.8597440619280721,4,0,0,2,0
1723,a,0.9318978893120241,1723,2,0.904860086011894,4,0,0,1,0
1724,a,0.9263848162962071,1724,4,0.9055837847825663,4,0,1,2,0
1725,a,0.9130596440243922,1725,6,0.9130596440243922,4,1,0,2,2
1726,a,0.926409597953754,1726,3,0.8624106833690993,4,0,0,2,0
1727,a,0.9318978893120241,1727,2,0.9052312310523624,4,0,0,1,0
1728,a,0.9263848162962075,1728,5,0.8847827532689255,4,1,1,2,0
1729,a,0.9318978893120227,1729,3,0.8925282682084816,4,0,0,1,1
1730,a,0.9318978893120241,1730,2,0.9055793006867695,4,0,0,1,0
1731,a,0.9318978893120221,1731,3,0.9318978893120221,4,1,0,1,0
1732,a,0.9318978893120221,1732,3,0.9318978893120221,4,1,0,1,0
1733,a,0.9260965125738887,1733,4,0.9260965125738887,4,1,0,2,0
1734,a,0.9260965125738887,1734,4,0.9260965125738887,4,1,0,2,0
1735,a,0.9318978893120221,1735,3,0.9295773386167688,4,1,0,1,0
1736,a,0.9260965125738887,1736,5,0.9260965125738887,4,1,0,2,1
1737,a,0.9318978893120221,1737,3,0.9294115849956793,4,1,0,1,0
1738,a,0.9260965125738887,1738,5,0.9260965125738887,4,1,0,2,1
1739,a,0.9318978893120221,1739,3,0.9293194996506295,4,1,0,1,0
1740,a,0.9260965125738888,1740,4,0.9260965125738887,4,1,0,2,0
1741,a,0.9318978893120221,1741,3,0.9292608998855979,4,1,0,1,0
1742,a,0.9318978893120242,1742,4,0.9318978893120242,4,2,0,1,0
1743,a,0.9318978893120242,1743,4,0.9318978893120242,4,2,0,1,0
1744,a,0.9260965125738908,1744,5,0.9260965125738908,4,2,0,2,0
1745,a,0.9260965125738908,1745,5,0.9260965125738908,4,2,0,2,0
1746,a,0.9318978893120242,1746,4,0.9295773386167708,4,2,0,1,0
1747,a,0.1487994332801047,1747,6,0.1487994332801047,4,2,1,2,0
1748,a,0.9206423876690298,1748,6,0.9206423876690298,4,1,0,2,2
1749,a,0.9318978893120222,1749,3,0.8879524369519257,4,1,0,1,0
1750,a,0.9260965125738887,1750,4,0.9253173518731945,4,1,0,2,0
1751,a,0.9318978893120222,1751,3,0.8918614620939286,4,1,0,1,0
1752,a,0.9206423876690298,1752,6,0.9206423876690298,4,1,0,2,2
1753,a,0.9318978893120222,1753,3,0.894853520911024,4,1,0,1,0
1754,a,0.9260965125738887,1754,4,0.9248844848172535,4,1,0,2,0
1755,a,0.9318978893120222,1755,3,0.8975850153135785,4,1,0,1,0
1756,a,0.9260965125738888,1756,5,0.9239148626119451,4,1,0,2,1
1757,a,0.9318978893120223,1757,3,0.8999118438787176,4,1,0,1,0
1758,a,0.9260965125738886,1758,4,0.925104853500278,4,1,0,2,0
1759,a,0.9318978893120223,1759,3,0.9019177305728029,4,1,0,1,0
1760,a,0.076350967675341,1760,5,0.076350967675341,4,1,1,2,0
1761,a,0.6616299110453526,1761,5,0.6616299110453526,4,0,2,2,0
1762,a,0.09136811226499275,1762,5,0.09136811226499275,4,0,2,2,0
1763,a,0.9038334389476929,1763,7,0.9038334389476929,4,1,0,2,3
1764,a,0.9318978893120242,1764,2,0.8976397776323594,4,0,0,1,0
1765,a,0.9318978893120242,1765,2,0.8977773604101893,4,0,0,1,0
1766,a,0.9318978893120227,1766,3,0.8938618153622384,4,0,0,1,1
1767,a,0.9318978893120242,1767,2,0.8980492371345066,4,0,0,1,0
1768,a,0.9318978893120227,1768,3,0.8948370993096688,4,0,0,1,1
1769,a,0.9318978893120223,1769,3,0.8762536465676983,4,1,0,1,0
1770,a,0.9318978893120241,1770,2,0.8984490243649496,4,0,0,1,0
1771,a,0.8567696039781018,1771,4,0.8567696039781018,4,0,1,1,1
1772,a,0.9318978893120223,1772,3,0.8779925291534585,4,1,0,1,0
1773,a,0.9318978893120242,1773,2,0.8985471500828767,4,0,0,1,0
1774,a,0.9318978893120223,1774,3,0.8796260249158392,4,1,0,1,0
1775,a,0.9318978893120242,1775,2,0.8988046847487388,4,0,0,1,0
1776,a,0.9318978893120242,1776,2,0.8989319663047514,4,0,0,1,0
1777,a,0.9318978893120223,1777,3,0.8811634326921975,4,1,0,1,0
1778,a,0.9318978893120242,1778,2,0.8991836145719824,4,0,0,1,0
1779,a,0.8567696039781018,1779,4,0.8567696039781018,4,0,1,1,1
1780,a,0.9318978893120223,1780,3,0.8826129885956211,4,1,0,1,0
1781,a,0.9318978893120242,1781,2,0.899270461888534,4,0,0,1,0
1782,a,0.9318978893120222,1782,3,0.8839820136155212,4,1,0,1,0
1783,a,0.9318978893120243,1783,2,0.8995148620939533,4,0,0,1,0
1784,a,0.9318978893120222,1784,3,0.8852770372829941,4,1,0,1,0
1785,a,0.9318978893120243,1785,2,0.8997556280955745,4,0,0,1,0
1786,a,0.9318978893120242,1786,4,0.818369145096569,4,2,0,1,0
1787,a,0.8543115445623982,1787,5,0.8543115445623982,4,0,1,1,2
1788,a,0.8776994869441388,1788,5,0.8776994869441388,4,1,1,2,0
1789,a,0.9292242879486426,1789,3,0.8882878716466326,4,0,0,1,1
1790,a,0.9318978893120243,1790,2,0.8999325845012623,4,0,0,1,0
1791,a,0.926409597953754,1791,3,0.8573446886380218,4,0,0,2,0
1792,a,0.9318978893120222,1792,3,0.8876678502075597,4,1,0,1,0
1793,a,0.9234528100305673,1793,4,0.9234528100305673,4,0,0,2,1
1794,a,0.9318978893120243,1794,2,0.9003438763734763,4,0,0,1,0
1795,a,0.926409597953754,1795,3,0.8598112925421552,4,0,0,2,0
1796,a,0.9264095979537544,1796,4,0.9264095979537544,4,1,0,2,0
1797,a,0.9318978893120243,1797,2,0.9006427530024017,4,0,0,1,0
1798,a,0.9234528100305673,1798,4,0.9234528100305673,4,0,0,2,1
1799,a,0.13356980498414295,1799,7,0.13356980498414295,4,3,1,0,2
1800,a,0.926409597953754,1800,3,0.8621077858322103,4,0,0,2,0
1801,a,0.9264095979537544,1801,4,0.9264095979537544,4,1,0,2,0
1802,a,0.9318978893120244,1802,2,0.9010145800560653,4,0,0,1,0
1803,a,0.8543115445623982,1803,5,0.8543115445623982,4,0,1,1,2
1804,a,0.8516619357145837,1804,2,0.8324744908943282,4,0,1,0,0
1805,a,0.9318978893120221,1805,6,0.9318978893120221,4,3,0,1,1
1806,a,0.9346645654712507,1806,2,0.8977700714379425,4,1,0,0,0
1807,a,0.9318978893120221,1807,4,0.9318978893120222,4,2,0,1,0
1808,a,0.9346645654712507,1808,2,0.8980432341760478,4,1,0,0,0
1809,a,0.9318978893120221,1809,5,0.9318978893120221,4,2,0,1,1
1810,a,0.9346645654712507,1810,2,0.8983122264906707,4,1,0,0,0
1811,a,0.9318978893120221,1811,4,0.9318978893120223,4,2,0,1,0
1812,a,0.9346645654712507,1812,2,0.8985771431641627,4,1,0,0,0
1813,a,0.9318978893120242,1813,5,0.9318978893120242,4,3,0,1,0
1814,a,0.9346645654712507,1814,2,0.898838076128279,4,1,0,0,0
1815,a,0.9346645654712507,1815,2,0.8989722577363052,4,1,0,0,0
1816,a,0.9318978893120242,1816,5,0.9318978893120242,4,3,0,1,0
1817,a,0.9346645654712507,1817,2,0.8992273430125529,4,1,0,0,0
1818,a,0.9260965125738908,1818,6,0.9260965125738908,4,3,0,2,0
1819,a,0.9346645654712507,1819,2,0.8994572558982357,4,1,0,0,0
1820,a,0.9260965125738908,1820,6,0.9260965125738908,4,3,0,2,0
1821,a,0.9346645654712507,1821,2,0.8996838000969487,4,1,0,0,0
1822,a,0.9346645654712508,1822,2,0.8998114671238623,4,1,0,0,0
1823,a,0.9318978893120242,1823,5,0.9295773386167708,4,3,0,1,0
1824,a,0.9346645654712508,1824,2,0.9000540016185562,4,1,0,0,0
1825,a,0.9288459652466211,1825,4,0.7679125888086876,4,2,0,1,0
1826,a,0.9318978893120221,1826,7,0.9318978893120221,4,4,0,1,1
1827,a,0.9346645654712508,1827,2,0.9003953866191806,4,1,0,0,0
1828,a,0.929159556071245,1828,4,0.7378210891393873,4,1,0,1,1
1829,a,0.9288459652466211,1829,4,0.8000992640962743,4,2,0,1,0
1830,a,0.9260965125738893,1830,7,0.9260965125738893,4,4,0,2,0
1831,a,0.9346645654712508,1831,2,0.9008094680781427,4,1,0,0,0
1832,a,0.929159556071245,1832,4,0.7760887825257587,4,1,0,1,1
1833,a,0.9346645654712508,1833,2,0.9010277318865154,4,1,0,0,0
1834,a,0.928845965246621,1834,4,0.8215570476213321,4,2,0,1,0
1835,a,0.8844625841204801,1835,2,0.8543673785651752,4,0,1,0,0
1836,a,0.9318978893120222,1836,4,0.9309818824586332,4,2,0,1,0
1837,a,0.9346645654712508,1837,2,0.9013483055822458,4,1,0,0,0
1838,a,0.929159556071245,1838,4,0.8016005781166732,4,1,0,1,1
1839,a,0.9288459652466211,1839,4,0.8368840358535162,4,2,0,1,0
1840,a,0.9318978893120221,1840,5,0.9318978893120222,4,2,0,1,1
1841,a,0.9346645654712508,1841,2,0.9017564383006436,4,1,0,0,0
1842,a,0.9318978893120221,1842,4,0.9318978893120221,4,1,0,1,1
1843,a,0.929159556071245,1843,4,0.8198232892530406,4,1,0,1,1
1844,a,0.9288459652466211,1844,4,0.8483792770276544,4,2,0,1,0
1845,a,0.9346645654712509,1845,3,0.8302555936854036,4,1,0,0,1
1846,a,0.9346645654712509,1846,3,0.8433067151586345,4,1,0,0,1
1847,a,0.9346645654712509,1847,3,0.8534575874155919,4,1,0,0,1
1848,a,0.9346645654712509,1848,3,0.8615782852211578,4,1,0,0,1
1849,a,0.9346645654712509,1849,3,0.8682224925166208,4,1,0,0,1
1850,a,0.9346645654712509,1850,4,0.9346645654712509,4,1,0,0,2
1851,a,0.9346645654712509,1851,4,0.9346645654712509,4,1,0,0,2
1852,a,0.9288459652466227,1852,5,0.9288459652466227,4,1,0,1,2
1853,a,0.9288459652466227,1853,5,0.9288459652466227,4,1,0,1,2
1854,a,0.9346645654712509,1854,4,0.9323371253813996,4,1,0,0,2
1855,a,0.5073546606512955,1855,6,0.5073546606512955,4,1,1,1,2
1856,a,0.9318978893120242,1856,5,0.9294115849956811,4,3,0,1,0
1857,a,0.9346645654712508,1857,2,0.9022536897279498,4,1,0,0,0
1858,a,0.9318978893120221,1858,4,0.9318978893120221,4,1,0,1,1
1859,a,0.929159556071245,1859,4,0.8768575105440164,4,1,0,1,1
1860,a,0.9318978893120222,1860,4,0.9311067924840956,4,2,0,1,0
1861,a,0.9346645654712501,1861,3,0.890922757534848,4,2,0,0,0
1862,a,0.9346645654712508,1862,2,0.902753742764367,4,1,0,0,0
1863,a,0.9318978893120221,1863,5,0.9318978893120221,4,1,0,1,2
1864,a,0.920642387669033,1864,5,0.920642387669033,4,1,0,3,0
1865,a,0.926409597953754,1865,3,0.864251179569595,4,0,0,2,0
1866,a,0.9346645654712502,1866,4,0.875274864748939,4,2,0,0,1
1867,a,0.9318978893120221,1867,7,0.9318978893120221,4,4,0,1,1
1868,a,0.9346645654712508,1868,2,0.9032097642087115,4,1,0,0,0
1869,a,0.9318978893120221,1869,5,0.9318978893120221,4,1,0,1,2
1870,a,0.9288459652466211,1870,4,0.8573200201630952,4,2,0,1,0
1871,a,0.0777192520621376,1871,5,0.0777192520621376,4,0,1,2,1
1872,a,0.8844625841204804,1872,3,0.8364978225608578,4,1,1,0,0
1873,a,0.9346645654712508,1873,2,0.9034864710713042,4,1,0,0,0
1874,a,0.9318978893120222,1874,4,0.8541509009754228,4,2,0,1,0
1875,a,0.9291595560712451,1875,4,0.8334903226053162,4,1,0,1,1
1876,a,0.9318978893120221,1876,4,0.9318978893120221,4,1,0,1,1
1877,a,0.9346645654712509,1877,2,0.9038484902301619,4,1,0,0,0
1878,a,0.9346645654712502,1878,3,0.8933817148600358,4,2,0,0,0
1879,a,0.9260965125738893,1879,7,0.9260965125738893,4,4,0,2,0
1880,a,0.9318978893120221,1880,6,0.9318978893120221,4,1,0,1,3
1881,a,0.9291595560712448,1881,3,0.8916979115587084,4,1,0,1,0
1882,a,0.9346645654712509,1882,2,0.9042787116651112,4,1,0,0,0
1883,a,0.9346645654712502,1883,4,0.8806739284509674,4,2,0,0,1
1884,a,0.9318978893120221,1884,4,0.9318978893120222,4,1,0,1,1
1885,a,0.9318978893120221,1885,5,0.9318978893120221,4,3,0,1,0
1886,a,0.929159556071245,1886,5,0.929159556071245,4,1,0,1,2
1887,a,0.9346645654712509,1887,2,0.9047135601444698,4,1,0,0,0
1888,a,0.928845965246621,1888,4,0.8644726146714478,4,2,0,1,0
1889,a,0.9318978893120221,1889,6,0.9318978893120221,4,1,0,1,3
1890,a,0.9318978893120222,1890,4,0.9309696690339214,4,2,0,1,0
1891,a,0.8388849935567846,1891,6,0.8388849935567846,4,1,1,2,1
1892,a,0.9346645654712509,1892,2,0.9050442066955797,4,1,0,0,0
1893,a,0.9291595560712451,1893,4,0.8441202374348639,4,1,0,1,1
1894,a,0.9346645654712503,1894,3,0.8955674547046473,4,2,0,0,0
1895,a,0.9318978893120221,1895,4,0.9318978893120222,4,1,0,1,1
1896,a,0.9346645654712509,1896,2,0.9053761637725176,4,1,0,0,0
1897,a,0.9318978893120221,1897,5,0.9318978893120221,4,3,0,1,0
1898,a,0.8844625841204801,1898,2,0.8549753625157875,4,0,1,0,0
1899,a,0.920642387669033,1899,5,0.920642387669033,4,1,0,3,0
1900,a,0.9288459652466211,1900,5,0.9288459652466211,4,2,0,1,1
1901,a,0.9318978893120221,1901,5,0.9318978893120221,4,1,0,1,2
1902,a,0.9346645654712509,1902,2,0.9057354156364594,4,1,0,0,0
1903,a,0.9318978893120221,1903,5,0.9318978893120222,4,2,0,1,1
1904,a,0.9346645654712503,1904,3,0.8968598765137291,4,2,0,0,0
1905,a,0.9346645654712509,1905,2,0.9059825355580627,4,1,0,0,0
1906,a,0.9318978893120221,1906,4,0.9318978893120223,4,1,0,1,1
1907,a,0.9291595560712448,1907,3,0.8943151228484851,4,1,0,1,0
1908,a,0.9318978893120221,1908,6,0.9318978893120221,4,3,0,1,1
1909,a,0.928845965246621,1909,4,0.8703247374510089,4,2,0,1,0
1910,a,0.9346645654712509,1910,2,0.9063493563917522,4,1,0,0,0
1911,a,0.22158632282449411,1911,5,0.22158632282449411,4,1,1,1,1
1912,a,0.8844625841204805,1912,3,0.8384164130232428,4,1,1,0,0
1913,a,0.41333328760164467,1913,3,0.41333328760164467,4,0,1,1,0
1914,a,0.88446258412048,1914,2,0.8555592678940983,4,0,1,0,0
1915,a,0.8789565080577316,1915,3,0.8490039086247808,4,0,1,1,0
1916,a,0.8463600546831173,1916,6,0.8463600546831173,4,2,1,1,1
1917,a,0.8844625841204803,1917,3,0.8844625841204803,4,0,1,0,1
1918,a,0.9346645654712508,1918,2,0.9069576890285562,4,0,0,0,1
1919,a,0.9318978893120226,1919,3,0.8951381130593069,4,0,0,1,1
1920,a,0.9318978893120227,1920,6,0.9318978893120227,4,0,0,1,4
1921,a,0.9346645654712495,1921,3,0.913806616031471,4,0,0,0,2
1922,a,0.9346645654712508,1922,2,0.907243039037912,4,0,0,0,1
1923,a,0.9236299142412197,1923,4,0.8194833727180488,4,0,0,2,1
1924,a,0.9318978893120228,1924,4,0.7275862380705164,4,0,0,1,2
1925,a,0.934664565471251,1925,3,0.8696751261506876,4,1,0,0,1
1926,a,0.9346645654712511,1926,3,0.8730956229570331,4,1,0,0,1
1927,a,0.9346645654712511,1927,3,0.8761740700827441,4,1,0,0,1
1928,a,0.9346645654712509,1928,4,0.8719578361470778,4,1,0,0,2
1929,a,0.9346645654712512,1929,3,0.8814913878453356,4,1,0,0,1
1930,a,0.9346645654712509,1930,4,0.8797961773125994,4,1,0,0,2
1931,a,0.9346645654712512,1931,3,0.8859224859808287,4,1,0,0,1
1932,a,0.9346645654712512,1932,3,0.8878721691604455,4,1,0,0,1
1933,a,0.9346645654712509,1933,4,0.8858926648857829,4,1,0,0,2
1934,a,0.9346645654712513,1934,3,0.8913382725908756,4,1,0,0,1
1935,a,0.9346645654712509,1935,4,0.8907698549443296,4,1,0,0,2
1936,a,0.9346645654712513,1936,3,0.8943262927895222,4,1,0,0,1
1937,a,0.9346645654712509,1937,4,0.8947602831740498,4,1,0,0,2
1938,a,0.9346645654712513,1938,3,0.8969287619947951,4,1,0,0,1
1939,a,0.9318978893120221,1939,4,0.7512571958062111,4,1,0,1,1
1940,a,0.9318978893120221,1940,4,0.7873853345073732,4,1,0,1,1
1941,a,0.9318978893120221,1941,4,0.811470760308148,4,1,0,1,1
1942,a,0.9288459652466227,1942,5,0.9288459652466227,4,1,0,1,2
1943,a,0.9318978893120221,1943,4,0.8286746358801301,4,1,0,1,1
1944,a,0.9346645654712513,1944,3,0.9025917218866111,4,1,0,0,1
1945,a,0.9288459652466227,1945,5,0.9288459652466227,4,1,0,1,2
1946,a,0.9318978893120222,1946,4,0.8415775425591167,4,1,0,1,1
1947,a,0.14021945130504565,1947,4,0.14021945130504565,4,1,1,0,1
1948,a,0.8844625841204803,1948,3,0.8844625841204803,4,0,1,0,1
1949,a,0.931696287903743,1949,5,0.9308676990892017,4,0,1,1,2
1950,a,0.9346645654712508,1950,2,0.9074921449381174,4,0,0,0,1
1951,a,0.9318978893120227,1951,4,0.7684485683188177,4,0,0,1,2
1952,a,0.9346645654712495,1952,3,0.914368175760631,4,0,0,0,2
1953,a,0.9203312513506042,1953,7,0.9203312513506042,4,2,0,3,1
1954,a,0.9346645654712508,1954,2,0.9077350884178326,4,0,0,0,1
1955,a,0.9318978893120227,1955,4,0.7956901218176852,4,0,0,1,2
1956,a,0.9291595560712466,1956,6,0.9291595560712466,4,0,0,1,4
1957,a,0.9346645654712508,1957,2,0.9079259219588878,4,0,0,0,1
1958,a,0.9288459652466221,1958,5,0.9288459652466221,4,1,0,1,2
1959,a,0.9318978893120226,1959,3,0.8968446171296074,4,0,0,1,1
1960,a,0.8516619357145838,1960,2,0.8330305966868845,4,0,1,0,0
1961,a,0.9346645654712508,1961,2,0.9081129471655542,4,0,0,0,1
1962,a,0.9318978893120226,1962,4,0.8151483743168761,4,0,0,1,2
1963,a,0.9236299142412218,1963,7,0.9236299142412218,4,1,0,2,3
1964,a,0.9288459652466226,1964,3,0.9021340867124398,4,0,0,1,1
1965,a,0.8791989643307686,1965,4,0.8791989643307686,4,0,1,1,1
1966,a,0.9236299142412197,1966,4,0.8310552106650678,4,0,0,2,1
1967,a,0.9346645654712508,1967,2,0.908376100548762,4,0,0,0,1
1968,a,0.9346645654712499,1968,4,0.8456192887583452,4,0,0,0,3
1969,a,0.9346645654712494,1969,3,0.9149841411564896,4,0,0,0,2
1970,a,0.9346645654712508,1970,2,0.9085778023256607,4,0,0,0,1
1971,a,0.9288459652466221,1971,5,0.9288459652466221,4,1,0,1,2
1972,a,0.9318978893120226,1972,4,0.8297420636912695,4,0,0,1,2
1973,a,0.9346645654712499,1973,3,0.9346645654712499,4,0,0,0,2
1974,a,0.9346645654712499,1974,3,0.9346645654712499,4,0,0,0,2
1975,a,0.9346645654712499,1975,4,0.9346645654712499,4,0,0,0,3
1976,a,0.9346645654712499,1976,4,0.9346645654712499,4,0,0,0,3
1977,a,0.9346645654712499,1977,3,0.9346645654712498,4,0,0,0,2
1978,a,0.9346645654712509,1978,5,0.9346645654712509,4,1,0,0,3
1979,a,0.9346645654712509,1979,5,0.9346645654712509,4,1,0,0,3
1980,a,0.9346645654712499,1980,3,0.9346645654712501,4,0,0,0,2
1981,a,0.9346645654712499,1981,6,0.9346645654712499,4,2,0,0,3
1982,a,0.9346645654712498,1982,3,0.93466456547125,4,0,0,0,2
1983,a,0.9346645654712499,1983,4,0.9346645654712503,4,0,0,0,3
1984,a,0.9346645654712499,1984,4,0.9346645654712499,4,0,0,0,3
1985,a,0.9346645654712499,1985,4,0.9346645654712499,4,0,0,0,3
1986,a,0.9346645654712499,1986,5,0.9346645654712499,4,0,0,0,4
1987,a,0.9346645654712499,1987,5,0.9346645654712499,4,0,0,0,4
1988,a,0.9346645654712499,1988,4,0.9346645654712498,4,0,0,0,3
1989,a,0.9346645654712499,1989,3,0.93466456547125,4,0,0,0,2
1990,a,0.9346645654712509,1990,6,0.9346645654712509,4,1,0,0,4
1991,a,0.9346645654712499,1991,6,0.9346645654712499,4,2,0,0,3
1992,a,0.9346645654712499,1992,3,0.9346645654712498,4,0,0,0,2
1993,a,0.9346645654712509,1993,6,0.9346645654712509,4,1,0,0,4
1994,a,0.9346645654712499,1994,4,0.9346645654712502,4,0,0,0,3
1995,a,0.9346645654712499,1995,4,0.9346645654712501,4,0,0,0,3
1996,a,0.9346645654712499,1996,3,0.9346645654712497,4,0,0,0,2
1997,a,0.9346645654712509,1997,5,0.9346645654712505,4,1,0,0,3
1998,a,0.9346645654712509,1998,7,0.9346645654712509,4,2,0,0,4
1999,a,0.8791989643307686,1999,4,0.8791989643307686,4,0,1,1,1
2000,a,0.9346645654712498,2000,3,0.9346645654712498,4,0,0,0,2
2001,a,0.9346645654712498,2001,4,0.9346645654712502,4,0,0,0,3
2002,a,0.9346645654712498,2002,4,0.9346645654712502,4,0,0,0,3
2003,a,0.9346645654712498,2003,3,0.9346645654712497,4,0,0,0,2
2004,a,0.9288459652466201,2004,7,0.9288459652466201,4,2,0,1,3
2005,a,0.9346645654712499,2005,5,0.9346645654712504,4,0,0,0,4
2006,a,0.9346645654712499,2006,3,0.9344882442523214,4,0,0,0,2
2007,a,0.9291595560712466,2007,5,0.9291595560712466,4,0,0,1,3
2008,a,0.9346645654712499,2008,3,0.9343410337676886,4,0,0,0,2
2009,a,0.9346645654712509,2009,5,0.9346645654712509,4,1,0,0,3
2010,a,0.9346645654712499,2010,3,0.9343585219678812,4,0,0,0,2
2011,a,0.9291595560712466,2011,5,0.9291595560712466,4,0,0,1,3
2012,a,0.9346645654712509,2012,5,0.9346645654712509,4,1,0,0,3
2013,a,0.9346645654712499,2013,4,0.9346645654712499,4,0,0,0,3
2014,a,0.9346645654712499,2014,4,0.9346645654712499,4,0,0,0,3
2015,a,0.9346645654712499,2015,5,0.9346645654712499,4,0,0,0,4
2016,a,0.9346645654712499,2016,5,0.9346645654712499,4,0,0,0,4
2017,a,0.9346645654712499,2017,4,0.9346645654712498,4,0,0,0,3
2018,a,0.9291595560712466,2018,6,0.9291595560712466,4,0,0,1,4
2019,a,0.9346645654712499,2019,4,0.9338781355569636,4,0,0,0,3
2020,a,0.9291595560712466,2020,6,0.9291595560712466,4,0,0,1,4
2021,a,0.9346645654712498,2021,4,0.9334412300490267,4,0,0,0,3
2022,a,0.9346645654712499,2022,5,0.9324625617112485,4,0,0,0,4
2023,a,0.8516619357145838,2023,3,0.8488406374548766,4,0,1,0,1
2024,a,0.9346645654712499,2024,4,0.9336636546712491,4,0,0,0,3
2025,a,0.14280600421020867,2025,5,0.14280600421020867,4,0,1,0,3
2026,a,0.8844625841204804,2026,3,0.8823571362045957,4,0,1,0,1
2027,a,0.9310136438861095,2027,7,0.9310136438861095,4,4,0,1,1
2028,a,0.9346645654712492,2028,3,0.8739594051122983,4,2,0,0,0
2029,a,0.934664565471251,2029,2,0.8988866359933787,4,1,0,0,0
2030,a,0.9310136438861095,2030,7,0.9310136438861095,4,4,0,1,1
2031,a,0.934664565471251,2031,2,0.8991199862936212,4,1,0,0,0
2032,a,0.9346645654712492,2032,3,0.8766357550925885,4,2,0,0,0
2033,a,0.9291595560712461,2033,4,0.8774783063245974,4,2,0,1,0
2034,a,0.934664565471251,2034,2,0.899463961559379,4,1,0,0,0
2035,a,0.9346645654712498,2035,4,0.8670137504909017,4,1,0,0,2
2036,a,0.9346645654712492,2036,3,0.8790390727307912,4,2,0,0,0
2037,a,0.934664565471251,2037,2,0.8998195232150542,4,1,0,0,0
2038,a,0.9346645654712499,2038,4,0.8731638245800242,4,1,0,0,2
2039,a,0.9346645654712492,2039,3,0.8802225938529287,4,2,0,0,0
2040,a,0.934664565471251,2040,2,0.9001679736376159,4,1,0,0,0
2041,a,0.9346645654712499,2041,5,0.9346645654712499,4,1,0,0,3
2042,a,0.929159556071246,2042,5,0.929623078024962,4,3,0,1,0
2043,a,0.934664565471251,2043,2,0.9004913557039553,4,1,0,0,0
2044,a,0.9346645654712499,2044,5,0.9346645654712499,4,1,0,0,3
2045,a,0.9346645654712491,2045,3,0.8823323680128601,4,2,0,0,0
2046,a,0.934664565471251,2046,2,0.9008263871722618,4,1,0,0,0
2047,a,0.9318978893120237,2047,6,0.9318978893120237,4,1,0,1,3
2048,a,0.9291595560712461,2048,4,0.8835584533536149,4,2,0,1,0
2049,a,0.934664565471251,2049,2,0.901128143966235,4,1,0,0,0
2050,a,0.9318978893120237,2050,6,0.9318978893120237,4,1,0,1,3
2051,a,0.9346645654712491,2051,3,0.8842766696896597,4,2,0,0,0
2052,a,0.934664565471251,2052,2,0.9014417420058368,4,1,0,0,0
2053,a,0.9346645654712499,2053,5,0.9335578950075594,4,1,0,0,3
2054,a,0.9310136438861084,2054,8,0.9310136438861084,4,5,0,1,1
2055,a,0.934664565471251,2055,2,0.9017465596211099,4,1,0,0,0
2056,a,0.721881585476361,2056,7,0.721881585476361,4,1,1,1,3
2057,a,0.8636468162039128,2057,5,0.8636468162039128,4,0,1,2,1
2058,a,0.929159556071245,2058,5,0.929159556071245,4,1,0,1,2
2059,a,0.9318978893120242,2059,5,0.9293194996506311,4,3,0,1,0
2060,a,0.9346645654712509,2060,2,0.9046069807702966,4,1,0,0,0
2061,a,0.9288459652466211,2061,5,0.9288459652466211,4,2,0,1,1
2062,a,0.929159556071245,2062,4,0.8526241692985019,4,1,0,1,1
2063,a,0.9318978893120221,2063,6,0.9318978893120221,4,3,0,1,1
2064,a,0.9346645654712509,2064,2,0.9049076608071802,4,1,0,0,0
2065,a,0.9346645654712504,2065,3,0.8985849081480225,4,2,0,0,0
2066,c,0.920642387669033,2066,6,0.920642387669033,4,1,0,3,0
2067,a,0.9346645654712509,2067,2,0.9051190330998486,4,1,0,0,0
2068,a,0.9346645654712492,2068,3,0.9103019542071465,4,2,0,0,0
2069,a,0.9288459652466211,2069,5,0.9288459652466211,4,3,0,1,0
2070,a,0.9346645654712509,2070,2,0.9053497238989838,4,1,0,0,0
2071,a,0.9318978893120222,2071,4,0.9310691212065751,4,2,0,1,0
2072,a,0.9291595560712448,2072,3,0.896571339477603,4,1,0,1,0
2073,a,0.9346645654712509,2073,2,0.9055698146148886,4,1,0,0,0
2074,d,0.9288459652466221,2074,6,0.9288459652466221,4,1,0,1,1
2075,a,0.9318978893120221,2075,5,0.9318978893120221,4,3,0,1,0
2076,c,0.929159556071246,2076,6,0.929159556071246,4,1,0,1,2
2077,a,0.9346645654712509,2077,2,0.905849291985494,4,1,0,0,0
2078,a,0.9346645654712504,2078,3,0.9001430012370617,4,2,0,0,0
2079,a,0.9346645654712492,2079,3,0.9112026806267981,4,2,0,0,0
2080,a,0.934664565471251,2080,2,0.9060835625016381,4,1,0,0,0
2081,a,0.929159556071245,2081,4,0.8595819317323876,4,1,0,1,1
2082,a,0.9288459652466211,2082,5,0.9288459652466211,4,3,0,1,0
2083,a,0.9318978893120221,2083,6,0.9318978893120221,4,3,0,1,1
2084,a,0.934664565471251,2084,2,0.906352285627897,4,1,0,0,0
2085,a,0.8441400483178277,2085,4,0.8544506853997574,4,0,1,2,0
2086,c,0.920642387669033,2086,6,0.920642387669033,4,1,0,3,0
2087,d,0.9288459652466221,2087,6,0.9288459652466221,4,1,0,1,1
2088,a,0.934664565471251,2088,2,0.9065254134510439,4,1,0,0,0
2089,a,0.9346645654712491,2089,3,0.9117761493739368,4,2,0,0,0
2090,a,0.934664565471251,2090,2,0.906674297853267,4,1,0,0,0
2091,a,0.9346645654712505,2091,3,0.9015572703486511,4,2,0,0,0
2092,a,0.9318978893120242,2092,7,0.9318978893120242,4,4,0,1,1
2093,a,0.9291595560712448,2093,3,0.8985364313803831,4,1,0,1,0
2094,a,0.934664565471251,2094,2,0.9069457360336667,4,1,0,0,0
2095,a,0.9288459652466227,2095,6,0.9288459652466227,4,4,0,1,0
2096,c,0.41515677348006264,2096,4,0.41515677348006264,4,0,1,1,0
2097,a,0.8844625841204803,2097,3,0.879985011621053,4,0,1,0,1
2098,a,0.9260965125738908,2098,6,0.9260965125738903,4,3,0,2,0
2099,c,0.929159556071246,2099,6,0.929159556071246,4,1,0,1,2
2100,a,0.934664565471251,2100,2,0.9071814449850354,4,1,0,0,0
2101,a,0.9346645654712505,2101,3,0.9024587030355253,4,2,0,0,0
2102,a,0.9346645654712491,2102,3,0.9124927808643788,4,2,0,0,0
2103,a,0.4150655141941977,2103,5,0.4150655141941977,4,1,1,1,1
2104,a,0.6721308512416314,2104,2,0.6188558714450376,4,0,1,0,0
2105,a,0.9346645654712491,2105,3,0.8861092144062266,4,2,0,0,0
2106,a,0.934664565471251,2106,2,0.9013879779782027,4,1,0,0,0
2107,a,0.929159556071246,2107,4,0.8884561529983583,4,2,0,1,0
2108,a,0.934664565471251,2108,2,0.9015787534956591,4,1,0,0,0
2109,a,0.934664565471251,2109,2,0.9016818245610035,4,1,0,0,0
2110,a,0.9346645654712491,2110,3,0.8877747724558638,4,2,0,0,0
2111,a,0.934664565471251,2111,2,0.9018860520588996,4,1,0,0,0
2112,a,0.929159556071246,2112,5,0.9297157824157051,4,3,0,1,0
2113,a,0.934664565471251,2113,2,0.9020708274971293,4,1,0,0,0
2114,a,0.9346645654712491,2114,3,0.8893234492388598,4,2,0,0,0
2115,a,0.934664565471251,2115,2,0.9022701775764815,4,1,0,0,0
2116,a,0.9346645654712492,2116,3,0.8901051926221769,4,2,0,0,0
2117,a,0.934664565471251,2117,2,0.9024671039466623,4,1,0,0,0
2118,a,0.929159556071246,2118,4,0.8923326675767285,4,2,0,1,0
2119,a,0.9288459652466228,2119,4,0.9280574592255576,4,1,0,1,1
2120,a,0.934664565471251,2120,2,0.9027239376061476,4,1,0,0,0
2121,a,0.9346645654712493,2121,3,0.8914987548938126,4,2,0,0,0
2122,s,0.04356674411987299,2122,5,0.04356674411987299,4,0,1,0,2
2123,a,0.9318978893120244,2123,2,0.8981891632632392,4,0,0,1,0
2124,a,0.9206423876690308,2124,5,0.9206423876690308,4,1,0,3,0
2125,a,0.9264095979537539,2125,3,0.8662562898400518,4,0,0,2,0
2126,a,0.8636468162039128,2126,5,0.8636468162039128,4,0,1,2,1
2127,a,0.9318978893120244,2127,2,0.8984791370953529,4,0,0,1,0
2128,a,0.9264095979537539,2128,3,0.8681360807186049,4,0,0,2,0
2129,a,0.9206423876690308,2129,5,0.9206423876690308,4,1,0,3,0
2130,a,0.9318978893120244,2130,2,0.8987631930941582,4,0,0,1,0
2131,a,0.9264095979537539,2131,3,0.8699019448772458,4,0,0,2,0
2132,a,0.8567696039781018,2132,4,0.8557863802118204,4,0,1,1,1
2133,a,0.9318978893120244,2133,2,0.8988264507101899,4,0,0,1,0
2134,a,0.9264095979537544,2134,4,0.924102713839865,4,1,0,2,0
2135,a,0.9264095979537539,2135,3,0.8715639346736137,4,0,0,2,0
2136,a,0.8516619357145838,2136,2,0.8336842741150782,4,0,1,0,0
2137,a,0.9318978893120244,2137,2,0.899120576487153,4,0,0,1,0
2138,a,0.914911080201529,2138,6,0.914911080201529,4,1,0,4,0
2139,a,0.9318978893120246,2139,2,0.8992813970717202,4,0,0,1,0
2140,a,0.9264095979537539,2140,3,0.8731309536244748,4,0,0,2,0
2141,a,0.8844625841204803,2141,3,0.878667164630196,4,0,1,0,1
2142,a,0.9318978893120246,2142,2,0.8994779256675174,4,0,0,1,0
2143,a,0.9264095979537544,2143,4,0.9231191781935155,4,1,0,2,0
2144,a,0.9264095979537539,2144,3,0.8746109159669548,4,0,0,2,0
2145,s,0.5668692631315352,2145,6,0.5668692631315352,3,0,2,1,2
2146,a,0.8791989643307686,2146,4,0.8729781050800263,4,0,1,1,1
2147,a,0.8844625841204802,2147,3,0.8792423663748195,4,0,1,0,1
2148,c,0.9268946917738939,2148,6,0.9268946917738939,4,1,1,1,1
2149,c,0.9268946917738939,2149,6,0.9268946917738939,4,1,1,1,1
2150,a,0.8516619357145837,2150,4,0.8692429826453516,4,1,1,0,1
2151,a,0.8467047805416036,2151,6,0.8467047805416036,4,1,1,1,2
2152,a,0.9346645654712499,2152,3,0.9189011577965255,4,0,0,0,2
2153,a,0.9288459652466227,2153,6,0.9288459652466227,4,1,0,1,3
2154,d,0.09409748143161593,2154,6,0.09409748143161593,3,0,0,1,3
2155,s,0.9272217022346666,2155,2,0.9272217022346666,3,0,1,0,0
2156,s,0.9272217022346666,2156,2,0.9272217022346666,3,0,1,0,0
2157,a,0.07090960108676155,2157,3,0.07090960108676155,3,0,2,0,0
2158,s,0.9272217022346666,2158,2,0.7131436769476903,3,0,1,0,0
2159,s,0.9272217022346666,2159,2,0.7559592820050856,3,0,1,0,0
2160,s,0.9272217022346666,2160,2,0.7845030187100157,3,0,1,0,0
2161,s,0.9272217022346666,2161,2,0.8048914020706801,3,0,1,0,0
2162,s,0.9272217022346665,2162,2,0.8201826895911783,3,0,1,0,0
2163,s,0.9272217022346665,2163,2,0.8320759132182326,3,0,1,0,0
2164,s,0.9272217022346665,2164,2,0.8415904921198759,3,0,1,0,0
2165,s,0.9272217022346665,2165,2,0.8493751475848569,3,0,1,0,0
2166,a,0.9244941808911978,2166,3,0.9244941808911978,3,0,1,1,0
2167,a,0.9244941808911978,2167,3,0.9244941808911978,3,0,1,1,0
2168,c,0.8926494843029129,2168,4,0.8926494843029129,3,0,1,1,0
2169,c,0.8926494843029129,2169,4,0.8926494843029129,3,0,1,1,0
2170,a,0.9244941808911978,2170,3,0.9117563022558839,3,0,1,1,0
2171,c,0.8926494843029129,2171,5,0.8926494843029129,3,0,1,1,0
2172,a,0.9244941808911978,2172,3,0.910846453781933,3,0,1,1,0
2173,c,0.8926494843029129,2173,5,0.8926494843029129,3,0,1,1,0
2174,a,0.9244941808911978,2174,3,0.9103409824075156,3,0,1,1,0
2175,s,0.9272217022346664,2175,2,0.8792103413017018,3,0,1,0,0
2176,a,0.9244941808911978,2176,3,0.9117563022558839,3,0,1,1,0
2177,s,0.9272217022346664,2177,2,0.8832666543678959,3,0,1,0,0
2178,c,0.8926494843029129,2178,4,0.8926494843029129,3,0,1,1,0
2179,s,0.9272217022346664,2179,2,0.8854001694799675,3,0,1,0,0
2180,a,0.915884687642321,2180,4,0.915884687642321,3,0,1,1,1
2181,s,0.9272217022346664,2181,2,0.8880781713657844,3,0,1,0,0
2182,s,0.9272217022346664,2182,2,0.8894761546111016,3,0,1,0,0
2183,a,0.915884687642321,2183,4,0.915884687642321,3,0,1,1,1
2184,s,0.9272217022346664,2184,2,0.8916146239662611,3,0,1,0,0
2185,a,0.9062241471133273,2185,5,0.9062241471133273,3,0,1,1,2
2186,s,0.9272217022346664,2186,2,0.8931838927604947,3,0,1,0,0
2187,a,0.9062241471133273,2187,5,0.9062241471133273,3,0,1,1,2
2188,s,0.9272217022346665,2188,2,0.8945685416965832,3,0,1,0,0
2189,s,0.9272217022346666,2189,2,0.8955014891405284,3,0,1,0,0
2190,a,0.915884687642321,2190,4,0.9120204714307235,3,0,1,1,1
2191,s,0.9272217022346666,2191,2,0.8969096894539319,3,0,1,0,0
2192,c,0.9062241471133273,2192,6,0.9062241471133273,3,0,1,1,2
2193,s,0.9272217022346667,2193,2,0.8979257527985507,3,0,1,0,0
2194,a,0.9272217022346677,2194,3,0.9272217022346677,3,1,1,0,0
2195,a,0.9272217022346677,2195,3,0.9272217022346677,3,1,1,0,0
2196,a,0.9272217022346677,2196,4,0.9272217022346677,3,2,1,0,0
2197,a,0.9272217022346677,2197,4,0.9272217022346677,3,2,1,0,0
2198,a,0.9272217022346677,2198,3,0.9272217022346677,3,1,1,0,0
2199,d,0.28561704562503687,2199,5,0.28561704562503687,2,2,1,0,0
2200,a,0.9272217022346677,2200,3,0.8355638941475776,3,1,1,0,0
2201,a,0.9272217022346677,2201,3,0.8470211201584639,3,1,1,0,0
2202,a,0.9272217022346677,2202,3,0.8559322959447088,3,1,1,0,0
2203,a,0.9272217022346678,2203,3,0.8630612365737047,3,1,1,0,0
2204,a,0.9272217022346678,2204,3,0.8688940061792468,3,1,1,0,0
2205,a,0.17546272218510311,2205,4,0.17546272218510311,3,1,2,0,0
2206,a,0.924494180891198,2206,3,0.9111685106677722,3,0,1,1,0
2207,s,0.9272217022346667,2207,2,0.8793229628759652,3,0,1,0,0
2208,a,0.8926494843029129,2208,6,0.8926494843029129,3,0,1,1,1
2209,s,0.9272217022346668,2209,2,0.8804361494357044,3,0,1,0,0
2210,s,0.9272217022346668,2210,2,0.8812716057356859,3,0,1,0,0
2211,a,0.915884687642321,2211,4,0.911744455987038,3,0,1,1,1
2212,s,0.9272217022346669,2212,2,0.8826606260530241,3,0,1,0,0
2213,a,0.924494180891198,2213,3,0.9111457878503014,3,0,1,1,0
2214,s,0.9272217022346669,2214,2,0.884100536570021,3,0,1,0,0
2215,c,0.8926494843029129,2215,4,0.8926494843029129,3,0,1,1,0
2216,s,0.927221702234667,2216,2,0.8849339254957878,3,0,1,0,0
2217,s,0.927221702234667,2217,2,0.8856051600471986,3,0,1,0,0
2218,c,0.9062241471133273,2218,6,0.9062241471133273,3,0,1,1,2
2219,s,0.927221702234667,2219,2,0.8865626297280231,3,0,1,0,0
2220,a,0.924494180891198,2220,3,0.9107262232151571,3,0,1,1,0
2221,s,0.927221702234667,2221,2,0.8877356241111548,3,0,1,0,0
2222,a,0.915884687642321,2222,4,0.9115911140738794,3,0,1,1,1
2223,s,0.9272217022346672,2223,2,0.8887158435554254,3,0,1,0,0
2224,a,0.8926494843029129,2224,6,0.8926494843029129,3,0,1,1,1
2225,s,0.9272217022346672,2225,2,0.889313582983971,3,0,1,0,0
2226,s,0.9272217022346672,2226,2,0.8898400846402306,3,0,1,0,0
2227,a,0.924494180891198,2227,3,0.9107576929629706,3,0,1,1,0
2228,s,0.9272217022346672,2228,2,0.890813540232736,3,0,1,0,0
2229,a,0.9244941808911981,2229,3,0.9112482818175501,3,0,1,1,0
2230,s,0.9272217022346673,2230,2,0.8917357613203727,3,0,1,0,0
2231,a,0.9062241471133273,2231,5,0.9062241471133273,3,0,1,1,2
2232,s,0.9272217022346673,2232,2,0.8923764578166193,3,0,1,0,0
2233,s,0.9272217022346673,2233,2,0.8928175368598856,3,0,1,0,0
2234,c,0.8926494843029129,2234,4,0.8926494843029129,3,0,1,1,0
2235,s,0.9272217022346673,2235,2,0.8932402049193646,3,0,1,0,0
2236,a,0.9244941808911981,2236,3,0.910913538812866,3,0,1,1,0
2237,s,0.9272217022346673,2237,2,0.8940261744770409,3,0,1,0,0
2238,a,0.915884687642321,2238,4,0.9114935328564148,3,0,1,1,1
2239,s,0.9272217022346674,2239,2,0.8946738690761339,3,0,1,0,0
2240,s,0.9272217022346674,2240,2,0.8950523322523958,3,0,1,0,0
2241,c,0.8926494843029129,2241,5,0.8926494843029129,3,0,1,1,0
2242,s,0.9272217022346674,2242,2,0.8953905881845864,3,0,1,0,0
2243,a,0.9244941808911981,2243,3,0.9109220016480964,3,0,1,1,0
2244,s,0.9272217022346674,2244,2,0.896067640481883,3,0,1,0,0
2245,s,0.9272217022346674,2245,2,0.8964099928088366,3,0,1,0,0
2246,c,0.7976369509877017,2246,5,0.7976369509877017,3,0,1,1,1
2247,a,0.9272217022346678,2247,3,0.8200398840301143,3,1,1,0,0
2248,a,0.9272217022346678,2248,3,0.8276957281875824,3,1,1,0,0
2249,s,0.9272217022346674,2249,2,0.8963432779294296,3,0,1,0,0
2250,a,0.9272217022346679,2250,3,0.8343307931240548,3,1,1,0,0
2251,a,0.9272217022346679,2251,3,0.8401364749434681,3,1,1,0,0
2252,s,0.9272217022346674,2252,2,0.8972885358163244,3,0,1,0,0
2253,a,0.9272217022346679,2253,3,0.8452591353723622,3,1,1,0,0
2254,s,0.9272217022346675,2254,2,0.8978871991446912,3,0,1,0,0
2255,a,0.9272217022346679,2255,3,0.849812611309157,3,1,1,0,0
2256,a,0.9244941808911981,2256,3,0.9081521996642827,3,0,1,1,0
2257,a,0.9272217022346677,2257,3,0.9272217022346677,3,1,1,0,0
2258,a,0.9272217022346677,2258,3,0.9272217022346677,3,1,1,0,0
2259,c,0.9272217022346662,2259,4,0.9272217022346662,3,1,1,0,0
2260,c,0.9272217022346662,2260,4,0.9272217022346662,3,1,1,0,0
2261,a,0.9272217022346677,2261,3,0.9272217022346672,3,1,1,0,0
2262,a,0.9272217022346662,2262,5,0.9272217022346662,3,1,1,0,1
2263,a,0.9272217022346677,2263,3,0.9272217022346672,3,1,1,0,0
2264,a,0.9272217022346662,2264,5,0.9272217022346662,3,1,1,0,1
2265,a,0.9272217022346677,2265,3,0.927221702234667,3,1,1,0,0
2266,c,0.9272217022346662,2266,4,0.927221702234666,3,1,1,0,0
2267,a,0.9272217022346677,2267,3,0.927221702234667,3,1,1,0,0
2268,c,0.9272217022346677,2268,4,0.9272217022346677,3,1,1,0,0
2269,c,0.9272217022346677,2269,4,0.9272217022346677,3,1,1,0,0
2270,s,0.26565346544310287,2270,5,0.26565346544310287,2,1,1,1,0
2271,c,0.9340546120591506,2271,6,0.9340546120591506,3,1,1,0,1
2272,c,0.9340546120591506,2272,6,0.9340546120591506,3,1,1,0,1
2273,a,0.9272217022346678,2273,3,0.8891097953439262,3,1,1,0,0
2274,c,0.9272217022346662,2274,4,0.9289299296907872,3,1,1,0,0
2275,a,0.9272217022346678,2275,3,0.8931215750166357,3,1,1,0,0
2276,s,0.41493656343447627,2276,7,0.41493656343447627,3,2,0,0,1
2277,a,0.9272217022346678,2277,3,0.8719746757612011,3,1,1,0,0
2278,a,0.9272217022346678,2278,3,0.8744859042372678,3,1,1,0,0
2279,a,0.9272217022346679,2279,3,0.8767787650197635,3,1,1,0,0
2280,a,0.9272217022346679,2280,3,0.8788805540703845,3,1,1,0,0
2281,a,0.9272217022346679,2281,3,0.8808141999969559,3,1,1,0,0
2282,a,0.9272217022346679,2282,3,0.853886773989447,3,1,1,0,0
2283,a,0.9272217022346679,2283,3,0.8825991039291755,3,1,1,0,0
2284,a,0.9272217022346677,2284,4,0.76682053808226,3,2,1,0,0
2285,s,0.9272217022346675,2285,2,0.8959517374538732,3,0,1,0,0
2286,c,0.9272217022346677,2286,4,0.7618296430367765,3,1,1,0,0
2287,c,0.8926494843029129,2287,4,0.8926494843029129,3,0,1,1,0
2288,a,0.9272217022346677,2288,4,0.7989007709127416,3,2,1,0,0
2289,s,0.9272217022346675,2289,2,0.8966221644256614,3,0,1,0,0
2290,c,0.9272217022346677,2290,4,0.7949080548763547,3,1,1,0,0
2291,a,0.9272217022346677,2291,4,0.8202875927997293,3,2,1,0,0
2292,s,0.9272217022346675,2292,2,0.8972873717693354,3,0,1,0,0
2293,a,0.9244941808911981,2293,3,0.9081742856081129,3,0,1,1,0
2294,a,0.9272217022346679,2294,3,0.8872152347883644,3,1,1,0,0
2295,a,0.9272217022346679,2295,3,0.8666406745538333,3,1,1,0,0
2296,s,0.9272217022346675,2296,2,0.8981113844490385,3,0,1,0,0
2297,c,0.8926494843029129,2297,5,0.8926494843029129,3,0,1,1,0
2298,c,0.9272217022346677,2298,4,0.8169603294360736,3,1,1,0,0
2299,a,0.9272217022346677,2299,4,0.8355638941475777,3,2,1,0,0
2300,s,0.9272217022346675,2300,2,0.8986721313888384,3,0,1,0,0
2301,c,0.9272217022346677,2301,4,0.832711954121587,3,1,1,0,0
2302,a,0.9272217022346679,2302,3,0.8714871567683001,3,1,1,0,0
2303,s,0.9272217022346675,2303,2,0.8992469549629156,3,0,1,0,0
2304,c,0.9244941808911978,2304,4,0.9244941808911978,3,0,1,1,0
2305,c,0.927221702234666,2305,4,0.877359770319544,3,1,1,0,0
2306,a,0.9272217022346678,2306,4,0.847021120158464,3,2,1,0,0
2307,s,0.9272217022346675,2307,2,0.8999604939677756,3,0,1,0,0
2308,c,0.9244941808911978,2308,4,0.9244941808911978,3,0,1,1,0
2309,a,0.9272217022346678,2309,3,0.8756156416176607,3,1,1,0,0
2310,a,0.9272217022346679,2310,3,0.8920645035697344,3,1,1,0,0
2311,s,0.9272217022346675,2311,2,0.9006376742972285,3,0,1,0,0
2312,a,0.8411907585173517,2312,5,0.8411907585173517,3,0,2,1,0
2313,a,0.9272217022346678,2313,4,0.8559322959447089,3,2,1,0,0
2314,c,0.9272217022346678,2314,4,0.8445256726357222,3,1,1,0,0
2315,s,0.9272217022346675,2315,2,0.9007637933533308,3,0,1,0,0
2316,a,0.9272217022346678,2316,3,0.8791746802809025,3,1,1,0,0
2317,a,0.9272217022346679,2317,3,0.8940734863505878,3,1,1,0,0
2318,s,0.9272217022346676,2318,2,0.9012477794914041,3,0,1,0,0
2319,a,0.9272217022346678,2319,4,0.8630612365737047,3,2,1,0,0
2320,s,0.9272217022346676,2320,2,0.9015607183196364,3,0,1,0,0
2321,c,0.9272217022346662,2321,4,0.8818926732209188,3,1,1,0,0
2322,a,0.8411907585173517,2322,5,0.8411907585173517,3,0,2,1,0
2323,s,0.9272217022346676,2323,2,0.9015071799055996,3,0,1,0,0
2324,a,0.9272217022346678,2324,3,0.8822744881488874,3,1,1,0,0
2325,c,0.9272217022346678,2325,4,0.8537141203689385,3,1,1,0,0
2326,s,0.9272217022346676,2326,2,0.9019556890159904,3,0,1,0,0
2327,a,0.9272217022346678,2327,4,0.8688940061792468,3,2,1,0,0
2328,a,0.9272217022346678,2328,3,0.8966904507624888,3,1,1,0,0
2329,s,0.9272217022346676,2329,2,0.9023888206711679,3,0,1,0,0
2330,a,0.9272217022346678,2330,3,0.8849985617298438,3,1,1,0,0
2331,a,0.9214494363285732,2331,5,0.9214494363285732,3,1,1,1,0
2332,c,0.9244941808911978,2332,4,0.8911728119416594,3,0,1,1,0
2333,s,0.9272217022346676,2333,2,0.9028962605538743,3,0,1,0,0
2334,s,0.41493656343447605,2334,5,0.41493656343447605,3,3,0,0,0
2335,c,0.9244941808911978,2335,4,0.8967263734332492,3,0,1,1,0
2336,a,0.9272217022346677,2336,4,0.9272217022346677,3,1,1,0,1
2337,s,0.9272217022346676,2337,2,0.9006136873657843,3,0,1,0,0
2338,a,0.9272217022346677,2338,4,0.9272217022346677,3,1,1,0,1
2339,a,0.8362377019184359,2339,6,0.8362377019184359,3,0,2,2,0
2340,s,0.9272217022346676,2340,2,0.900553687603905,3,0,1,0,0
2341,a,0.09943560690105885,2341,5,0.09943560690105885,3,1,2,0,1
2342,s,0.9272217022346676,2342,2,0.8964342723588408,3,0,1,0,0
2343,s,0.9272217022346676,2343,2,0.8965971688132103,3,0,1,0,0
2344,s,0.9272217022346676,2344,2,0.8967583505680601,3,0,1,0,0
2345,c,0.9244941808911978,2345,4,0.8926362654261412,3,0,1,1,0
2346,s,0.9272217022346676,2346,2,0.8970614713075901,3,0,1,0,0
2347,c,0.9244941808911978,2347,4,0.8961760338111474,3,0,1,1,0
2348,s,0.9272217022346676,2348,2,0.8973583421349648,3,0,1,0,0
2349,a,0.8362377019184359,2349,6,0.8362377019184359,3,0,2,2,0
2350,s,0.9272217022346676,2350,2,0.8971988662160014,3,0,1,0,0
2351,s,0.9272217022346675,2351,2,0.8973512663988373,3,0,1,0,0
2352,s,0.9272217022346675,2352,2,0.897502127185887,3,0,1,0,0
2353,s,0.9272217022346674,2353,2,0.8976514717841221,3,0,1,0,0
2354,c,0.924494180891198,2354,4,0.8933014715554509,3,0,1,1,0
2355,s,0.9272217022346673,2355,2,0.8979321331749561,3,0,1,0,0
2356,d,0.41493656343447605,2356,5,0.41493656343447605,3,0,0,1,0
2357,s,0.9272217022346672,2357,2,0.8956971282454942,3,0,1,0,0
2358,s,0.9272217022346672,2358,2,0.8958516604709313,3,0,1,0,0
2359,s,0.927221702234667,2359,2,0.8960046850649008,3,0,1,0,0
2360,s,0.9272217022346669,2360,2,0.8961562239832007,3,0,1,0,0
2361,s,0.9272217022346668,2361,2,0.8963062987573625,3,0,1,0,0
2362,s,0.9272217022346668,2362,2,0.8964549305048496,3,0,1,0,0
2363,s,0.9272217022346667,2363,2,0.8966021399389635,3,0,1,0,0
2364,s,0.9272217022346667,2364,2,0.896747947378467,3,0,1,0,0
2365,a,0.9272217022346679,2365,3,0.8727745943643997,3,1,1,0,0
2366,s,0.9272217022346666,2366,2,0.8970354356318274,3,0,1,0,0
2367,a,0.9272217022346679,2367,3,0.8742870140274628,3,1,1,0,0
2368,s,0.9272217022346665,2368,2,0.8973175502729756,3,0,1,0,0
2369,a,0.14259935419471512,2369,3,0.14259935419471512,3,0,2,0,0
2370,a,0.14259935419471512,2370,3,0.14259935419471512,3,0,2,0,0
2371,a,0.9272217022346679,2371,3,0.8757176812763061,3,1,1,0,0
2372,s,0.9272217022346665,2372,2,0.8906678801434658,3,0,1,0,0
2373,a,0.9272217022346679,2373,3,0.8770730502488946,3,1,1,0,0
2374,s,0.9272217022346664,2374,2,0.8910001876170223,3,0,1,0,0
2375,a,0.9272217022346679,2375,3,0.8783589131203247,3,1,1,0,0
2376,s,0.9272217022346664,2376,2,0.8913265075685326,3,0,1,0,0
2377,a,0.6507393752769043,2377,4,0.6507393752769043,3,1,2,0,0
2378,s,0.9272217022346663,2378,2,0.8904127042755617,3,0,1,0,0
2379,s,0.9272217022346662,2379,2,0.8905762998220467,3,0,1,0,0
2380,s,0.9272217022346662,2380,2,0.8907384476203326,3,0,1,0,0
2381,c,0.7976369509877017,2381,5,0.7976369509877017,3,0,1,1,1
2382,s,0.927221702234666,2382,2,0.8904901219974455,3,0,1,0,0
2383,s,0.927221702234666,2383,2,0.8906505219111451,3,0,1,0,0
2384,s,0.9272217022346659,2384,2,0.8908095270429865,3,0,1,0,0
2385,s,0.9272217022346659,2385,2,0.8909671555070199,3,0,1,0,0
2386,c,0.9272217022346678,2386,4,0.8610648785555114,3,1,1,0,0
2387,s,0.9272217022346658,2387,2,0.8912783533330083,3,0,1,0,0
2388,a,0.9272217022346678,2388,3,0.8819092950259745,3,1,1,0,0
2389,s,0.9272217022346658,2389,2,0.8915842541747246,3,0,1,0,0
2390,a,0.9214494363285732,2390,5,0.9214494363285732,3,1,1,1,0
2391,a,0.9244941808911981,2391,3,0.8937104947138585,3,0,1,1,0
2392,s,0.9272217022346658,2392,2,0.8919977523130871,3,0,1,0,0
2393,c,0.9272217022346678,2393,4,0.8670791352536166,3,1,1,0,0
2394,a,0.9244941808911981,2394,3,0.8942805629764018,3,0,1,1,0
2395,s,0.9272217022346657,2395,2,0.892424907202802,3,0,1,0,0
2396,a,0.9272217022346678,2396,3,0.8846787621689529,3,1,1,0,0
2397,s,0.9272217022346657,2397,2,0.89271130057755,3,0,1,0,0
2398,c,0.8926494843029129,2398,5,0.8926494843029129,3,0,1,1,0
2399,s,0.9272217022346656,2399,2,0.8928519070484989,3,0,1,0,0
2400,a,0.9214494363285737,2400,6,0.9214494363285737,3,2,1,1,0
2401,s,0.9272217022346656,2401,2,0.8931068354876335,3,0,1,0,0
2402,a,0.6507393752769043,2402,4,0.6507393752769043,3,1,2,0,0
2403,a,0.8844625841204783,2403,4,0.8844625841204783,4,1,1,0,1
2404,a,0.9272217022346677,2404,4,0.7202751784012655,3,1,1,0,1
2405,a,0.924494180891198,2405,3,0.8947909654628537,3,0,1,1,0
2406,s,0.9272217022346655,2406,2,0.8925381088688563,3,0,1,0,0
2407,a,0.9272217022346677,2407,4,0.761664483167946,3,1,1,0,1
2408,s,0.2769880940551336,2408,6,0.2769880940551336,2,0,1,2,1
2409,a,0.8516619357145839,2409,2,0.8366639787346121,4,0,1,0,0
2410,a,0.8844625841204783,2410,4,0.8844625841204783,4,1,1,0,1
2411,a,0.929159556071245,2411,4,0.8173813627287038,4,1,0,1,1
2412,a,0.9346645654712505,2412,2,0.8930265983074819,4,0,0,0,1
2413,a,0.9346645654712514,2413,3,0.8764961568451455,4,1,0,0,1
2414,a,0.929159556071245,2414,4,0.8313536368965214,4,1,0,1,1
2415,a,0.9346645654712505,2415,2,0.8934876365008846,4,0,0,0,1
2416,a,0.9346645654712505,2416,2,0.8936460093046168,4,0,0,0,1
2417,a,0.9346645654712514,2417,3,0.8795748181743734,4,1,0,0,1
2418,a,0.9233752263754419,2418,6,0.9233752263754419,4,1,0,2,2
2419,a,0.9346645654712507,2419,2,0.8940709763365715,4,0,0,0,1
2420,a,0.929159556071245,2420,4,0.8422209612492685,4,1,0,1,1
2421,a,0.9346645654712507,2421,2,0.8943565694266447,4,0,0,0,1
2422,a,0.9346645654712501,2422,3,0.8932671530280655,4,1,0,0,1
2423,a,0.9346645654712514,2423,3,0.8823294098899984,4,1,0,0,1
2424,a,0.9346645654712507,2424,2,0.8948077783375917,4,0,0,0,1
2425,a,0.9233752263754419,2425,6,0.9233752263754419,4,1,0,2,2
2426,a,0.9291595560712451,2426,4,0.8509148207314661,4,1,0,1,1
2427,a,0.9346645654712507,2427,2,0.8951870256176846,4,0,0,0,1
2428,s,0.10336012671917763,2428,4,0.10336012671917763,3,1,1,0,1
2429,a,0.934664565471251,2429,2,0.9061310178841835,4,1,0,0,0
2430,a,0.9288459652466206,2430,7,0.9288459652466206,4,2,0,1,1
2431,a,0.8394583813352983,2431,5,0.8394583813352983,4,1,1,0,2
2432,a,0.9318978893120242,2432,7,0.9318978893120242,4,4,0,1,1
2433,a,0.934664565471251,2433,2,0.906326985737561,4,1,0,0,0
2434,c,0.9346645654712504,2434,3,0.9346645654712504,4,1,0,0,0
2435,c,0.9346645654712504,2435,3,0.9346645654712504,4,1,0,0,0
2436,c,0.9346645654712504,2436,4,0.9346645654712504,4,1,0,0,0
2437,c,0.9346645654712504,2437,4,0.9346645654712504,4,1,0,0,0
2438,c,0.9346645654712504,2438,3,0.9346645654712503,4,1,0,0,0
2439,a,0.9346645654712504,2439,5,0.9346645654712504,4,1,0,0,1
2440,c,0.9346645654712504,2440,3,0.9346645654712502,4,1,0,0,0
2441,a,0.9346645654712504,2441,5,0.9346645654712504,4,1,0,0,1
2442,c,0.9346645654712503,2442,3,0.9346645654712502,4,1,0,0,0
2443,c,0.9346645654712504,2443,4,0.9346645654712503,4,1,0,0,0
2444,c,0.9346645654712503,2444,3,0.9346645654712501,4,1,0,0,0
2445,a,0.9346645654712504,2445,4,0.9346645654712504,4,2,0,0,0
2446,a,0.9346645654712504,2446,4,0.9346645654712504,4,2,0,0,0
2447,a,0.9346645654712504,2447,5,0.9346645654712504,4,2,0,0,1
2448,a,0.9346645654712504,2448,5,0.9346645654712504,4,2,0,0,1
2449,a,0.9346645654712504,2449,4,0.9346645654712503,4,2,0,0,0
2450,d,0.2677858814627586,2450,6,0.2677858814627586,3,1,0,0,1
2451,a,0.8388849935567846,2451,6,0.8388849935567846,4,1,1,2,1
2452,a,0.9318978893120246,2452,2,0.8986781680236245,4,0,0,1,0
2453,a,0.914911080201529,2453,6,0.914911080201529,4,1,0,4,0
2454,a,0.9240757383728446,2454,6,0.9240757383728446,4,0,0,2,3
2455,a,0.9264095979537539,2455,3,0.8760108803449764,4,0,0,2,0
2456,a,0.9318978893120246,2456,2,0.899006955311271,4,0,0,1,0
2457,a,0.9264095979537539,2457,3,0.8773371623873129,4,0,0,2,0
2458,a,0.9264095979537541,2458,3,0.9010787461184184,4,0,0,2,0
2459,a,0.9318978893120246,2459,2,0.8992853560074161,4,0,0,1,0
2460,a,0.9264095979537543,2460,4,0.9225727695010991,4,1,0,2,0
2461,a,0.9318978893120246,2461,2,0.8994738000933813,4,0,0,1,0
2462,a,0.9264095979537539,2462,3,0.8785954299659396,4,0,0,2,0
2463,a,0.9101916156775305,2463,5,0.9101916156775305,4,0,0,3,1
2464,a,0.9206423876690307,2464,5,0.9183498646820301,4,1,0,3,0
2465,a,0.8394583813352983,2465,5,0.8394583813352983,4,1,1,0,2
2466,a,0.9318978893120246,2466,2,0.8997580564492655,4,0,0,1,0
2467,d,0.9291595560712466,2467,4,0.9291595560712466,4,0,0,1,0
2468,a,0.9318978893120247,2468,2,0.8999485868903947,4,0,0,1,0
2469,a,0.9264095979537544,2469,4,0.9227460828302433,4,1,0,2,0
2470,a,0.9240757383728446,2470,6,0.9240757383728446,4,0,0,2,3
2471,d,0.9291595560712466,2471,4,0.9291595560712466,4,0,0,1,0
2472,a,0.9318978893120247,2472,2,0.9002903252211234,4,0,0,1,0
2473,a,0.9206423876690308,2473,5,0.9206423876690308,4,1,0,3,0
2474,a,0.9264095979537541,2474,3,0.9021044731478627,4,0,0,2,0
2475,d,0.26620866986289704,2475,5,0.26620866986289704,3,0,0,1,0
2476,a,0.9260965125738886,2476,3,0.8770281886949901,4,0,0,2,0
2477,a,0.9318978893120247,2477,2,0.8864828869725904,4,0,0,1,0
2478,a,0.9318978893120247,2478,2,0.8866893188014059,4,0,0,1,0
2479,a,0.9260965125738886,2479,3,0.8782863508457311,4,0,0,2,0
2480,a,0.9318978893120247,2480,2,0.8870704708927711,4,0,0,1,0
2481,s,0.9004655053809875,2481,4,0.9004655053809875,3,0,1,2,0
2482,a,0.9318978893120247,2482,2,0.8873303925575365,4,0,0,1,0
2483,a,0.9318978893120247,2483,2,0.8875284703208898,4,0,0,1,0
2484,s,0.9004655053809875,2484,4,0.9004655053809875,3,0,1,2,0
2485,a,0.9318978893120247,2485,2,0.8877809216603225,4,0,0,1,0
2486,a,0.9318978893120247,2486,2,0.887974417132479,4,0,0,1,0
2487,a,0.9318978893120248,2487,2,0.8881662226878482,4,0,0,1,0
2488,a,0.8888326922736492,2488,5,0.8888326922736492,3,0,2,2,0
2489,a,0.9318978893120248,2489,2,0.8883584224117008,4,0,0,1,0
2490,a,0.9318978893120248,2490,2,0.8885460925276504,4,0,0,1,0
2491,a,0.9318978893120248,2491,2,0.8887321517413173,4,0,0,1,0
2492,a,0.8888326922736492,2492,5,0.8888326922736492,3,0,2,2,0
2493,a,0.9318978893120248,2493,2,0.8889162635630322,4,0,0,1,0
2494,a,0.9318978893120248,2494,2,0.8890983890958668,4,0,0,1,0
2495,a,0.9318978893120248,2495,2,0.8892789777043738,4,0,0,1,0
2496,s,0.9004655053809875,2496,4,0.8958123801380522,3,0,1,2,0
2497,a,0.9318978893120248,2497,2,0.8895041050653958,4,0,0,1,0
2498,a,0.9318978893120248,2498,2,0.88968074583309,4,0,0,1,0
2499,a,0.9318978893120249,2499,2,0.8898559207022971,4,0,0,1,0
2500,a,0.9131613699567575,2500,6,0.9131613699567575,3,0,3,2,0
2501,a,0.9318978893120249,2501,2,0.890124840117376,4,0,0,1,0
2502,a,0.9295384307352995,2502,4,0.7207307158365678,4,0,0,1,2
2503,a,0.9318978893120249,2503,2,0.8904562141574274,4,0,0,1,0
2504,s,0.9004655053809875,2504,4,0.8989555394325722,3,0,1,2,0
2505,a,0.9295384307352995,2505,4,0.7624922588163141,4,0,0,1,2
2506,a,0.9318978893120249,2506,2,0.8908212673145081,4,0,0,1,0
2507,a,0.9295384307352995,2507,4,0.7903332874694784,4,0,0,1,2
2508,a,0.9236299142412194,2508,3,0.8731810394208775,4,0,0,2,0
2509,a,0.9318978893120249,2509,2,0.8912698825828149,4,0,0,1,0
2510,a,0.9295384307352995,2510,4,0.8102197365074529,4,0,0,1,2
2511,a,0.9131613699567575,2511,6,0.9131613699567575,3,0,3,2,0
2512,d,0.9236299142412197,2512,7,0.9236299142412197,4,0,0,2,2
2513,a,0.9318978893120249,2513,2,0.8917920318922817,4,0,0,1,0
2514,a,0.9295384307352996,2514,4,0.8251345732859338,4,0,0,1,2
2515,a,0.9318978893120249,2515,2,0.8920949589594519,4,0,0,1,0
2516,a,0.9236299142412193,2516,3,0.8755274987148468,4,0,0,2,0
2517,a,0.9295384307352996,2517,4,0.8367350018914189,4,0,0,1,2
2518,c,0.9008679027400333,2518,7,0.9008679027400333,3,0,3,2,0
2519,a,0.8516619357145838,2519,3,0.8120125023044613,4,0,1,0,1
2520,a,0.9318978893120249,2520,2,0.8925453585808725,4,0,0,1,0
2521,d,0.9236299142412197,2521,7,0.9236299142412197,4,0,0,2,2
2522,a,0.9295384307352995,2522,4,0.8460153447758069,4,0,0,1,2
2523,a,0.9318978893120249,2523,2,0.892952290999607,4,0,0,1,0
2524,a,0.9295384307352995,2524,4,0.8536083525903062,4,0,0,1,2
2525,a,0.9236299142412193,2525,3,0.8776653838493522,4,0,0,2,0
2526,s,0.9004655053809876,2526,4,0.9007183554105783,3,0,1,2,0
2527,a,0.9318978893120249,2527,2,0.893376628968529,4,0,0,1,0
2528,s,0.2663172192715574,2528,5,0.2663172192715574,3,1,0,1,2
2529,a,0.8844625841204783,2529,4,0.8664609030064062,4,1,1,0,1
2530,a,0.934664565471251,2530,2,0.9003499795829949,4,1,0,0,0
2531,a,0.9291595560712459,2531,6,0.9300865999786776,4,3,0,1,1
2532,a,0.934664565471251,2532,2,0.9005372916375245,4,1,0,0,0
2533,a,0.9346645654712493,2533,3,0.892802409922117,4,2,0,0,0
2534,a,0.934664565471251,2534,2,0.9007386324861009,4,1,0,0,0
2535,a,0.9291595560712461,2535,4,0.8955350057066864,4,2,0,1,0
2536,a,0.934664565471251,2536,2,0.9009214678426118,4,1,0,0,0
2537,a,0.934664565471251,2537,2,0.9010201318707657,4,1,0,0,0
2538,c,0.46064197464224765,2538,5,0.46064197464224765,4,1,1,0,1
2539,a,0.2229786794736491,2539,6,0.2229786794736491,4,0,2,2,1
2540,a,0.8463600546831168,2540,4,0.8463600546831169,4,0,1,1,1
2541,a,0.12709453210670027,2541,6,0.12709453210670027,4,2,1,0,1
2542,a,0.9346645654712499,2542,3,0.9043721494103422,4,0,0,0,2
2543,a,0.9288459652466227,2543,6,0.9288459652466227,4,1,0,1,3
2544,a,0.9346645654712499,2544,3,0.9053329604962578,4,0,0,0,2
2545,a,0.9346645654712509,2545,5,0.9323371253813996,4,1,0,0,3
2546,a,0.9346645654712499,2546,3,0.9063272521903254,4,0,0,0,2
2547,a,0.9346645654712499,2547,4,0.9336377536669042,4,0,0,0,3
2548,a,0.9346645654712498,2548,3,0.9072563444290442,4,0,0,0,2
2549,d,0.9288459652466227,2549,7,0.9288459652466227,4,1,0,1,2
2550,a,0.9346645654712497,2550,3,0.9080340879506281,4,0,0,0,2
2551,a,0.9346645654712499,2551,4,0.9334395970029074,4,0,0,0,3
2552,a,0.9346645654712497,2552,3,0.9088534872589551,4,0,0,0,2
2553,a,0.9260965125738887,2553,7,0.9260965125738887,4,3,0,2,1
2554,a,0.9291595560712466,2554,6,0.9291595560712466,4,0,0,1,4
2555,a,0.9346645654712509,2555,5,0.933833336867732,4,1,0,0,3
2556,a,0.9346645654712495,2556,3,0.8949990503003279,4,0,0,0,2
2557,a,0.9288459652466226,2557,3,0.9030244826635792,4,0,0,1,1
2558,a,0.9318978893120226,2558,3,0.898471232571363,4,0,0,1,1
2559,a,0.9346645654712509,2559,2,0.9090540534523442,4,0,0,0,1
2560,a,0.9346645654712495,2560,3,0.9096239672055908,4,0,0,0,2
2561,s,0.20462757469221818,2561,7,0.20462757469221818,3,1,0,3,2
2562,a,0.8516619357145839,2562,2,0.8371689546952221,4,0,1,0,0
2563,s,0.9272217022346655,2563,2,0.890387782774045,3,0,1,0,0
2564,a,0.9272217022346677,2564,4,0.7892573530123995,3,1,1,0,1
2565,s,0.9272217022346655,2565,2,0.8906755477698312,3,0,1,0,0
2566,a,0.9272217022346677,2566,4,0.808966545758438,3,1,1,0,1
2567,s,0.9272217022346654,2567,2,0.8909588512928145,3,0,1,0,0
2568,a,0.9272217022346678,2568,4,0.8237484403179667,3,1,1,0,1
2569,s,0.9272217022346654,2569,2,0.8912377963000595,3,0,1,0,0
2570,d,0.26565346544310287,2570,5,0.26565346544310287,2,1,1,0,0
2571,a,0.9346645654712494,2571,3,0.8940245865111525,4,2,0,0,0
2572,a,0.934664565471251,2572,2,0.8999387136388017,4,1,0,0,0
2573,a,0.929159556071246,2573,6,0.929159556071246,4,3,0,1,1
2574,a,0.934664565471251,2574,2,0.9001229980603143,4,1,0,0,0
2575,a,0.9346645654712494,2575,3,0.8951726917917615,4,2,0,0,0
2576,a,0.934664565471251,2576,2,0.9003209440053624,4,1,0,0,0
2577,a,0.9346645654712495,2577,3,0.8957621227422017,4,2,0,0,0
2578,a,0.934664565471251,2578,2,0.900516634156165,4,1,0,0,0
2579,a,0.9291595560712461,2579,4,0.8982249697358511,4,2,0,1,0
2580,a,0.934664565471251,2580,2,0.9006945119273552,4,1,0,0,0
2581,a,0.934664565471251,2581,2,0.9007904725305864,4,1,0,0,0
2582,a,0.9346645654712495,2582,3,0.8968099470328987,4,2,0,0,0
2583,a,0.934664565471251,2583,2,0.9009807764235114,4,1,0,0,0
2584,a,0.929159556071246,2584,6,0.929159556071246,4,3,0,1,1
2585,a,0.934664565471251,2585,2,0.9011535768947276,4,1,0,0,0
2586,a,0.9346645654712497,2586,3,0.8977987389691903,4,2,0,0,0
2587,a,0.934664565471251,2587,2,0.901339749053486,4,1,0,0,0
2588,a,0.9291595560712461,2588,4,0.9005164205755098,4,2,0,1,0
2589,a,0.934664565471251,2589,2,0.9015086568530315,4,1,0,0,0
2590,a,0.9346645654712497,2590,3,0.898733350525411,4,2,0,0,0
2591,a,0.934664565471251,2591,2,0.9016908321751095,4,1,0,0,0
2592,a,0.934664565471251,2592,2,0.9017811711704413,4,1,0,0,0
2593,c,0.929159556071245,2593,7,0.929159556071245,4,3,0,1,1
2594,a,0.9346645654712511,2594,2,0.9019453722036881,4,1,0,0,0
2595,a,0.9346645654712498,2595,3,0.8996181161319666,4,2,0,0,0
2596,a,0.9346645654712511,2596,2,0.9021227120045962,4,1,0,0,0
2597,a,0.9291595560712461,2597,4,0.9024918092303881,4,2,0,1,0
2598,a,0.9346645654712511,2598,2,0.9022833014858178,4,1,0,0,0
2599,a,0.9346645654712498,2599,3,0.9004569198888311,4,2,0,0,0
2600,a,0.9346645654712511,2600,2,0.9024569275661686,4,1,0,0,0
2601,a,0.9346645654712498,2601,3,0.9008954794475801,4,2,0,0,0
2602,a,0.9346645654712511,2602,2,0.9026287016349955,4,1,0,0,0
2603,a,0.9346645654712511,2603,2,0.9027139034005174,4,1,0,0,0
2604,c,0.929159556071245,2604,7,0.929159556071245,4,3,0,1,1
2605,a,0.9346645654712511,2605,2,0.9028683910056534,4,1,0,0,0
2606,a,0.9346645654712499,2606,3,0.9016708939806717,4,2,0,0,0
2607,a,0.9346645654712511,2607,2,0.9030357392923143,4,1,0,0,0
2608,a,0.9291595560712461,2608,4,0.9042123090265723,4,2,0,1,0
2609,a,0.9346645654712511,2609,2,0.9031869242215232,4,1,0,0,0
2610,a,0.9346645654712499,2610,3,0.9024084834145882,4,2,0,0,0
2611,a,0.9346645654712511,2611,2,0.9033508702696987,4,1,0,0,0
2612,a,0.9346645654712511,2612,2,0.9034322045429495,4,1,0,0,0
2613,a,0.9291595560712459,2613,6,0.9291595560712456,4,3,0,1,1
2614,a,0.9346645654712511,2614,2,0.9035793872624754,4,1,0,0,0
2615,a,0.9346645654712499,2615,3,0.9031109495421277,4,2,0,0,0
2616,a,0.9346645654712511,2616,2,0.9037392082301297,4,1,0,0,0
2617,a,0.9291595560712461,2617,4,0.9057242633929161,4,2,0,1,0
2618,a,0.9346645654712511,2618,2,0.903883314892744,4,1,0,0,0
2619,a,0.93466456547125,2619,3,0.9037807428265258,4,2,0,0,0
2620,a,0.9346645654712511,2620,2,0.9040399624783851,4,1,0,0,0
2621,d,0.41493656343447655,2621,3,0.41493656343447655,3,1,0,0,0
2622,a,0.8441400483178277,2622,4,0.8512161442841446,4,0,1,2,0
2623,a,0.9346645654712501,2623,3,0.8948216201104691,4,1,0,0,1
2624,a,0.9346645654712507,2624,2,0.8925853036498328,4,0,0,0,1
2625,a,0.9346645654712514,2625,3,0.8861346727107207,4,1,0,0,1
2626,a,0.9346645654712501,2626,3,0.8956693423521878,4,1,0,0,1
2627,a,0.9346645654712507,2627,2,0.8930410357273211,4,0,0,0,1
2628,a,0.9318978893120222,2628,4,0.8516131366427728,4,1,0,1,1
2629,a,0.9346645654712507,2629,2,0.8933294958826209,4,0,0,0,1
2630,a,0.9233752263754419,2630,5,0.9233752263754418,4,1,0,2,1
2631,c,0.9288459652466227,2631,6,0.9288459652466227,4,1,0,1,2
2632,a,0.9346645654712507,2632,2,0.8937085642139877,4,0,0,0,1
2633,s,0.00771030501133324,2633,7,0.00771030501133324,4,1,1,1,2
2634,a,0.9318978893120247,2634,2,0.8986105585864202,4,0,0,1,0
2635,s,0.892117798037264,2635,6,0.892117798037264,3,0,1,3,1
2636,a,0.9206423876690308,2636,5,0.9206423876690308,4,1,0,3,0
2637,a,0.9318978893120247,2637,2,0.8987567454105492,4,0,0,1,0
2638,a,0.9318978893120247,2638,2,0.8988556741983148,4,0,0,1,0
2639,c,0.9206423876690308,2639,6,0.9206423876690308,4,1,0,3,0
2640,a,0.9318978893120247,2640,2,0.899018371315776,4,0,0,1,0
2641,a,0.9240757383728445,2641,5,0.9240757383728446,4,0,0,2,2
2642,a,0.9318978893120247,2642,2,0.8991892765814201,4,0,0,1,0
2643,c,0.9206423876690308,2643,6,0.9206423876690308,4,1,0,3,0
2644,a,0.9264095979537541,2644,3,0.9027195530617657,4,0,0,2,0
2645,a,0.9318978893120247,2645,2,0.8994272357778837,4,0,0,1,0
2646,a,0.9206423876690307,2646,5,0.9206423876690308,4,1,0,3,0
2647,a,0.9318978893120248,2647,2,0.899583299165748,4,0,0,1,0
2648,s,0.892117798037264,2648,6,0.892117798037264,3,0,1,3,1
2649,a,0.9318978893120248,2649,2,0.8996551173421,4,0,0,1,0
2650,d,0.9206423876690314,2650,7,0.9206423876690314,4,0,0,3,0
2651,a,0.9318978893120248,2651,2,0.8998080772337577,4,0,0,1,0
2652,a,0.9264095979537541,2652,3,0.9029341151907408,4,0,0,2,0
2653,a,0.8567696039781018,2653,4,0.8146529668812484,4,0,1,1,1
2654,a,0.9268946917738939,2654,7,0.9268946917738939,4,1,1,1,2
2655,a,0.8516619357145838,2655,3,0.8205975924644365,4,0,1,0,1
2656,a,0.9318978893120242,2656,4,0.8325602381235009,4,2,0,1,0
2657,a,0.9318978893120248,2657,2,0.8999437098235897,4,0,0,1,0
2658,a,0.9152791263293596,2658,7,0.9152791263293596,4,1,0,4,1
2659,a,0.9240757383728446,2659,7,0.9240757383728446,4,1,0,2,3
2660,a,0.9318978893120248,2660,2,0.9001448974983601,4,0,0,1,0
2661,a,0.9318978893120248,2661,2,0.9002340912955895,4,0,0,1,0
2662,a,0.926409597953754,2662,3,0.9036423232216158,4,0,0,2,0
2663,a,0.9318978893120242,2663,4,0.8435977549222257,4,2,0,1,0
2664,a,0.9318978893120248,2664,2,0.900483403559353,4,0,0,1,0
2665,d,0.9183230571463356,2665,7,0.9183230571463356,4,0,0,3,1
2666,a,0.9318978893120242,2666,4,0.8524277683612056,4,2,0,1,0
2667,a,0.9130596440243908,2667,5,0.911521943178275,4,0,0,2,2
2668,a,0.9318978893120248,2668,2,0.9007402764672244,4,0,0,1,0
2669,a,0.9318978893120222,2669,3,0.9005898045708063,4,1,0,1,0
2670,a,0.9318978893120248,2670,2,0.9009110031129495,4,0,0,1,0
2671,a,0.9101916156775305,2671,5,0.9029620886214239,4,0,0,3,1
2672,a,0.8567696039781018,2672,4,0.8199175465183551,4,0,1,1,1
2673,a,0.8516619357145838,2673,3,0.8487688317978637,4,0,1,0,1
2674,a,0.9318978893120226,2674,4,0.8410927109824642,4,0,0,1,2
2675,c,0.9260965125738913,2675,7,0.9260965125738913,4,1,0,2,2
2676,a,0.9236299142412197,2676,4,0.840312681022683,4,0,0,2,1
2677,a,0.9236299142412197,2677,5,0.8263350495489598,4,1,0,2,1
2678,a,0.9346645654712509,2678,2,0.9077828362571166,4,0,0,0,1
2679,a,0.9346645654712509,2679,5,0.9321708796606959,4,1,0,0,3
2680,a,0.9346645654712499,2680,4,0.8545238164296357,4,0,0,0,3
2681,a,0.9346645654712509,2681,2,0.9079529737837881,4,0,0,0,1
2682,a,0.9288459652466227,2682,3,0.9038130877037946,4,0,0,1,1
2683,a,0.9318978893120226,2683,3,0.8994813246129236,4,0,0,1,1
2684,a,0.9318978893120249,2684,2,0.8913165372191534,4,0,0,1,0
2685,a,0.9318978893120249,2685,2,0.8914657333665537,4,0,0,1,0
2686,a,0.9236299142412192,2686,3,0.8796213213128359,4,0,0,2,0
2687,a,0.8888326922736492,2687,5,0.8989481199124159,3,0,2,2,0
2688,a,0.9346645654712495,2688,3,0.9103497816480737,4,0,0,0,2
2689,a,0.9318978893120228,2689,5,0.9318978893120227,4,0,0,1,3
2690,a,0.9346645654712509,2690,2,0.9082081011447365,4,0,0,0,1
2691,s,0.30774033573203324,2691,6,0.30774033573203324,3,1,1,1,2
2692,a,0.9264095979537544,2692,4,0.9218815769173669,4,1,0,2,0
2693,a,0.931897889312025,2693,2,0.8917201453510162,4,0,0,1,0
2694,a,0.909957008999059,2694,5,0.9133752353095991,4,0,0,3,1
2695,a,0.9318978893120249,2695,2,0.9009696066209972,4,0,0,1,0
2696,a,0.9318978893120249,2696,2,0.9010531965742162,4,0,0,1,0
2697,a,0.926409597953754,2697,3,0.9043089489960519,4,0,0,2,0
2698,a,0.9318978893120242,2698,4,0.85965232481128,4,2,0,1,0
2699,a,0.9318978893120249,2699,2,0.9012865632950077,4,0,0,1,0
2700,a,0.9318978893120223,2700,3,0.9019716164905779,4,1,0,1,0
2701,a,0.9240757383728447,2701,4,0.9205704443075633,4,0,0,2,1
2702,a,0.9318978893120249,2702,2,0.9015099990054116,4,0,0,1,0
2703,d,0.9206423876690314,2703,7,0.9206423876690314,4,0,0,3,0
2704,c,0.8877927856999862,2704,7,0.8877927856999862,4,1,0,3,1
2705,a,0.931897889312025,2705,2,0.8919310284109767,4,0,0,1,0
2706,a,0.931897889312025,2706,2,0.8920747940976711,4,0,0,1,0
2707,a,0.9236299142412192,2707,3,0.8811385515294604,4,0,0,2,0
2708,d,0.9031388631324283,2708,5,0.9031388631324283,3,0,1,1,0
2709,d,0.41493656343447655,2709,3,0.41493656343447655,3,1,0,0,0
2710,c,0.9346645654712502,2710,3,0.8570620013989848,4,1,0,0,0
2711,c,0.9346645654712502,2711,3,0.8609421296025982,4,1,0,0,0
2712,c,0.9346645654712502,2712,3,0.8644527217868198,4,1,0,0,0
2713,c,0.9346645654712502,2713,3,0.8676441692270213,4,1,0,0,0
2714,c,0.9346645654712501,2714,3,0.8705580994985095,4,1,0,0,0
2715,c,0.9346645654712501,2715,3,0.8732292022473738,4,1,0,0,0
2716,c,0.9346645654712501,2716,3,0.8756866167763289,4,1,0,0,0
2717,c,0.9346645654712501,2717,3,0.8779549994184414,4,1,0,0,0
2718,c,0.9346645654712501,2718,3,0.8800553537166935,4,1,0,0,0
2719,c,0.9346645654712501,2719,3,0.8820056827079278,4,1,0,0,0
2720,c,0.9346645654712504,2720,4,0.8393961820414658,4,1,0,0,0
2721,c,0.9346645654712501,2721,3,0.8855162748921493,4,1,0,0,0
2722,c,0.9346645654712503,2722,4,0.8513047299701888,4,1,0,0,0
2723,c,0.9346645654712502,2723,3,0.8885880430533433,4,1,0,0,0
2724,c,0.9346645654712503,2724,4,0.8605669339147511,4,1,0,0,0
2725,c,0.9346645654712503,2725,3,0.8912984267249849,4,1,0,0,0
2726,c,0.9346645654712502,2726,4,0.867976697070401,4,1,0,0,0
2727,a,0.9346645654712504,2727,4,0.8192974178477433,4,2,0,0,0
2728,c,0.9346645654712503,2728,3,0.8948146001368444,4,1,0,0,0
2729,c,0.9346645654712502,2729,4,0.8740392305613873,4,1,0,0,0
2730,a,0.9346645654712503,2730,4,0.8337183113006816,4,2,0,0,0
2731,d,0.2677858814627586,2731,4,0.2677858814627586,3,1,0,0,0
2732,a,0.931897889312025,2732,2,0.8923681830101003,4,0,0,1,0
2733,a,0.931897889312025,2733,2,0.8925083592735823,4,0,0,1,0
2734,a,0.9236299142412197,2734,5,0.8457940224874119,4,1,0,2,1
2735,a,0.931897889312025,2735,2,0.8927566377419136,4,0,0,1,0
2736,d,0.9031388631324283,2736,5,0.9031388631324283,3,0,1,1,0
2737,a,0.9236299142412191,2737,3,0.8828048794789412,4,0,0,2,0
2738,a,0.931897889312025,2738,2,0.8930367658027495,4,0,0,1,0
2739,a,0.9236299142412197,2739,4,0.9022109646856739,4,0,0,2,1
2740,a,0.931897889312025,2740,2,0.8932770920032609,4,0,0,1,0
2741,a,0.9004655053809875,2741,6,0.9004655053809875,3,0,1,2,0
2742,a,0.9318978893120249,2742,2,0.9016044661971394,4,0,0,1,0
2743,a,0.9318978893120227,2743,3,0.8837335669093948,4,0,0,1,1
2744,a,0.9318978893120249,2744,2,0.9017634867909184,4,0,0,1,0
2745,a,0.9318978893120223,2745,3,0.9027079353390611,4,1,0,1,0
2746,a,0.09313958263199618,2746,7,0.09313958263199618,4,1,2,2,1
2747,a,0.931897889312025,2747,2,0.8934345119712557,4,0,0,1,0
2748,a,0.9236299142412191,2748,3,0.8843454468284611,4,0,0,2,0
2749,a,0.931897889312025,2749,2,0.8936688422770945,4,0,0,1,0
2750,d,0.9236299142412197,2750,8,0.9236299142412197,4,0,0,2,1
2751,a,0.931897889312025,2751,2,0.8938999952228541,4,0,0,1,0
2752,a,0.9004655053809875,2752,6,0.9004655053809875,3,0,1,2,0
2753,a,0.931897889312025,2753,2,0.8940500403549999,4,0,0,1,0
2754,a,0.9236299142412191,2754,3,0.8857739729161976,4,0,0,2,0
2755,a,0.931897889312025,2755,2,0.89427555113374,4,0,0,1,0
2756,a,0.9236299142412197,2756,5,0.8587666711130465,4,1,0,2,1
2757,a,0.931897889312025,2757,2,0.8944980650915002,4,0,0,1,0
2758,d,0.9031388631324283,2758,5,0.9020695200318519,3,0,1,1,0
2759,a,0.8516619357145839,2759,2,0.838761861215215,4,0,1,0,0
2760,a,0.923629914241219,2760,3,0.8871022515591808,4,0,0,2,0
2761,a,0.9318978893120251,2761,2,0.8947453429579845,4,0,0,1,0
2762,a,0.9318978893120251,2762,2,0.8948671545853748,4,0,0,1,0
2763,a,0.9236299142412197,2763,4,0.9047812386323392,4,0,0,2,1
2764,a,0.9004655053809905,2764,7,0.9004655053809905,3,1,1,2,0
2765,a,0.931897889312025,2765,2,0.8950989462904986,4,0,0,1,0
2766,a,0.923629914241219,2766,3,0.8883404774128092,4,0,0,2,0
2767,a,0.9318978893120249,2767,2,0.8953096879387963,4,0,0,1,0
2768,a,0.9318978893120248,2768,2,0.8954273348885494,4,0,0,1,0
2769,a,0.923629914241219,2769,3,0.8889286346932826,4,0,0,2,0
2770,s,0.9004655053809875,2770,4,0.9004052698500372,3,0,1,2,0
2771,a,0.9318978893120247,2771,2,0.8956493454116978,4,0,0,1,0
2772,a,0.909957008999059,2772,5,0.9140588805717071,4,0,0,3,1
2773,a,0.9318978893120246,2773,2,0.8958093334100767,4,0,0,1,0
2774,a,0.9318978893120246,2774,2,0.895923177435004,4,0,0,1,0
2775,d,0.9031388631324283,2775,5,0.901993138381811,3,0,1,1,0
2776,a,0.9236299142412189,2776,3,0.8898275000780199,4,0,0,2,0
2777,a,0.9318978893120244,2777,2,0.8961447309799437,4,0,0,1,0
2778,a,0.9318978893120243,2778,2,0.8962561115354954,4,0,0,1,0
2779,a,0.9236299142412197,2779,5,0.8680328487027855,4,1,0,2,1
2780,s,0.9004655053809875,2780,4,0.9005449612907045,3,0,1,2,0
2781,a,0.9318978893120242,2781,2,0.8964635960241614,4,0,0,1,0
2782,a,0.9236299142412189,2782,3,0.8908838255206198,4,0,0,2,0
2783,a,0.9318978893120241,2783,2,0.8966556224398208,4,0,0,1,0
2784,a,0.9318978893120241,2784,2,0.8967633969562496,4,0,0,1,0
2785,a,0.9236299142412197,2785,4,0.9063124215460705,4,0,0,2,1
2786,c,0.9008679027400333,2786,7,0.9008679027400333,3,0,3,2,0
2787,a,0.931897889312024,2787,2,0.8969637166999604,4,0,0,1,0
2788,a,0.9236299142412189,2788,3,0.8918761312394259,4,0,0,2,0
2789,a,0.9318978893120239,2789,2,0.897149259983555,4,0,0,1,0
2790,a,0.9318978893120239,2790,2,0.8972536102217786,4,0,0,1,0
2791,a,0.9099570089990591,2791,6,0.9167934616201392,4,0,0,3,2
2792,a,0.9004655053809905,2792,7,0.9004655053809905,3,1,1,2,0
2793,a,0.9268946917738939,2793,7,0.9268946917738939,4,1,1,1,2
2794,a,0.8516619357145837,2794,4,0.8781268345841077,4,1,1,0,1
2795,a,0.9318978893120238,2795,2,0.897404085141501,4,0,0,1,0
2796,a,0.9318978893120237,2796,2,0.8975064406434908,4,0,0,1,0
2797,a,0.9236299142412189,2797,3,0.8926089938976821,4,0,0,2,0
2798,a,0.9318978893120236,2798,2,0.8976849507386716,4,0,0,1,0
2799,s,0.9004655053809875,2799,4,0.9005520930137435,3,0,1,2,0
2800,a,0.9236299142412197,2800,5,0.8749824818950898,4,1,0,2,1
2801,a,0.9318978893120236,2801,2,0.8978689813138712,4,0,0,1,0
2802,a,0.9318978893120234,2802,2,0.8979681909581807,4,0,0,1,0
2803,a,0.9236299142412188,2803,3,0.8934953059074974,4,0,0,2,0
2804,a,0.8888326922736492,2804,5,0.8979236643110222,3,0,2,2,0
2805,a,0.9318978893120233,2805,2,0.8981140173250951,4,0,0,1,0
2806,a,0.9236299142412197,2806,4,0.907547246476499,4,0,0,2,1
2807,a,0.9318978893120233,2807,2,0.8982844189598741,4,0,0,1,0
2808,a,0.9318978893120232,2808,2,0.8983807326285049,4,0,0,1,0
2809,a,0.9236299142412188,2809,3,0.8943323783612119,4,0,0,2,0
2810,a,0.669273706052409,2810,3,0.669273706052409,4,0,1,1,0
2811,a,0.9318978893120231,2811,2,0.8985481580937366,4,0,0,1,0
2812,d,0.9031388631324283,2812,5,0.9019507041317885,3,0,1,1,0
2813,a,0.7063005941292634,2813,5,0.7063005941292634,4,1,2,1,0
2814,a,0.9237517424177084,2814,5,0.9237517424177084,4,0,0,2,2
2815,a,0.9236299142412197,2815,4,0.9080498298441464,4,0,0,2,1
2816,s,0.9272217022346653,2816,2,0.8889874129988292,3,0,1,0,0
2817,s,0.9272217022346653,2817,2,0.8891327905244408,3,0,1,0,0
2818,s,0.9272217022346653,2818,2,0.8892770667051614,3,0,1,0,0
2819,s,0.9272217022346652,2819,2,0.8894202540090463,3,0,1,0,0
2820,s,0.9272217022346652,2820,2,0.8895623647166615,3,0,1,0,0
2821,s,0.9272217022346652,2821,2,0.8897034109245942,3,0,1,0,0
2822,s,0.927221702234665,2822,2,0.8898434045488854,3,0,1,0,0
2823,a,0.07090960108676155,2823,3,0.07090960108676155,3,0,2,0,0
2824,a,0.9318978893120231,2824,2,0.8987966814084647,4,0,0,1,0
2825,a,0.9318978893120226,2825,3,0.874970024573503,4,0,0,1,1
2826,a,0.931897889312023,2826,2,0.8989821223491009,4,0,0,1,0
2827,a,0.9236299142412188,2827,3,0.8951242036552661,4,0,0,2,0
2828,c,0.9237517424177084,2828,6,0.9237517424177084,4,0,0,2,2
2829,a,0.931897889312023,2829,2,0.899210825623889,4,0,0,1,0
2830,a,0.9260965125738887,2830,3,0.887445136773532,4,0,0,2,0
2831,a,0.9318978893120226,2831,3,0.876892016984098,4,0,0,1,1
2832,a,0.9236299142412188,2832,3,0.8955042797964122,4,0,0,2,0
2833,a,0.9318978893120229,2833,2,0.8995313720605475,4,0,0,1,0
2834,s,0.9004655053809876,2834,4,0.9001975076962757,3,0,1,2,0
2835,c,0.9237517424177084,2835,6,0.9237517424177084,4,0,0,2,2
2836,a,0.9318978893120228,2836,2,0.8996881050876022,4,0,0,1,0
2837,a,0.9236299142412197,2837,5,0.8803877521557708,4,1,0,2,1
2838,a,0.28223275776597506,2838,4,0.28223275776597506,4,0,1,1,1
2839,a,0.9346645654712499,2839,4,0.9336066381576814,4,0,0,0,3
2840,a,0.9260965125738886,2840,4,0.9243418678537588,4,0,0,2,1
2841,a,0.9346645654712509,2841,2,0.9071114832869092,4,0,0,0,1
2842,a,0.9346645654712495,2842,3,0.8976855188681392,4,0,0,0,2
2843,a,0.9346645654712494,2843,3,0.9110347051360506,4,0,0,0,2
2844,a,0.9346645654712509,2844,2,0.9072815640411334,4,0,0,0,1
2845,a,0.9318978893120227,2845,4,0.8501732288154201,4,0,0,1,2
2846,a,0.9236299142412197,2846,4,0.8478869749516409,4,0,0,2,1
2847,a,0.9288459652466201,2847,7,0.9288459652466201,4,2,0,1,3
2848,a,0.9346645654712509,2848,2,0.9074650580780856,4,0,0,0,1
2849,a,0.9346645654712499,2849,4,0.8618093390697825,4,0,0,0,3
2850,a,0.9318978893120226,2850,3,0.9008449367815854,4,0,0,1,1
2851,a,0.9346645654712509,2851,2,0.9076249604026703,4,0,0,0,1
2852,a,0.9346645654712494,2852,3,0.9116023917174995,4,0,0,0,2
2853,s,0.0818494979679247,2853,7,0.0818494979679247,3,0,0,2,4
2854,a,0.41493656343447605,2854,4,0.41493656343447605,3,2,0,0,0
2855,c,0.9346645654712504,2855,3,0.8824370678765794,4,1,0,0,0
2856,s,0.2677858814627586,2856,5,0.2677858814627586,3,1,0,1,0
2857,a,0.9346645654712507,2857,2,0.8907330633057292,4,0,0,0,1
2858,a,0.9346645654712514,2858,3,0.8892484091174873,4,1,0,0,1
2859,a,0.9346645654712508,2859,2,0.891040276607586,4,0,0,0,1
2860,a,0.9318978893120222,2860,4,0.8596416119096977,4,1,0,1,1
2861,a,0.9346645654712508,2861,2,0.8913336165435862,4,0,0,0,1
2862,c,0.9288459652466227,2862,6,0.9288459652466227,4,1,0,1,2
2863,a,0.9346645654712508,2863,2,0.8916123865354162,4,0,0,0,1
2864,a,0.9346645654712514,2864,3,0.8919646472595603,4,1,0,0,1
2865,a,0.9346645654712508,2865,2,0.8919072644733327,4,0,0,0,1
2866,a,0.9318978893120222,2866,4,0.8662103644008181,4,1,0,1,1
2867,a,0.9346645654712508,2867,2,0.8921887200033891,4,0,0,0,1
2868,a,0.9346645654712508,2868,2,0.8923327059202293,4,0,0,0,1
2869,a,0.9288459652466227,2869,5,0.9288459652466227,4,1,0,1,2
2870,a,0.9346645654712508,2870,2,0.8925981777009613,4,0,0,0,1
2871,a,0.9346645654712514,2871,3,0.8943549368245846,4,1,0,0,1
2872,a,0.9346645654712508,2872,2,0.8928795582211637,4,0,0,0,1
2873,s,0.007910051504348991,2873,5,0.007910051504348991,3,1,1,1,1
2874,a,0.9318978893120249,2874,2,0.8998146453869688,4,0,0,1,0
2875,d,0.9346645654712509,2875,5,0.9346645654712509,4,2,0,0,0
2876,a,0.926409597953754,2876,3,0.9046763587792175,4,0,0,2,0
2877,a,0.9318978893120249,2877,2,0.9000563201068036,4,0,0,1,0
2878,a,0.9206423876690308,2878,5,0.918238691058363,4,1,0,3,0
2879,a,0.9240757383728446,2879,5,0.9240757383728447,4,0,0,2,2
2880,a,0.9318978893120249,2880,2,0.9002523381966331,4,0,0,1,0
2881,a,0.9318978893120223,2881,3,0.9038540373163818,4,1,0,1,0
2882,a,0.9318978893120249,2882,2,0.900413795090079,4,0,0,1,0
2883,a,0.926409597953754,2883,3,0.905255691437924,4,0,0,2,0
2884,c,0.9318978893120227,2884,3,0.9318978893120227,4,0,0,1,0
2885,c,0.9318978893120227,2885,3,0.9318978893120227,4,0,0,1,0
2886,a,0.9318978893120227,2886,4,0.9318978893120227,4,0,0,1,1
2887,a,0.9318978893120227,2887,4,0.9318978893120227,4,0,0,1,1
2888,c,0.9318978893120228,2888,3,0.9318978893120227,4,0,0,1,0
2889,c,0.9318978893120227,2889,5,0.9318978893120227,4,0,0,1,1
2890,c,0.9318978893120227,2890,3,0.9318978893120226,4,0,0,1,0
2891,c,0.9318978893120227,2891,5,0.9318978893120227,4,0,0,1,1
2892,c,0.9318978893120227,2892,3,0.9318978893120227,4,0,0,1,0
2893,a,0.9318978893120228,2893,4,0.9318978893120227,4,0,0,1,1
2894,c,0.9318978893120226,2894,3,0.9318978893120226,4,0,0,1,0
2895,a,0.9260965125738887,2895,4,0.9260965125738887,4,0,0,2,0
2896,a,0.9260965125738887,2896,4,0.9260965125738887,4,0,0,2,0
2897,c,0.9260965125738887,2897,5,0.9260965125738887,4,0,0,2,0
2898,c,0.9260965125738887,2898,5,0.9260965125738887,4,0,0,2,0
2899,a,0.9260965125738888,2899,4,0.9260965125738887,4,0,0,2,0
2900,a,0.9236299142412197,2900,6,0.9236299142412197,4,0,0,2,1
2901,s,0.2858966847348034,2901,6,0.2858966847348034,3,1,0,2,0
2902,a,0.93466456547125,2902,3,0.9041357292937066,4,2,0,0,0
2903,a,0.9346645654712511,2903,2,0.9005071459177166,4,1,0,0,0
2904,a,0.9346645654712511,2904,2,0.9005927534855199,4,1,0,0,0
2905,a,0.9291595560712461,2905,5,0.9294867480385748,4,3,0,1,0
2906,a,0.9346645654712511,2906,2,0.900748959506895,4,1,0,0,0
2907,a,0.93466456547125,2907,3,0.9047599165179209,4,2,0,0,0
2908,a,0.9346645654712511,2908,2,0.900917275169249,4,1,0,0,0
2909,a,0.9291595560712461,2909,4,0.9070634229745349,4,2,0,1,0
2910,a,0.9346645654712511,2910,2,0.9010703358388884,4,1,0,0,0
2911,a,0.9346645654712499,2911,4,0.8849520942425375,4,1,0,0,2
2912,a,0.9346645654712501,2912,3,0.9053566669410709,4,2,0,0,0
2913,a,0.9346645654712511,2913,2,0.9013173522332438,4,1,0,0,0
2914,a,0.9346645654712499,2914,4,0.8875685400966802,4,1,0,0,2
2915,a,0.9346645654712491,2915,3,0.8814111348176314,4,1,0,0,1
2916,a,0.929159556071245,2916,8,0.929159556071245,4,4,0,1,1
2917,a,0.9346645654712511,2917,2,0.9016277499117679,4,1,0,0,0
2918,a,0.9346645654712499,2918,5,0.9034765179979154,4,1,0,0,3
2919,a,0.9346645654712511,2919,2,0.9017873480545672,4,1,0,0,0
2920,a,0.6039162210249494,2920,5,0.6039162210249494,4,2,1,0,1
2921,a,0.9318978893120228,2921,2,0.8981710679147819,4,0,0,1,0
2922,a,0.9236299142412188,2922,3,0.8962348157560175,4,0,0,2,0
2923,a,0.9318978893120227,2923,2,0.8983301691721037,4,0,0,1,0
2924,a,0.9260965125738888,2924,3,0.8882163568393202,4,0,0,2,0
2925,a,0.9318978893120227,2925,2,0.8984941639944078,4,0,0,1,0
2926,a,0.9042922215955729,2926,6,0.9042922215955729,4,0,0,4,1
2927,a,0.8491409534709968,2927,4,0.8480582099468218,4,0,1,1,1
2928,a,0.9131613699567575,2928,6,0.9082439830700679,3,0,3,2,0
2929,a,0.9318978893120226,2929,2,0.8986370525590793,4,0,0,1,0
2930,a,0.9318978893120224,2930,2,0.8987250441907009,4,0,0,1,0
2931,a,0.9260965125738888,2931,3,0.8891268665328276,4,0,0,2,0
2932,a,0.9236299142412187,2932,3,0.896683581633546,4,0,0,2,0
2933,a,0.9318978893120224,2933,2,0.898949320263024,4,0,0,1,0
2934,a,0.9260965125738889,2934,3,0.8896550043334143,4,0,0,2,0
2935,a,0.9318978893120223,2935,2,0.8991062282561307,4,0,0,1,0
2936,a,0.9236299142412197,2936,4,0.9088327601454484,4,0,0,2,1
2937,a,0.9318978893120223,2937,2,0.8992550992874062,4,0,0,1,0
2938,s,0.2669932154717814,2938,8,0.2669932154717814,3,1,0,3,0
2939,a,0.9203312513506032,2939,5,0.9203312513506036,4,0,0,3,1
2940,a,0.9288459652466227,2940,6,0.9288459652466227,4,4,0,1,0
2941,a,0.9318978893120223,2941,4,0.9309621833865174,4,2,0,1,0
2942,a,0.934664565471251,2942,2,0.9028073504093445,4,1,0,0,0
2943,a,0.9346645654712507,2943,3,0.903672708562067,4,2,0,0,0
2944,a,0.9346645654712491,2944,3,0.9132275037740435,4,2,0,0,0
2945,a,0.934664565471251,2945,2,0.9030240661580646,4,1,0,0,0
2946,a,0.9288459652466211,2946,5,0.9288459652466213,4,2,0,1,1
2947,a,0.9318978893120221,2947,5,0.9318978893120227,4,3,0,1,0
2948,a,0.934664565471251,2948,2,0.9032185171075144,4,1,0,0,0
2949,a,0.934664565471251,2949,2,0.9032891823847363,4,1,0,0,0
2950,a,0.9346645654712507,2950,3,0.9044527795842023,4,2,0,0,0
2951,a,0.9318978893120221,2951,5,0.9318978893120223,4,2,0,1,1
2952,a,0.934664565471251,2952,2,0.9034931097800494,4,1,0,0,0
2953,s,0.4123534442381374,2953,7,0.4123534442381374,3,5,0,1,0
2954,a,0.9346645654712509,2954,2,0.9060978176232947,4,0,0,0,1
2955,c,0.9291595560712466,2955,7,0.9291595560712466,4,0,0,1,4
2956,a,0.9346645654712509,2956,2,0.9062012815236872,4,0,0,0,1
2957,a,0.9181915758153183,2957,5,0.9181915758153183,4,0,0,3,1
2958,d,0.9288459652466227,2958,7,0.9288459652466227,4,1,0,1,2
2959,a,0.9346645654712509,2959,2,0.9063269752726157,4,0,0,0,1
2960,a,0.9346645654712509,2960,2,0.9063833124300682,4,0,0,0,1
2961,a,0.9288459652466221,2961,2,0.9288459652466221,4,0,0,1,0
2962,a,0.9288459652466221,2962,2,0.9288459652466221,4,0,0,1,0
2963,d,0.2677858814627587,2963,3,0.2677858814627587,3,0,0,1,0
2964,a,0.9288459652466221,2964,2,0.7635809443006563,4,0,0,1,0
2965,a,0.9288459652466221,2965,2,0.7966339484898495,4,0,0,1,0
2966,a,0.9288459652466221,2966,2,0.8186692846159782,4,0,0,1,0
2967,a,0.9288459652466221,2967,2,0.8344088104203559,4,0,0,1,0
2968,a,0.9288459652466221,2968,2,0.8462134547736392,4,0,0,1,0
2969,a,0.9288459652466221,2969,2,0.8553948448261929,4,0,0,1,0
2970,a,0.9288459652466222,2970,2,0.8627399568682357,4,0,0,1,0
2971,a,0.9288459652466223,2971,2,0.8687495939935436,4,0,0,1,0
2972,a,0.9233752263754409,2972,3,0.9233752263754409,4,0,0,2,0
2973,a,0.9233752263754409,2973,3,0.9233752263754409,4,0,0,2,0
2974,d,0.9291595560712466,2974,4,0.9291595560712466,4,0,0,1,0
2975,d,0.9291595560712466,2975,4,0.9291595560712466,4,0,0,1,0
2976,s,0.412544233700546,2976,5,0.412544233700546,3,1,0,1,0
2977,a,0.9288459652466223,2977,2,0.8589826645746778,4,0,0,1,0
2978,a,0.9288459652466224,2978,2,0.8628639590564524,4,0,0,1,0
2979,a,0.9233752263754408,2979,3,0.8401648374948937,4,0,0,2,0
2980,a,0.9288459652466224,2980,2,0.8691886227319104,4,0,0,1,0
2981,a,0.9233752263754409,2981,3,0.8520520359064004,4,0,0,2,0
2982,a,0.9288459652466224,2982,2,0.8743633475572851,4,0,0,1,0
2983,a,0.9233752263754409,2983,3,0.8609674347150306,4,0,0,2,0
2984,a,0.9288459652466226,2984,2,0.8786756182450973,4,0,0,1,0
2985,a,0.923375226375441,2985,3,0.8679016337884096,4,0,0,2,0
2986,a,0.9288459652466226,2986,2,0.8823244626732462,4,0,0,1,0
2987,a,0.9288459652466226,2987,2,0.884047481287075,4,0,0,1,0
2988,a,0.923375226375441,2988,3,0.8734489930471125,4,0,0,2,0
2989,a,0.9288459652466226,2989,2,0.8869483857370031,4,0,0,1,0
2990,a,0.923375226375441,2990,3,0.877987741531506,4,0,0,2,0
2991,a,0.9288459652466227,2991,2,0.8894749799353275,4,0,0,1,0
2992,a,0.9233752263754409,2992,4,0.9233752263754409,4,0,0,2,1
2993,a,0.9288459652466227,2993,2,0.8916953202914308,4,0,0,1,0
2994,a,0.9233752263754409,2994,4,0.9233752263754409,4,0,0,2,1
2995,a,0.9288459652466227,2995,2,0.8936619074639794,4,0,0,1,0
2996,s,0.27941366133863504,2996,5,0.27941366133863504,3,1,0,2,1
2997,a,0.9288459652466227,2997,2,0.8780115239952577,4,0,0,1,0
2998,a,0.9288459652466227,2998,2,0.879349272449241,4,0,0,1,0
2999,a,0.9288459652466227,2999,2,0.8806184184184047,4,0,0,1,0
3000,a,0.8986480890853018,3000,3,0.8986480890853018,4,0,1,1,0
3001,a,0.8986480890853018,3001,3,0.8986480890853018,4,0,1,1,0
3002,a,0.8986480890852998,3002,4,0.8986480890852998,4,1,1,1,0
3003,a,0.8986480890852998,3003,4,0.8986480890852998,4,1,1,1,0
3004,a,0.8986480890853018,3004,3,0.8986480890853009,4,0,1,1,0
3005,a,0.8986480890852998,3005,5,0.8986480890852998,4,1,1,1,1
3006,a,0.8986480890853018,3006,3,0.8986480890853008,4,0,1,1,0
3007,a,0.8986480890852998,3007,5,0.8986480890852998,4,1,1,1,1
3008,a,0.8986480890853018,3008,3,0.8986480890853008,4,0,1,1,0
3009,a,0.8986480890852998,3009,4,0.8986480890852999,4,1,1,1,0
3010,a,0.8986480890853018,3010,3,0.8986480890853009,4,0,1,1,0
3011,c,0.8986480890853018,3011,4,0.8986480890853018,4,0,1,1,0
3012,c,0.8986480890853018,3012,4,0.8986480890853018,4,0,1,1,0
3013,a,0.848617220328298,3013,5,0.848617220328298,4,0,2,1,0
3014,a,0.848617220328298,3014,5,0.848617220328298,4,0,2,1,0
3015,c,0.8986480890853018,3015,4,0.8786357415825001,4,0,1,1,0
3016,s,0.2754645866802166,3016,6,0.2754645866802166,3,2,1,1,1
3017,a,0.9288459652466227,3017,2,0.8741532729490422,4,0,0,1,0
3018,a,0.9288459652466228,3018,2,0.8750962504024488,4,0,0,1,0
3019,a,0.9288459652466228,3019,2,0.8760072625184517,4,0,0,1,0
3020,a,0.9288459652466228,3020,2,0.8768879075639212,4,0,0,1,0
3021,a,0.9288459652466228,3021,2,0.8777396790013425,4,0,0,1,0
3022,a,0.9288459652466228,3022,2,0.8785639739407826,4,0,0,1,0
3023,d,0.2677858814627587,3023,3,0.2677858814627587,3,0,0,1,0
3024,a,0.9288459652466228,3024,2,0.8698062223599672,4,0,0,1,0
3025,a,0.9288459652466228,3025,2,0.870714526096685,4,0,0,1,0
3026,a,0.9288459652466228,3026,2,0.8715953054777447,4,0,0,1,0
3027,a,0.9288459652466228,3027,2,0.8724497929369817,4,0,0,1,0
3028,a,0.9288459652466228,3028,2,0.8732791484121234,4,0,0,1,0
3029,a,0.9288459652466228,3029,2,0.8740844645981306,4,0,0,1,0
3030,a,0.9288459652466228,3030,2,0.874866771750252,4,0,0,1,0
3031,a,0.9288459652466228,3031,2,0.8756270420811868,4,0,0,1,0
3032,a,0.9288459652466228,3032,2,0.8763661937918178,4,0,0,1,0
3033,a,0.9233752263754409,3033,3,0.8471602998207683,4,0,0,2,0
3034,a,0.9288459652466228,3034,2,0.8777106370896345,4,0,0,1,0
3035,a,0.9233752263754409,3035,3,0.8519237327304354,4,0,0,2,0
3036,a,0.9288459652466228,3036,2,0.8789843202138817,4,0,0,1,0
3037,d,0.9291595560712466,3037,4,0.8000057254785714,4,0,0,1,0
3038,a,0.9288459652466228,3038,2,0.8802668443278574,4,0,0,1,0
3039,d,0.9291595560712466,3039,4,0.8258364915971065,4,0,0,1,0
3040,s,0.3797402261414798,3040,6,0.3797402261414798,3,0,3,1,0
3041,a,0.9288459652466229,3041,2,0.8752908593213854,4,0,0,1,0
3042,a,0.923375226375441,3042,3,0.8638144243265737,4,0,0,2,0
3043,a,0.9288459652466229,3043,2,0.8765154312849913,4,0,0,1,0
3044,d,0.9291595560712466,3044,4,0.8430570023427965,4,0,0,1,0
3045,a,0.9288459652466229,3045,2,0.8777504272702605,4,0,0,1,0
3046,a,0.923375226375441,3046,3,0.86976232593579,4,0,0,2,0
3047,a,0.9288459652466229,3047,2,0.8788621552826921,4,0,0,1,0
3048,d,0.9291595560712466,3048,4,0.8553573671611464,4,0,0,1,0
3049,a,0.9288459652466229,3049,2,0.8799889104596862,4,0,0,1,0
3050,a,0.923375226375441,3050,3,0.8746758098738382,4,0,0,2,0
3051,a,0.9288459652466229,3051,2,0.8810025738740015,4,0,0,1,0
3052,d,0.9291595560712465,3052,4,0.8645826407749089,4,0,0,1,0
3053,a,0.9288459652466229,3053,2,0.8820348359553979,4,0,0,1,0
3054,a,0.923375226375441,3054,3,0.8788031363817987,4,0,0,2,0
3055,a,0.9288459652466229,3055,2,0.8829627466892007,4,0,0,1,0
3056,a,0.9288459652466229,3056,2,0.8834406968825071,4,0,0,1,0
3057,a,0.9233752263754408,3057,4,0.7623848351162394,4,0,0,2,1
3058,a,0.9288459652466229,3058,2,0.8843115111463546,4,0,0,1,0
3059,a,0.9233752263754409,3059,4,0.7945829133680797,4,0,0,2,1
3060,a,0.9288459652466229,3060,2,0.8851474928396482,4,0,0,1,0
3061,d,0.9291595560712465,3061,4,0.871757853585613,4,0,0,1,0
3062,a,0.9288459652466229,3062,2,0.886007400051791,4,0,0,1,0
3063,s,0.6557084239930857,3063,3,0.6557084239930857,3,0,1,1,0
3064,s,0.6557084239930857,3064,3,0.6557084239930857,3,0,1,1,0
3065,a,0.6544238162445827,3065,4,0.6544238162445827,3,0,1,2,0
3066,a,0.6544238162445827,3066,4,0.6544238162445827,3,0,1,2,0
3067,s,0.6557084239930857,3067,3,0.6551945808936844,3,0,1,1,0
3068,a,0.9233752263754409,3068,4,0.8160482988693066,4,0,0,2,1
3069,a,0.9288459652466229,3069,2,0.8761554945080109,4,0,0,1,0
3070,a,0.923375226375441,3070,3,0.886424629037266,4,0,0,2,0
3071,a,0.9288459652466229,3071,2,0.8770555864233807,4,0,0,1,0
3072,d,0.9291595560712465,3072,4,0.8774980238341763,4,0,0,1,0
3073,a,0.9288459652466229,3073,2,0.8779750054363993,4,0,0,1,0
3074,a,0.6544238162445816,3074,5,0.6544238162445816,3,1,1,2,0
3075,a,0.923375226375441,3075,4,0.8313807170844687,4,0,0,2,1
3076,a,0.9288459652466229,3076,2,0.8768777639843084,4,0,0,1,0
3077,a,0.9288459652466229,3077,2,0.8773219366446701,4,0,0,1,0
3078,a,0.923375226375441,3078,3,0.8899590569678821,4,0,0,2,0
3079,a,0.9288459652466229,3079,2,0.8781419141096509,4,0,0,1,0
3080,a,0.923375226375441,3080,4,0.8428800307458403,4,0,0,2,1
3081,a,0.9288459652466229,3081,2,0.8789347848815746,4,0,0,1,0
3082,d,0.9291595560712465,3082,4,0.882194526764819,4,0,0,1,0
3083,a,0.9288459652466229,3083,2,0.8797488983088487,4,0,0,1,0
3084,a,0.923375226375441,3084,3,0.8929044135767289,4,0,0,2,0
3085,a,0.9288459652466229,3085,2,0.8804906854688836,4,0,0,1,0
3086,a,0.9288459652466229,3086,2,0.8808744575306117,4,0,0,1,0
3087,a,0.923375226375441,3087,4,0.8518239413713515,4,0,0,2,1
3088,a,0.9288459652466229,3088,2,0.8815812721912433,4,0,0,1,0
3089,c,0.9291595560712466,3089,5,0.9291595560712466,4,0,0,1,0
3090,a,0.9288459652466229,3090,2,0.8823108335522847,4,0,0,1,0
3091,a,0.9233752263754409,3091,3,0.8953966383995993,4,0,0,2,0
3092,a,0.8986480890853017,3092,3,0.8332716099872534,4,0,1,1,0
3093,a,0.9288459652466229,3093,2,0.8830923131015366,4,0,0,1,0
3094,a,0.13217879791199064,3094,4,0.13217879791199064,4,0,1,2,0
3095,a,0.9288459652466229,3095,2,0.8778689067086146,4,0,0,1,0
3096,a,0.8986480890853017,3096,3,0.8365404339421557,4,0,1,1,0
3097,a,0.9288459652466228,3097,2,0.8783926748904737,4,0,0,1,0
3098,a,0.9288459652466228,3098,2,0.8787582784437792,4,0,0,1,0
3099,a,0.8986480890853018,3099,3,0.8394979413299246,4,0,1,1,0
3100,a,0.9288459652466228,3100,2,0.8792581177112389,4,0,0,1,0
3101,a,0.9288459652466228,3101,2,0.8796098045731919,4,0,0,1,0
3102,a,0.9288459652466228,3102,2,0.8799565380990612,4,0,0,1,0
3103,a,0.8986480890853018,3103,3,0.8421865844097145,4,0,1,1,0
3104,a,0.9288459652466228,3104,2,0.8804258504472126,4,0,0,1,0
3105,a,0.9288459652466228,3105,2,0.8807597822734154,4,0,0,1,0
3106,a,0.8986480890853019,3106,3,0.844641432439088,4,0,1,1,0
3107,a,0.9288459652466228,3107,2,0.8812085883263753,4,0,0,1,0
3108,a,0.9288459652466228,3108,2,0.8815304624947552,4,0,0,1,0
3109,a,0.8986480890853019,3109,3,0.8468917097993468,4,0,1,1,0
3110,a,0.9288459652466228,3110,2,0.8819600166903712,4,0,0,1,0
3111,a,0.9288459652466228,3111,2,0.8822705196609423,4,0,0,1,0
3112,a,0.8986480890853019,3112,3,0.848961964970785,4,0,1,1,0
3113,a,0.9288459652466228,3113,2,0.8826819772753869,4,0,0,1,0
3114,a,0.9288459652466228,3114,2,0.8829817434310442,4,0,0,1,0
3115,a,0.9288459652466228,3115,2,0.8832776416363058,4,0,0,1,0
3116,a,0.898648089085302,3116,3,0.8508729697444204,4,0,1,1,0
3117,a,0.9288459652466228,3117,2,0.8836657866749001,4,0,0,1,0
3118,a,0.9288459652466228,3118,2,0.8839517371721894,4,0,0,1,0
3119,a,0.898648089085302,3119,3,0.8526424186088974,4,0,1,1,0
3120,a,0.9288459652466228,3120,2,0.8843241782971114,4,0,0,1,0
3121,a,0.9288459652466229,3121,2,0.8846007111353071,4,0,0,1,0
3122,c,0.8986480890853018,3122,4,0.8102238604484688,4,0,1,1,0
3123,a,0.9288459652466229,3123,2,0.8849583346448856,4,0,0,1,0
3124,a,0.9288459652466229,3124,2,0.8852259421485547,4,0,0,1,0
3125,a,0.9288459652466229,3125,2,0.8854903059249064,4,0,0,1,0
3126,a,0.8986480890852998,3126,4,0.8096218744560023,4,1,1,1,0
3127,a,0.9288459652466229,3127,2,0.8858287097721046,4,0,0,1,0
3128,s,0.6557084239930857,3128,3,0.6551578778151557,3,0,1,1,0
3129,a,0.9288459652466229,3129,2,0.8847215912495927,4,0,0,1,0
3130,a,0.898648089085302,3130,3,0.8572429856565378,4,0,1,1,0
3131,a,0.9288459652466229,3131,2,0.8850610700322401,4,0,0,1,0
3132,a,0.9288459652466229,3132,2,0.8853156333765098,4,0,0,1,0
3133,a,0.9288459652466229,3133,2,0.8855672537919438,4,0,0,1,0
3134,c,0.8986480890853018,3134,4,0.8212768890280729,4,0,1,1,0
3135,a,0.9288459652466229,3135,2,0.8858893083447896,4,0,0,1,0
3136,a,0.9288459652466229,3136,2,0.8861333802590046,4,0,0,1,0
3137,a,0.8986480890852999,3137,4,0.8207501512846644,4,1,1,1,0
3138,a,0.9288459652466229,3138,2,0.8864436459545882,4,0,0,1,0
3139,a,0.9288459652466229,3139,2,0.8866805304199068,4,0,0,1,0
3140,a,0.898648089085302,3140,3,0.8610070859682436,4,0,1,1,0
3141,a,0.9288459652466229,3141,2,0.8869796077320178,4,0,0,1,0
3142,a,0.9233752263754409,3142,4,0.8589790698717603,4,0,0,2,1
3143,a,0.9288459652466229,3143,2,0.8874072688039195,4,0,0,1,0
3144,a,0.9288459652466229,3144,2,0.8876324791106732,4,0,0,1,0
3145,c,0.9291595560712466,3145,5,0.9291595560712466,4,0,0,1,0
3146,c,0.8986480890853018,3146,4,0.8298736890344317,4,0,1,1,0
3147,a,0.9288459652466229,3147,2,0.8881338490201446,4,0,0,1,0
3148,a,0.9233752263754409,3148,3,0.8797339001004301,4,0,0,2,0
3149,a,0.9288459652466229,3149,2,0.8885357193565561,4,0,0,1,0
3150,s,0.26620866986289693,3150,6,0.26620866986289693,3,0,0,2,0
3151,a,0.8986480890852998,3151,4,0.8294054777069573,4,1,1,1,0
3152,a,0.9288459652466229,3152,2,0.8855570504301244,4,0,0,1,0
3153,a,0.9288459652466229,3153,2,0.8857813453255466,4,0,0,1,0
3154,a,0.9288459652466229,3154,2,0.8860033279024594,4,0,0,1,0
3155,a,0.8986480890853019,3155,3,0.8641438362279984,4,0,1,1,0
3156,a,0.9288459652466229,3156,2,0.8862864268745358,4,0,0,1,0
3157,a,0.9288459652466229,3157,2,0.8865024651403839,4,0,0,1,0
3158,c,0.8986480890853017,3158,4,0.8367511290395188,4,0,1,1,0
3159,a,0.9288459652466229,3159,2,0.8867762798341082,4,0,0,1,0
3160,a,0.9288459652466229,3160,2,0.8869866282611707,4,0,0,1,0
3161,a,0.9288459652466229,3161,2,0.8871948836690585,4,0,0,1,0
3162,a,0.8986480890852998,3162,4,0.8363297388447914,4,1,1,1,0
3163,a,0.9288459652466229,3163,2,0.8874564811419343,4,0,0,1,0
3164,a,0.9288459652466229,3164,2,0.8876593707698984,4,0,0,1,0
3165,a,0.9288459652466229,3165,2,0.887860280986858,4,0,0,1,0
3166,a,0.898648089085302,3166,3,0.8667980095247138,4,0,1,1,0
3167,a,0.9288459652466229,3167,2,0.8881103944765111,4,0,0,1,0
3168,a,0.9288459652466229,3168,2,0.888306238566752,4,0,0,1,0
3169,c,0.8538099082570574,3169,4,0.8538099082570574,4,0,1,1,0
3170,a,0.9288459652466229,3170,2,0.888335016644705,4,0,0,1,0
3171,a,0.9288459652466229,3171,2,0.8885270116617757,4,0,0,1,0
3172,a,0.9288459652466229,3172,2,0.8887171954051004,4,0,0,1,0
3173,a,0.9288459652466229,3173,2,0.888905593385577,4,0,0,1,0
3174,a,0.9288459652466229,3174,2,0.8890922306372641,4,0,0,1,0
3175,c,0.9288459652466221,3175,3,0.9288459652466221,4,0,0,1,0
3176,c,0.9288459652466221,3176,3,0.9288459652466221,4,0,0,1,0
3177,s,0.26611882458739067,3177,4,0.26611882458739067,3,0,0,2,0
3178,c,0.9288459652466221,3178,3,0.7631641800818143,4,0,0,1,0
3179,c,0.9288459652466221,3179,3,0.7963005371147759,4,0,0,1,0
3180,c,0.9288459652466221,3180,3,0.8183914418034169,4,0,0,1,0
3181,c,0.9288459652466221,3181,3,0.8341706594381605,4,0,0,1,0
3182,c,0.9288459652466221,3182,3,0.8460050726642182,4,0,0,1,0
3183,c,0.9288459652466221,3183,3,0.8552096162844853,4,0,0,1,0
3184,c,0.9288459652466222,3184,3,0.862573251180699,4,0,0,1,0
3185,c,0.9288459652466223,3185,3,0.8685980433685103,4,0,0,1,0
3186,a,0.9230635877588187,3186,4,0.9230635877588187,4,0,0,2,0
3187,a,0.9230635877588187,3187,4,0.9230635877588187,4,0,0,2,0
3188,s,0.28294872349904326,3188,5,0.28294872349904326,3,0,0,3,0
3189,c,0.9288459652466223,3189,3,0.8408333560877944,4,0,0,1,0
3190,c,0.9288459652466224,3190,3,0.8463341441602212,4,0,0,1,0
3191,c,0.9288459652466224,3191,3,0.8511877806947155,4,0,0,1,0
3192,c,0.9288459652466224,3192,3,0.8555021242809325,4,0,0,1,0
3193,c,0.9288459652466226,3193,3,0.8593623264370215,4,0,0,1,0
3194,c,0.9288459652466226,3194,3,0.8628365083775016,4,0,0,1,0
3195,a,0.9230635877588188,3195,4,0.7630348716938748,4,0,0,2,0
3196,a,0.9230635877588187,3196,4,0.7950406149068636,4,0,0,2,0
3197,a,0.9230635877588187,3197,4,0.8163777770488561,4,0,0,2,0
3198,c,0.9288459652466226,3198,3,0.8731152873363796,4,0,0,1,0
3199,a,0.9230635877588186,3199,4,0.8316186071502792,4,0,0,2,0
3200,c,0.9288459652466226,3200,3,0.8771798634260981,4,0,0,1,0
3201,a,0.9230635877588186,3201,4,0.8430492297263467,4,0,0,2,0
3202,c,0.9288459652466227,3202,3,0.8806637857887141,4,0,0,1,0
3203,a,0.9230635877588186,3203,4,0.8519397139521768,4,0,0,2,0
3204,c,0.9288459652466227,3204,3,0.8836831851696478,4,0,0,1,0
3205,a,0.9230635877588187,3205,4,0.8590521013328412,4,0,0,2,0
3206,c,0.9288459652466227,3206,3,0.8863251596279649,4,0,0,1,0
3207,a,0.9230635877588187,3207,4,0.8648713273715664,4,0,0,2,0
3208,c,0.9288459652466227,3208,3,0.888656313561774,4,0,0,1,0
3209,c,0.9230635877588187,3209,5,0.9230635877588187,4,0,0,2,0
3210,c,0.9288459652466227,3210,3,0.8907284503918267,4,0,0,1,0
3211,c,0.9230635877588187,3211,5,0.9230635877588187,4,0,0,2,0
3212,c,0.9288459652466227,3212,3,0.8925824675555579,4,0,0,1,0
3213,c,0.9230635877588187,3213,6,0.9230635877588187,4,0,0,2,0
3214,s,0.8772497643296203,3214,4,0.8772497643296203,3,0,1,1,0
3215,s,0.8772497643296203,3215,4,0.8772497643296203,3,0,1,1,0
3216,s,0.1474025439848827,3216,5,0.1474025439848827,3,0,1,1,0
3217,c,0.9288459652466227,3217,3,0.8760917533200178,4,0,0,1,0
3218,c,0.9230635877588187,3218,6,0.9230635877588187,4,0,0,2,0
3219,c,0.9288459652466228,3219,3,0.8783078876836934,4,0,0,1,0
3220,s,0.8772497643296203,3220,4,0.694787959243436,3,0,1,1,0
3221,s,0.8772497643296203,3221,4,0.7312803202606728,3,0,1,1,0
3222,c,0.9230635877588188,3222,5,0.9230635877588187,4,0,0,2,0
3223,c,0.8538099082570574,3223,4,0.8538099082570574,4,0,1,1,0
3224,d,0.040158984656698066,3224,6,0.040158984656698066,3,1,1,0,2
3225,s,0.8772497643296203,3225,4,0.7556085609388307,3,0,1,1,0
3226,a,0.9288459652466229,3226,2,0.8872719285146866,4,0,0,1,0
3227,a,0.9288459652466229,3227,2,0.8874282218858593,4,0,0,1,0
3228,c,0.9288459652466228,3228,3,0.88015027583521,4,0,0,1,0
3229,a,0.9288459652466229,3229,2,0.8877373095228798,4,0,0,1,0
3230,c,0.9288459652466228,3230,3,0.8811050932746495,4,0,0,1,0
3231,a,0.8538099082570574,3231,5,0.8538099082570574,4,1,1,1,0
3232,a,0.9346645654712493,3232,3,0.9123637458179813,4,0,0,0,2
3233,a,0.9318978893120226,3233,3,0.9019056540649165,4,0,0,1,1
3234,a,0.9346645654712509,3234,2,0.9065455201039107,4,0,0,0,1
3235,a,0.9346645654712499,3235,4,0.8769235947954604,4,0,0,0,3
3236,a,0.9260965125738908,3236,5,0.92609651257389,4,1,0,2,1
3237,a,0.9346645654712509,3237,2,0.9066944181062773,4,0,0,0,1
3238,a,0.9346645654712498,3238,4,0.9332681014173393,4,0,0,0,3
3239,a,0.934664565471251,3239,2,0.9068038903073142,4,0,0,0,1
3240,a,0.9181915758153183,3240,5,0.9181915758153183,4,0,0,3,1
3241,a,0.851661935714584,3241,2,0.8386742354595941,4,0,1,0,0
3242,a,0.9346645654712493,3242,3,0.9132106123870929,4,0,0,0,2
3243,a,0.934664565471251,3243,2,0.9069344526338432,4,0,0,0,1
3244,a,0.9346645654712509,3244,5,0.9333715431991104,4,1,0,0,3
3245,a,0.9318978893120226,3245,3,0.9029574304157596,4,0,0,1,1
3246,a,0.934664565471251,3246,2,0.9070900109749515,4,0,0,0,1
3247,a,0.9346645654712499,3247,5,0.9323052757283913,4,0,0,0,4
3248,a,0.934664565471251,3248,2,0.9071962713005632,4,0,0,0,1
3249,a,0.9260965125738887,3249,4,0.9243225860436476,4,0,0,2,1
3250,a,0.9346645654712492,3250,3,0.913995513109684,4,0,0,0,2
3251,a,0.934664565471251,3251,2,0.9073377211657254,4,0,0,0,1
3252,a,0.9318978893120226,3252,3,0.9037122063730698,4,0,0,1,1
3253,a,0.934664565471251,3253,2,0.9074367421818549,4,0,0,0,1
3254,a,0.9346645654712499,3254,4,0.877892758615274,4,0,0,0,3
3255,c,0.9181915758153183,3255,6,0.9181915758153183,4,0,0,3,1
3256,a,0.934664565471251,3256,2,0.907560481233491,4,0,0,0,1
3257,a,0.9346645654712509,3257,5,0.9320785209269717,4,1,0,0,3
3258,a,0.934664565471251,3258,2,0.9076629541417621,4,0,0,0,1
3259,a,0.9346645654712499,3259,4,0.8841412161299341,4,0,0,0,3
3260,c,0.9203312513506052,3260,8,0.9203312513506052,4,2,0,3,1
3261,a,0.934664565471251,3261,2,0.9077882765475286,4,0,0,0,1
3262,a,0.9346645654712492,3262,3,0.914956864382315,4,0,0,0,2
3263,a,0.934664565471251,3263,2,0.9078889368056698,4,0,0,0,1
3264,a,0.9318978893120226,3264,3,0.9045355966141635,4,0,0,1,1
3265,a,0.9346645654712509,3265,7,0.9346645654712509,4,2,0,0,4
3266,a,0.934664565471251,3266,2,0.9080333692262238,4,0,0,0,1
3267,c,0.9181915758153183,3267,6,0.9181915758153183,4,0,0,3,1
3268,a,0.9346645654712498,3268,4,0.9334177225659727,4,0,0,0,3
3269,a,0.934664565471251,3269,2,0.908150814780074,4,0,0,0,1
3270,c,0.9291595560712466,3270,7,0.9291595560712466,4,0,0,1,4
3271,a,0.934664565471251,3271,2,0.9082384946545801,4,0,0,0,1
3272,a,0.9318978893120226,3272,4,0.9289393821731428,4,0,0,1,2
3273,a,0.9260965125738897,3273,6,0.9260965125738891,4,2,0,2,1
3274,a,0.934664565471251,3274,2,0.9083631615965864,4,0,0,0,1
3275,a,0.9346645654712492,3275,3,0.9157715954373788,4,0,0,0,2
3276,a,0.9346645654712494,3276,3,0.9063053651159736,4,0,0,0,2
3277,a,0.9318978893120226,3277,3,0.9053699857856133,4,0,0,1,1
3278,a,0.934664565471251,3278,2,0.9085497534715214,4,0,0,0,1
3279,a,0.9346645654712499,3279,6,0.9323371253813979,4,2,0,0,3
3280,a,0.9258961662019545,3280,7,0.9258961662019545,4,0,1,2,3
3281,a,0.934664565471251,3281,2,0.9086757970163218,4,0,0,0,1
3282,a,0.9260965125738887,3282,4,0.9243072935735593,4,0,0,2,1
3283,a,0.9346645654712499,3283,4,0.8845717947159771,4,0,0,0,3
3284,a,0.934664565471251,3284,2,0.9088008389126595,4,0,0,0,1
3285,a,0.9291595560712466,3285,5,0.9291595560712466,4,0,0,1,3
3286,a,0.9230635877588181,3286,5,0.8823678116577456,4,0,0,1,3
3287,a,0.9346645654712498,3287,4,0.8894490877567467,4,0,0,0,3
3288,a,0.9181915758153183,3288,5,0.9181915758153183,4,0,0,3,1
3289,a,0.9346645654712503,3289,3,0.8811805552786726,4,1,0,0,1
3290,a,0.934664565471251,3290,2,0.9090176007354457,4,0,0,0,1
3291,a,0.9346645654712493,3291,3,0.9072016207159296,4,0,0,0,2
3292,a,0.9346645654712504,3292,3,0.882189687546457,4,1,0,0,1
3293,a,0.9346645654712492,3293,3,0.9165755516090329,4,0,0,0,2
3294,a,0.934664565471251,3294,2,0.9091991721672037,4,0,0,0,1
3295,a,0.9288459652466227,3295,3,0.8953240204057344,4,0,0,1,1
3296,a,0.9318978893120226,3296,3,0.9061401911746441,4,0,0,1,1
3297,a,0.9346645654712504,3297,3,0.8831614445450643,4,1,0,0,1
3298,a,0.9236299142412197,3298,5,0.9236299142412207,4,0,0,2,2
3299,a,0.9288459652466227,3299,6,0.9288459652466227,4,1,0,1,3
3300,a,0.934664565471251,3300,2,0.9094222086505415,4,0,0,0,1
3301,a,0.9288459652466221,3301,4,0.9154771249153685,4,0,0,1,2
3302,a,0.9346645654712505,3302,3,0.8840978649255404,4,1,0,0,1
3303,a,0.9318978893120226,3303,3,0.9064662379865096,4,0,0,1,1
3304,a,0.934664565471251,3304,2,0.9095828767390616,4,0,0,0,1
3305,a,0.9346645654712499,3305,5,0.9346645654712504,4,0,0,0,4
3306,a,0.9233752263754409,3306,7,0.9233752263754409,4,0,0,2,4
3307,a,0.9288459652466229,3307,2,0.8879155010733656,4,0,0,1,0
3308,s,0.28294872349904243,3308,7,0.28294872349904243,3,1,0,2,0
3309,a,0.9346645654712505,3309,3,0.8850008417209996,4,1,0,0,1
3310,a,0.9288459652466227,3310,3,0.8963246754756118,4,0,0,1,1
3311,a,0.3877386305440534,3311,4,0.3877386305440534,4,1,1,1,0
3312,a,0.9203312513506032,3312,5,0.9203312513506038,4,0,0,3,1
3313,a,0.934664565471251,3313,2,0.9097877801451755,4,0,0,0,1
3314,a,0.9346645654712498,3314,5,0.9322178946268038,4,0,0,0,4
3315,a,0.9346645654712507,3315,3,0.8858721351201269,4,1,0,0,1
3316,a,0.9346645654712493,3316,3,0.9079341188127604,4,0,0,0,2
3317,a,0.934664565471251,3317,2,0.9099578778226189,4,0,0,0,1
3318,a,0.9288459652466227,3318,5,0.9276676283868811,4,1,0,1,2
3319,a,0.9346645654712507,3319,3,0.8867133839192841,4,1,0,0,1
3320,a,0.9346645654712491,3320,3,0.9172545052337702,4,0,0,0,2
3321,s,0.9264095979537554,3321,7,0.9264095979537554,4,1,0,2,1
3322,a,0.9318978893120227,3322,4,0.9287236151025736,4,0,0,1,2
3323,a,0.934664565471251,3323,2,0.9101802126483222,4,0,0,0,1
3324,a,0.9346645654712508,3324,3,0.8875261158099955,4,1,0,0,1
3325,a,0.9288459652466227,3325,3,0.8972673215559309,4,0,0,1,1
3326,a,0.9346645654712499,3326,4,0.9333506880011727,4,0,0,0,3
3327,a,0.9318978893120226,3327,3,0.9071886773115931,4,0,0,1,1
3328,a,0.934664565471251,3328,2,0.9103712134666626,4,0,0,0,1
3329,a,0.9346645654712492,3329,3,0.9085376213979718,4,0,0,0,2
3330,a,0.920642387669033,3330,7,0.920642387669033,4,1,0,3,2
3331,a,0.9346645654712499,3331,4,0.8898447179533742,4,0,0,0,3
3332,a,0.9230635877588181,3332,5,0.8891504410079244,4,0,0,1,3
3333,a,0.934664565471251,3333,2,0.9105306870182572,4,0,0,0,1
3334,a,0.9291595560712466,3334,5,0.9283332232575601,4,0,0,1,3
3335,a,0.9260965125738908,3335,5,0.9260965125738901,4,1,0,2,1
3336,a,0.9346645654712501,3336,3,0.9059277506793543,4,2,0,0,0
3337,a,0.9346645654712511,3337,2,0.9012307133010989,4,1,0,0,0
3338,a,0.929159556071246,3338,4,0.9082578085473301,4,2,0,1,0
3339,a,0.9346645654712511,3339,2,0.9013771636470184,4,1,0,0,0
3340,a,0.9346645654712501,3340,3,0.906474788786552,4,2,0,0,0
3341,a,0.9346645654712511,3341,2,0.901535298572549,4,1,0,0,0
3342,a,0.9346645654712501,3342,3,0.9067684322936843,4,2,0,0,0
3343,a,0.9346645654712511,3343,2,0.9016919381323536,4,1,0,0,0
3344,a,0.9346645654712511,3344,2,0.9017697037628698,4,1,0,0,0
3345,a,0.9310136438861084,3345,8,0.9310136438861084,4,5,0,1,1
3346,a,0.9346645654712511,3346,2,0.9019155694948688,4,1,0,0,0
3347,a,0.9346645654712502,3347,3,0.9073004868321535,4,2,0,0,0
3348,a,0.9346645654712512,3348,2,0.9020686021863471,4,1,0,0,0
3349,a,0.9291595560712459,3349,4,0.9093772337489378,4,2,0,1,0
3350,a,0.9346645654712512,3350,2,0.9022074089704628,4,1,0,0,0
3351,a,0.9346645654712502,3351,3,0.9077927183109353,4,2,0,0,0
3352,a,0.9346645654712512,3352,2,0.9023576735838923,4,1,0,0,0
3353,a,0.9346645654712512,3353,2,0.9024322853434473,4,1,0,0,0
3354,a,0.929159556071246,3354,5,0.929159556071246,4,2,0,1,1
3355,a,0.9346645654712494,3355,3,0.8923509094686034,4,1,0,0,1
3356,a,0.9288459652466201,3356,5,0.9288459652466204,4,2,0,1,1
3357,a,0.9346645654712512,3357,2,0.902701405505659,4,1,0,0,0
3358,a,0.9346645654712502,3358,3,0.9082656465944708,4,2,0,0,0
3359,a,0.9346645654712512,3359,2,0.9028470235465045,4,1,0,0,0
3360,a,0.9346645654712493,3360,3,0.8933743992319887,4,1,0,0,1
3361,c,0.9346645654712504,3361,4,0.9346645654712504,4,2,0,0,0
3362,a,0.9346645654712512,3362,2,0.9030629797134143,4,1,0,0,0
3363,a,0.9230635877588171,3363,7,0.9230635877588171,4,2,0,1,3
3364,c,0.9346645654712504,3364,4,0.9346645654712504,4,2,0,0,0
3365,a,0.9346645654712512,3365,2,0.9032499544989446,4,1,0,0,0
3366,a,0.9346645654712499,3366,5,0.9346645654712499,4,3,0,0,0
3367,a,0.9346645654712493,3367,3,0.8942728720771291,4,1,0,0,1
3368,a,0.9346645654712512,3368,2,0.9034603201974197,4,1,0,0,0
3369,a,0.9346645654712499,3369,5,0.9346645654712499,4,3,0,0,0
3370,a,0.9346645654712492,3370,3,0.8947777682445557,4,1,0,0,1
3371,a,0.9346645654712512,3371,2,0.9036678872391524,4,1,0,0,0
3372,a,0.9288459652466228,3372,4,0.9279207848485731,4,1,0,1,1
3373,c,0.9346645654712504,3373,4,0.9346645654712503,4,2,0,0,0
3374,a,0.9346645654712512,3374,2,0.9038598948040678,4,1,0,0,0
3375,a,0.9346645654712512,3375,2,0.9039275973769627,4,1,0,0,0
3376,a,0.9346645654712509,3376,6,0.9346645654712509,4,4,0,0,0
3377,a,0.9346645654712492,3377,3,0.8956796584180772,4,1,0,0,1
3378,a,0.9346645654712512,3378,2,0.9041289312291085,4,1,0,0,0
3379,a,0.9288459652466211,3379,8,0.9288459652466211,4,4,0,1,2
3380,c,0.9346645654712504,3380,4,0.9346645654712505,4,2,0,0,0
3381,a,0.9346645654712512,3381,2,0.9043150229915852,4,1,0,0,0
3382,a,0.9346645654712509,3382,6,0.9346645654712509,4,4,0,0,0
3383,a,0.9346645654712492,3383,3,0.8965386014404786,4,1,0,0,1
3384,a,0.9346645654712512,3384,2,0.9045112484817552,4,1,0,0,0
3385,c,0.9346645654712503,3385,4,0.9346645654712505,4,2,0,0,0
3386,a,0.9288459652466227,3386,5,0.9262760196964872,4,1,0,1,2
3387,a,0.9346645654712512,3387,2,0.9046924933441617,4,1,0,0,0
3388,s,0.8847644173219908,3388,7,0.8847644173219908,3,4,1,0,0
3389,a,0.9346645654712492,3389,3,0.8973575936246287,4,1,0,0,1
3390,a,0.9346645654712512,3390,2,0.9047776339148681,4,1,0,0,0
3391,a,0.9288459652466228,3391,4,0.9280199113197927,4,1,0,1,1
3392,a,0.9346645654712512,3392,2,0.9048919459125124,4,1,0,0,0
3393,a,0.9346645654712512,3393,2,0.9049548901399093,4,1,0,0,0
3394,a,0.9346645654712491,3394,3,0.8981393588913176,4,1,0,0,1
3395,a,0.9346645654712512,3395,2,0.9050799835097253,4,1,0,0,0
3396,c,0.9346645654712503,3396,4,0.9301281883667724,4,2,0,0,0
3397,a,0.9288459652466201,3397,5,0.9288459652466203,4,2,0,1,1
3398,a,0.9346645654712492,3398,3,0.878697038746434,4,1,0,0,1
3399,a,0.9346645654712512,3399,2,0.9053148889953649,4,1,0,0,0
3400,a,0.9346645654712498,3400,4,0.8920538758466391,4,1,0,0,2
3401,a,0.9346645654712504,3401,5,0.9346645654712504,4,3,0,0,0
3402,a,0.9346645654712491,3402,3,0.8988863790350425,4,1,0,0,1
3403,a,0.9346645654712493,3403,3,0.880419116491813,4,1,0,0,1
3404,a,0.9346645654712512,3404,2,0.9056180881325122,4,1,0,0,0
3405,a,0.9346645654712498,3405,4,0.8939907253750303,4,1,0,0,2
3406,a,0.9346645654712504,3406,5,0.9346645654712504,4,3,0,0,0
3407,a,0.9230635877588188,3407,6,0.9230635877588181,4,1,0,1,3
3408,a,0.9346645654712493,3408,3,0.8820383836255277,4,1,0,0,1
3409,a,0.9346645654712512,3409,2,0.9058913629975044,4,1,0,0,0
3410,a,0.9346645654712498,3410,5,0.9073750239320822,4,1,0,0,3
3411,a,0.9288459652466206,3411,6,0.9288459652466206,4,3,0,1,0
3412,a,0.9346645654712494,3412,3,0.8835637802007661,4,1,0,0,1
3413,a,0.9346645654712512,3413,2,0.9061130145384177,4,1,0,0,0
3414,a,0.9346645654712491,3414,3,0.8995380681128684,4,1,0,0,1
3415,a,0.9346645654712499,3415,4,0.8973802120497152,4,1,0,0,2
3416,a,0.9288459652466206,3416,6,0.9288459652466206,4,3,0,1,0
3417,a,0.9288459652466229,3417,4,0.9279133237163308,4,1,0,1,1
3418,a,0.9346645654712512,3418,2,0.9063763088239898,4,1,0,0,0
3419,a,0.9346645654712494,3419,3,0.8850032389407797,4,1,0,0,1
3420,a,0.9318978893120237,3420,6,0.8793938133531081,4,1,0,1,3
3421,a,0.9346645654712512,3421,2,0.9065401772746534,4,1,0,0,0
3422,a,0.9346645654712504,3422,5,0.9323371253813985,4,3,0,0,0
3423,a,0.9346645654712491,3423,3,0.9002235403946997,4,1,0,0,1
3424,a,0.9346645654712495,3424,3,0.8863259235558717,4,1,0,0,1
3425,a,0.9346645654712512,3425,2,0.9067629447059133,4,1,0,0,0
3426,s,0.26611882458739067,3426,7,0.26611882458739067,3,3,0,2,0
3427,a,0.9346645654712491,3427,3,0.9177716357358736,4,0,0,0,2
3428,a,0.9346645654712508,3428,3,0.8888417669824593,4,1,0,0,1
3429,a,0.934664565471251,3429,2,0.9107065885528574,4,0,0,0,1
3430,a,0.9288459652466227,3430,3,0.8980754188783757,4,0,0,1,1
3431,a,0.9316962879037429,3431,5,0.9304073719700122,4,0,1,1,2
3432,s,0.9264095979537554,3432,7,0.9264095979537554,4,1,0,2,1
3433,a,0.9346645654712498,3433,4,0.8939706355281969,4,0,0,0,3
3434,a,0.9346645654712508,3434,3,0.8895808443774399,4,1,0,0,1
3435,a,0.934664565471251,3435,2,0.9109136245270417,4,0,0,0,1
3436,a,0.9288459652466221,3436,4,0.9171116079394618,4,0,0,1,2
3437,a,0.9346645654712492,3437,3,0.9093411564008721,4,0,0,0,2
3438,a,0.9318978893120236,3438,4,0.8676409989199512,4,1,0,1,1
3439,s,0.08208499862389883,3439,4,0.08208499862389883,3,0,0,1,2
3440,a,0.8516619357145838,3440,3,0.8286178679791867,4,0,1,0,1
3441,a,0.8463600546831173,3441,5,0.8463600546831171,4,1,1,1,1
3442,c,0.9318978893120226,3442,3,0.8959359912415652,4,0,0,1,0
3443,a,0.9318978893120227,3443,4,0.9307167500161936,4,0,0,1,1
3444,c,0.9318978893120226,3444,3,0.8993609339149421,4,0,0,1,0
3445,a,0.9236299142412197,3445,6,0.9236299142412197,4,0,0,2,1
3446,c,0.9318978893120227,3446,3,0.901830757207262,4,0,0,1,0
3447,a,0.9318978893120227,3447,4,0.9300605615185109,4,0,0,1,1
3448,c,0.9318978893120227,3448,3,0.9042361277756429,4,0,0,1,0
3449,c,0.9318978893120228,3449,5,0.9285906992837015,4,0,0,1,1
3450,c,0.9318978893120226,3450,3,0.906285147148708,4,0,0,1,0
3451,a,0.9318978893120226,3451,4,0.9303946211173312,4,0,0,1,1
3452,c,0.9318978893120226,3452,3,0.908051543159971,4,0,0,1,0
3453,a,0.42359038814847316,3453,5,0.42359038814847316,4,0,1,1,1
3454,s,0.927221702234665,3454,2,0.8869487545274917,3,0,1,0,0
3455,s,0.927221702234665,3455,2,0.8870973631906177,3,0,1,0,0
3456,s,0.9272217022346649,3456,2,0.8872448791429857,3,0,1,0,0
3457,d,0.6507393752769043,3457,5,0.6507393752769043,3,0,2,0,0
3458,a,0.9346645654712491,3458,3,0.9139109669458245,4,2,0,0,0
3459,a,0.934664565471251,3459,2,0.9025423409238198,4,1,0,0,0
3460,a,0.9318978893120242,3460,8,0.9318978893120242,4,4,0,1,2
3461,a,0.934664565471251,3461,2,0.9026780534468565,4,1,0,0,0
3462,a,0.9346645654712503,3462,4,0.8449345617640781,4,2,0,0,0
3463,c,0.9346645654712504,3463,3,0.8708416998942049,4,1,0,0,0
3464,a,0.9318978893120242,3464,5,0.9292608998855996,4,3,0,1,0
3465,a,0.934664565471251,3465,2,0.9029519689215573,4,1,0,0,0
3466,a,0.9346645654712502,3466,4,0.8539075621347954,4,2,0,0,0
3467,a,0.934664565471251,3467,2,0.9030901501701397,4,1,0,0,0
3468,a,0.9346645654712491,3468,3,0.9145483539487215,4,2,0,0,0
3469,c,0.9346645654712505,3469,3,0.873616607093207,4,1,0,0,0
3470,a,0.9346645654712502,3470,4,0.8612491078926549,4,2,0,0,0
3471,a,0.934664565471251,3471,2,0.903362931295851,4,1,0,0,0
3472,a,0.9318978893120221,3472,5,0.9318978893120228,4,3,0,1,0
3473,c,0.9346645654712505,3473,3,0.8761602720256255,4,1,0,0,0
3474,a,0.934664565471251,3474,2,0.9035585068889131,4,1,0,0,0
3475,s,0.2865047968601896,3475,5,0.2865047968601896,3,2,0,1,0
3476,a,0.92884596524662,3476,6,0.9288459652466207,4,2,0,1,2
3477,a,0.9346645654712499,3477,4,0.9001418286144782,4,1,0,0,2
3478,a,0.9346645654712512,3478,2,0.9056573300535614,4,1,0,0,0
3479,a,0.9346645654712495,3479,3,0.8876149540069486,4,1,0,0,1
3480,a,0.9346645654712491,3480,3,0.9008804513314547,4,1,0,0,1
3481,a,0.9346645654712499,3481,5,0.9125562646239931,4,1,0,0,3
3482,a,0.9346645654712512,3482,2,0.9058835073277732,4,1,0,0,0
3483,a,0.9346645654712492,3483,3,0.9012287411679474,4,1,0,0,1
3484,a,0.9346645654712497,3484,3,0.8888370218371902,4,1,0,0,1
3485,a,0.9346645654712512,3485,2,0.9060508390611653,4,1,0,0,0
3486,a,0.9346645654712499,3486,4,0.9026077383899619,4,1,0,0,2
3487,a,0.9288459652466227,3487,5,0.9262176118430752,4,1,0,1,2
3488,a,0.9346645654712512,3488,2,0.9062050251478814,4,1,0,0,0
3489,a,0.9346645654712497,3489,3,0.8899972128152677,4,1,0,0,1
3490,a,0.9346645654712512,3490,2,0.906314274822827,4,1,0,0,0
3491,a,0.9346645654712493,3491,3,0.9018454386263512,4,1,0,0,1
3492,a,0.9346645654712498,3492,3,0.8905555547234675,4,1,0,0,1
3493,a,0.9346645654712512,3493,2,0.9064765856471498,4,1,0,0,0
3494,a,0.9318978893120237,3494,6,0.8898946285448911,4,1,0,1,3
3495,a,0.9288459652466229,3495,4,0.9279956156160624,4,1,0,1,1
3496,a,0.9346645654712512,3496,2,0.9066207576833708,4,1,0,0,0
3497,a,0.9346645654712498,3497,3,0.89159764430074,4,1,0,0,1
3498,a,0.9346645654712493,3498,3,0.902437712423036,4,1,0,0,1
3499,a,0.9346645654712499,3499,4,0.9046526376567401,4,1,0,0,2
3500,a,0.9346645654712512,3500,2,0.9068320104727332,4,1,0,0,0
3501,a,0.9230864060037198,3501,6,0.9230864060037198,4,2,0,2,1
3502,a,0.9346645654712498,3502,3,0.8926230471857521,4,1,0,0,1
3503,a,0.9346645654712512,3503,2,0.9069666911946956,4,1,0,0,0
3504,s,0.0767219395705146,3504,6,0.0767219395705146,3,2,0,0,3
3505,a,0.851661935714584,3505,2,0.8390248731651515,4,0,1,0,0
3506,a,0.9346645654712508,3506,2,0.8900782808142973,4,0,0,0,1
3507,a,0.9346645654712508,3507,2,0.8902259175184593,4,0,0,0,1
3508,a,0.9294723955791767,3508,4,0.7248153180057783,4,0,1,1,1
3509,a,0.9346645654712508,3509,2,0.8905011975382405,4,0,0,0,1
3510,a,0.9346645654712509,3510,2,0.8906459954658896,4,0,0,0,1
3511,a,0.9294723955791768,3511,4,0.765746733520458,4,0,1,1,1
3512,a,0.9346645654712509,3512,2,0.8909158487887516,4,0,0,0,1
3513,a,0.9294723955791768,3513,4,0.7930343438635777,4,0,1,1,1
3514,a,0.9346645654712509,3514,2,0.8911822088647157,4,0,0,0,1
3515,a,0.9294723955791769,3515,4,0.8125254941086634,4,0,1,1,1
3516,a,0.9346645654712509,3516,2,0.8914451430876127,4,0,0,0,1
3517,a,0.9294723955791769,3517,4,0.8271438567924776,4,0,1,1,1
3518,a,0.9346645654712509,3518,2,0.8917047171287474,4,0,0,0,1
3519,a,0.9346645654712509,3519,2,0.8918415319323859,4,0,0,0,1
3520,a,0.9294723955791769,3520,4,0.8385136944354442,4,0,1,1,1
3521,a,0.9346645654712509,3521,2,0.8920961328728468,4,0,0,0,1
3522,a,0.9318978893120226,3522,3,0.8851006621796104,4,0,0,1,1
3523,a,0.9346645654712509,3523,2,0.8923551586245373,4,0,0,0,1
3524,a,0.9294723955791768,3524,4,0.8476095645498175,4,0,1,1,1
3525,a,0.9346645654712509,3525,2,0.8926033668864164,4,0,0,0,1
3526,a,0.9260965125738886,3526,4,0.8986263012253329,4,0,0,2,1
3527,a,0.9346645654712509,3527,2,0.8928380077071378,4,0,0,0,1
3528,a,0.9346645654712509,3528,2,0.8929675016940236,4,0,0,0,1
3529,a,0.9318978893120226,3529,3,0.8877439583981357,4,0,0,1,1
3530,a,0.9346645654712509,3530,2,0.893215586159855,4,0,0,0,1
3531,a,0.9294723955791768,3531,4,0.8550516400979411,4,0,1,1,1
3532,a,0.9346645654712509,3532,2,0.8934532185412944,4,0,0,0,1
3533,a,0.9318978893120226,3533,3,0.8893955423999612,4,0,0,1,1
3534,a,0.9346645654712509,3534,2,0.8936953340966156,4,0,0,0,1
3535,a,0.934664565471251,3535,2,0.8938194832825993,4,0,0,0,1
3536,a,0.9203312513506038,3536,7,0.9203312513506038,4,1,0,3,2
3537,a,0.934664565471251,3537,2,0.8940223653616856,4,0,0,0,1
3538,d,0.2061825990216583,3538,5,0.2061825990216583,3,0,1,1,1
3539,a,0.9236299142412187,3539,3,0.8973489231794145,4,0,0,2,0
3540,a,0.9318978893120222,3540,2,0.8977725109398876,4,0,0,1,0
3541,a,0.9318978893120222,3541,2,0.8978602368482994,4,0,0,1,0
3542,a,0.9236299142412197,3542,5,0.8847119683643158,4,1,0,2,1
3543,a,0.9318978893120221,3543,2,0.8980131967712065,4,0,0,1,0
3544,a,0.9236299142412187,3544,3,0.89798220007247,4,0,0,2,0
3545,a,0.9318978893120221,3545,2,0.8981645998501145,4,0,0,1,0
3546,a,0.22327816228342515,3546,3,0.22327816228342515,4,0,1,1,0
3547,a,0.934664565471251,3547,2,0.9097103666040108,4,0,0,0,1
3548,a,0.9318978893120226,3548,3,0.9079279475222389,4,0,0,1,1
3549,a,0.9233752263754409,3549,7,0.9233752263754409,4,0,0,2,4
3550,a,0.8463600546831168,3550,5,0.8463600546831168,4,1,1,1,1
3551,a,0.934664565471251,3551,2,0.9098084417352154,4,0,0,0,1
3552,a,0.9346645654712508,3552,3,0.8909464813466336,4,1,0,0,1
3553,a,0.9288459652466227,3553,3,0.8989184475459989,4,0,0,1,1
3554,a,0.9260965125738886,3554,4,0.9242948684416127,4,0,0,2,1
3555,a,0.934664565471251,3555,2,0.9099447203278791,4,0,0,0,1
3556,a,0.9260965125738918,3556,5,0.9237590304718094,4,1,0,2,1
3557,a,0.9288459652466227,3557,3,0.8993228734608723,4,0,0,1,1
3558,a,0.9236299142412218,3558,6,0.9236299142412218,4,1,0,2,2
3559,a,0.9181915758153183,3559,5,0.9202460813499276,4,0,0,3,1
3560,a,0.934664565471251,3560,2,0.9100746168806755,4,0,0,0,1
3561,a,0.9346645654712509,3561,3,0.8921414527913589,4,1,0,0,1
3562,c,0.9260965125738913,3562,7,0.9260965125738913,4,1,0,2,2
3563,a,0.9346645654712492,3563,3,0.9099372256995976,4,0,0,0,2
3564,a,0.934664565471251,3564,2,0.9102164679730372,4,0,0,0,1
3565,a,0.9318978893120236,3565,4,0.8753105241728271,4,1,0,1,1
3566,a,0.9318978893120227,3566,3,0.9085234263305857,4,0,0,1,1
3567,a,0.934664565471251,3567,2,0.910323088948157,4,0,0,0,1
3568,a,0.9291595560712465,3568,4,0.9002418166714431,4,0,0,1,2
3569,a,0.9288459652466228,3569,3,0.9000636199200666,4,0,0,1,1
3570,a,0.9346645654712509,3570,3,0.8933514461619554,4,1,0,0,1
3571,a,0.9203312513506031,3571,6,0.920331251350604,4,1,0,3,1
3572,a,0.934664565471251,3572,2,0.910472933657783,4,0,0,0,1
3573,a,0.9346645654712492,3573,3,0.910414939505503,4,0,0,0,2
3574,a,0.9288459652466222,3574,4,0.9180124454151831,4,0,0,1,2
3575,a,0.9346645654712509,3575,5,0.9346645654712509,4,3,0,0,1
3576,a,0.934664565471251,3576,2,0.910613938195813,4,0,0,0,1
3577,a,0.9346645654712494,3577,3,0.8860844441591211,4,0,0,0,2
3578,a,0.9318978893120228,3578,3,0.9089143406417131,4,0,0,1,1
3579,a,0.9318978893120227,3579,4,0.928761231036476,4,0,0,1,2
3580,a,0.920642387669033,3580,7,0.920642387669033,4,1,0,3,2
3581,a,0.9288459652466228,3581,3,0.9008016287745937,4,0,0,1,1
3582,a,0.934664565471251,3582,2,0.9107966258045801,4,0,0,0,1
3583,a,0.9318978893120227,3583,4,0.8576027434060204,4,0,0,1,2
3584,a,0.9236299142412197,3584,4,0.8806177644754343,4,0,0,2,1
3585,s,0.9272217022346649,3585,2,0.886527621183955,3,0,1,0,0
3586,s,0.9272217022346649,3586,2,0.8866755996605031,3,0,1,0,0
3587,s,0.9272217022346648,3587,2,0.8868225058292502,3,0,1,0,0
3588,s,0.9272217022346648,3588,2,0.8869683513036379,3,0,1,0,0
3589,s,0.9272217022346648,3589,2,0.8871131475300086,3,0,1,0,0
3590,s,0.9272217022346648,3590,2,0.8872569057905988,3,0,1,0,0
3591,s,0.9272217022346647,3591,2,0.8873996372064704,3,0,1,0,0
3592,s,0.9272217022346647,3592,2,0.8875413527403787,3,0,1,0,0
3593,s,0.9272217022346647,3593,2,0.8876820631995783,3,0,1,0,0
3594,s,0.9272217022346647,3594,2,0.8878217792385715,3,0,1,0,0
3595,s,0.9272217022346646,3595,2,0.8879605113617973,3,0,1,0,0
3596,s,0.9272217022346646,3596,2,0.8880982699262635,3,0,1,0,0
3597,s,0.9272217022346646,3597,2,0.8882350651441251,3,0,1,0,0
3598,s,0.9272217022346645,3598,2,0.8883709070852072,3,0,1,0,0
3599,s,0.9272217022346645,3599,2,0.8885058056794761,3,0,1,0,0
3600,s,0.9272217022346645,3600,2,0.8886397707194595,3,0,1,0,0
3601,s,0.9272217022346645,3601,2,0.8887728118626154,3,0,1,0,0
3602,a,0.8873982199246772,3602,6,0.8873982199246772,3,0,1,2,0
3603,s,0.9272217022346645,3603,2,0.8888997786380747,3,0,1,0,0
3604,s,0.9272217022346644,3604,2,0.8890305701861858,3,0,1,0,0
3605,s,0.9272217022346644,3605,2,0.8891604719958744,3,0,1,0,0
3606,d,0.6507393752769043,3606,5,0.6507393752769043,3,0,2,0,0
3607,a,0.9291595560712466,3607,5,0.9278741494721786,4,0,0,1,3
3608,a,0.934664565471251,3608,2,0.910912908891416,4,0,0,0,1
3609,a,0.12596286793857914,3609,5,0.12596286793857914,4,0,1,0,3
3610,c,0.9318978893120226,3610,3,0.8931930009386986,4,0,0,1,0
3611,c,0.9318978893120226,3611,3,0.894402528700365,4,0,0,1,0
3612,c,0.9318978893120226,3612,3,0.895538751749203,4,0,0,1,0
3613,c,0.9318978893120226,3613,3,0.8966081381481095,4,0,0,1,0
3614,a,0.9260965125738887,3614,4,0.8346393943111622,4,0,0,2,0
3615,c,0.9318978893120226,3615,3,0.898407530525601,4,0,0,1,0
3616,a,0.9260965125738887,3616,4,0.8460715340940029,4,0,0,2,0
3617,c,0.9318978893120227,3617,3,0.9000175131791461,4,0,0,1,0
3618,a,0.9260965125738886,3618,4,0.8549631983695458,4,0,0,2,0
3619,a,0.9318978893120242,3619,4,0.9318978893120242,4,1,0,1,0
3620,a,0.9318978893120242,3620,4,0.9318978893120242,4,1,0,1,0
3621,s,0.2669932154717814,3621,5,0.2669932154717814,3,2,0,1,0
3622,a,0.851661935714584,3622,2,0.8392286715740026,4,0,1,0,0
3623,a,0.9318978893120223,3623,4,0.931044745674062,4,2,0,1,0
3624,a,0.934664565471251,3624,2,0.9023695766777761,4,1,0,0,0
3625,a,0.9346645654712492,3625,3,0.9151441722340382,4,2,0,0,0
3626,a,0.934664565471251,3626,2,0.9025067103881517,4,1,0,0,0
3627,a,0.23236328786047178,3627,6,0.23236328786047178,4,2,1,1,1
3628,a,0.9288459652466229,3628,2,0.8858494339913103,4,0,0,1,0
3629,a,0.9288459652466229,3629,2,0.8860063556382275,4,0,0,1,0
3630,a,0.6544238162445816,3630,5,0.6544238162445816,3,1,1,2,0
3631,a,0.924494180891198,3631,3,0.8846978739117087,3,0,1,1,0
3632,s,0.9272217022346644,3632,2,0.8886048283676425,3,0,1,0,0
3633,a,0.924494180891198,3633,3,0.8853611456947001,3,0,1,1,0
3634,s,0.9272217022346644,3634,2,0.8888540130712899,3,0,1,0,0
3635,a,0.8873982199246772,3635,6,0.8873982199246772,3,0,1,2,0
3636,s,0.9272217022346643,3636,2,0.8889766439550666,3,0,1,0,0
3637,s,0.9272217022346644,3637,2,0.8891032832208929,3,0,1,0,0
3638,s,0.9272217022346645,3638,2,0.8892290865839747,3,0,1,0,0
3639,a,0.9272217022346678,3639,4,0.8352454694198224,3,1,1,0,1
3640,a,0.924494180891198,3640,3,0.8860251797177078,3,0,1,1,0
3641,s,0.9272217022346645,3641,2,0.8895926497395582,3,0,1,0,0
3642,a,0.9272217022346678,3642,3,0.8795992257027703,3,1,1,0,0
3643,a,0.9244941808911981,3643,3,0.8866357987839536,3,0,1,1,0
3644,s,0.9272217022346646,3644,2,0.8899491534163926,3,0,1,0,0
3645,a,0.9214494363285737,3645,6,0.9214494363285737,3,2,1,1,0
3646,c,0.8926494843029129,3646,5,0.8905489785516186,3,0,1,1,0
3647,s,0.9272217022346647,3647,2,0.8901782340658061,3,0,1,0,0
3648,a,0.9272217022346678,3648,4,0.8444430927013069,3,1,1,0,1
3649,s,0.9272217022346647,3649,2,0.8904141797229325,3,0,1,0,0
3650,a,0.9272217022346679,3650,3,0.8819228725449668,3,1,1,0,0
3651,s,0.9272217022346648,3651,2,0.8906471387261711,3,0,1,0,0
3652,d,0.281238324526532,3652,7,0.281238324526532,2,2,1,1,0
3653,a,0.8516619357145838,3653,3,0.8487994192434032,4,0,1,0,1
3654,a,0.9346645654712512,3654,2,0.9054694022444202,4,1,0,0,0
3655,d,0.07672193957051464,3655,4,0.07672193957051464,3,1,0,0,1
3656,a,0.934664565471251,3656,2,0.8920846480975223,4,0,0,0,1
3657,a,0.934664565471251,3657,2,0.8922117523284886,4,0,0,0,1
3658,a,0.934664565471251,3658,2,0.8923380999866515,4,0,0,0,1
3659,a,0.934664565471251,3659,2,0.8924636978070806,4,0,0,0,1
3660,a,0.934664565471251,3660,2,0.8925885524451401,4,0,0,0,1
3661,a,0.934664565471251,3661,2,0.8927126704776654,4,0,0,0,1
3662,a,0.934664565471251,3662,2,0.8928360584041171,4,0,0,0,1
3663,a,0.934664565471251,3663,2,0.8929587226477156,4,0,0,0,1
3664,a,0.934664565471251,3664,2,0.8930806695565563,4,0,0,0,1
3665,a,0.934664565471251,3665,2,0.893201905404704,4,0,0,0,1
3666,a,0.934664565471251,3666,2,0.8933224363932695,4,0,0,0,1
3667,a,0.8370949621232581,3667,6,0.8370949621232581,4,1,1,0,3
3668,a,0.934664565471251,3668,2,0.8932794151643907,4,0,0,0,1
3669,a,0.934664565471251,3669,2,0.8933986807272346,4,0,0,0,1
3670,a,0.934664565471251,3670,2,0.8935172608558093,4,0,0,0,1
3671,a,0.934664565471251,3671,2,0.8936351614420999,4,0,0,0,1
3672,a,0.934664565471251,3672,2,0.8937523883107545,4,0,0,0,1
3673,a,0.934664565471251,3673,2,0.8938689472200436,4,0,0,0,1
3674,a,0.9346645654712514,3674,3,0.8657488249776003,4,1,0,0,1
3675,a,0.934664565471251,3675,2,0.8941000838673591,4,0,0,0,1
3676,a,0.9291595560712451,3676,4,0.8580279784896278,4,1,0,1,1
3677,a,0.934664565471251,3677,2,0.8943131090893527,4,0,0,0,1
3678,a,0.9346645654712514,3678,3,0.8688261847819562,4,1,0,0,1
3679,d,0.2662086698628974,3679,5,0.2662086698628974,3,1,0,1,1
3680,a,0.8516619357145838,3680,3,0.8303911833895923,4,0,1,0,1
3681,s,0.8264691952836798,3681,7,0.8264691952836798,4,1,1,1,2
3682,a,0.9346645654712499,3682,3,0.9346645654712499,4,0,0,0,2
3683,a,0.9346645654712499,3683,3,0.9346645654712499,4,0,0,0,2
3684,d,0.9346645654712499,3684,4,0.9346645654712499,4,0,0,0,1
3685,d,0.9346645654712499,3685,4,0.9346645654712499,4,0,0,0,1
3686,a,0.9346645654712499,3686,3,0.9346645654712498,4,0,0,0,2
3687,a,0.9288459652466221,3687,5,0.9288459652466221,4,0,0,1,1
3688,a,0.9346645654712499,3688,3,0.9338333368677316,4,0,0,0,2
3689,a,0.9288459652466221,3689,5,0.9288459652466221,4,0,0,1,1
3690,a,0.9346645654712498,3690,3,0.9333715431991103,4,0,0,0,2
3691,d,0.9346645654712499,3691,4,0.9323371253813988,4,0,0,0,1
3692,a,0.9346645654712499,3692,3,0.9336066381576811,4,0,0,0,2
3693,d,0.20719931510624293,3693,4,0.20719931510624293,3,0,0,0,2
3694,a,0.9288459652466229,3694,2,0.8853225044433534,4,0,0,1,0
3695,a,0.9288459652466229,3695,2,0.8854796288505853,4,0,0,1,0
3696,a,0.9288459652466229,3696,2,0.8856356228663983,4,0,0,1,0
3697,a,0.8538099082570574,3697,5,0.8538099082570574,4,1,1,1,0
3698,a,0.22327816228342515,3698,3,0.22327816228342515,4,0,1,1,0
3699,a,0.9288459652466229,3699,2,0.8856762822512944,4,0,0,1,0
3700,a,0.9288459652466229,3700,2,0.8858299110164022,4,0,0,1,0
3701,a,0.9288459652466229,3701,2,0.8859824502158001,4,0,0,1,0
3702,a,0.9288459652466229,3702,2,0.8861339113996546,4,0,0,1,0
3703,a,0.9288459652466229,3703,2,0.8862843059554537,4,0,0,1,0
3704,a,0.9288459652466229,3704,2,0.8864336451108612,4,0,0,1,0
3705,c,0.8538099082570575,3705,4,0.8538099082570574,4,0,1,1,0
3706,a,0.9318978893120242,3706,4,0.7656717208519636,4,1,0,1,0
3707,a,0.9318978893120242,3707,4,0.7989169545439757,4,1,0,1,0
3708,a,0.9318978893120242,3708,4,0.8210804436719839,4,1,0,1,0
3709,a,0.9318978893120242,3709,4,0.8369115073348468,4,1,0,1,0
3710,a,0.9318978893120242,3710,4,0.8487848050819939,4,1,0,1,0
3711,a,0.9318978893120242,3711,4,0.858019592218664,4,1,0,1,0
3712,a,0.9318978893120242,3712,4,0.865407421928,4,1,0,1,0
3713,a,0.9260965125738886,3713,4,0.8620765297899802,4,0,0,2,0
3714,c,0.9318978893120227,3714,3,0.8948790320499486,4,0,0,1,0
3715,a,0.9236299142412197,3715,7,0.9236299142412197,4,0,0,2,2
3716,a,0.9318978893120242,3716,4,0.8714520098720022,4,1,0,1,0
3717,c,0.9318978893120227,3717,3,0.8967825245817157,4,0,0,1,0
3718,a,0.9260965125738886,3718,4,0.8678965282248808,4,0,0,2,0
3719,a,0.9318978893120226,3719,4,0.8938185017137398,4,0,0,1,1
3720,s,0.26699321547178084,3720,5,0.26699321547178084,3,1,0,2,0
3721,a,0.8776994869441387,3721,5,0.862173689589197,4,1,1,2,0
3722,a,0.669273706052409,3722,3,0.669273706052409,4,0,1,1,0
3723,a,0.9288459652466229,3723,2,0.8864677516728192,4,0,0,1,0
3724,a,0.9288459652466228,3724,2,0.8866148982477282,4,0,0,1,0
3725,a,0.9288459652466227,3725,2,0.88676102650724,4,0,0,1,0
3726,a,0.9288459652466226,3726,2,0.8869061469856517,4,0,0,1,0
3727,a,0.9233752263754409,3727,4,0.8648332659175495,4,0,0,2,1
3728,a,0.9288459652466224,3728,2,0.8871746706077434,4,0,0,1,0
3729,a,0.9233752263754409,3729,3,0.868293844063745,4,0,0,2,0
3730,a,0.9288459652466224,3730,2,0.8874395408472214,4,0,0,1,0
3731,d,0.24462063432240616,3731,6,0.24462063432240616,3,1,1,1,0
3732,a,0.8516619357145842,3732,2,0.8399715206700015,4,0,1,0,0
3733,a,0.934664565471251,3733,2,0.9011579036916514,4,1,0,0,0
3734,a,0.934664565471251,3734,2,0.9012285928515239,4,1,0,0,0
3735,a,0.934664565471251,3735,2,0.9012989843728286,4,1,0,0,0
3736,a,0.934664565471251,3736,2,0.9013690801314387,4,1,0,0,0
3737,a,0.934664565471251,3737,2,0.9014388819874969,4,1,0,0,0
3738,a,0.934664565471251,3738,2,0.9015083917855801,4,1,0,0,0
3739,a,0.934664565471251,3739,2,0.9015776113548611,4,1,0,0,0
3740,a,0.934664565471251,3740,2,0.9016465425092702,4,1,0,0,0
3741,a,0.934664565471251,3741,2,0.9017151870476526,4,1,0,0,0
3742,a,0.934664565471251,3742,2,0.9017835467539256,4,1,0,0,0
3743,a,0.934664565471251,3743,2,0.9018516233972327,4,1,0,0,0
3744,a,0.9291595560712448,3744,3,0.8920406672603145,4,1,0,1,0
3745,a,0.934664565471251,3745,2,0.9019755839637233,4,1,0,0,0
3746,a,0.9318978893120237,3746,7,0.9318978893120237,4,2,0,1,3
3747,a,0.920642387669033,3747,5,0.9206423876690331,4,1,0,3,0
3748,a,0.934664565471251,3748,2,0.9021421374279879,4,1,0,0,0
3749,a,0.9346645654712494,3749,3,0.8783051674393969,4,1,0,0,1
3750,a,0.934664565471251,3750,2,0.902274882032246,4,1,0,0,0
3751,a,0.9318978893120237,3751,7,0.9318978893120237,4,2,0,1,3
3752,a,0.9233752263754424,3752,7,0.9233752263754424,4,1,0,2,2
3753,a,0.934664565471251,3753,2,0.9024434683102622,4,1,0,0,0
3754,a,0.9346645654712493,3754,3,0.8803042968922057,4,1,0,0,1
3755,a,0.934664565471251,3755,2,0.9025736545614177,4,1,0,0,0
3756,a,0.9291595560712448,3756,3,0.8934679491475908,4,1,0,1,0
3757,a,0.9318978893120222,3757,4,0.8845437848795207,4,1,0,1,1
3758,a,0.934664565471251,3758,2,0.9027503634914784,4,1,0,0,0
3759,a,0.9346645654712493,3759,3,0.8821631365588524,4,1,0,0,1
3760,a,0.9288459652466206,3760,7,0.9288459652466206,4,2,0,1,1
3761,a,0.07627379723055415,3761,7,0.07627379723055415,4,1,1,3,0
3762,a,0.8516619357145837,3762,3,0.8516619357145837,4,0,1,0,1
3763,a,0.9346645654712512,3763,2,0.9039832455539981,4,1,0,0,0
3764,a,0.9346645654712512,3764,2,0.9040401682254586,4,1,0,0,0
3765,a,0.9346645654712512,3765,2,0.90409688007221,4,1,0,0,0
3766,a,0.9346645654712512,3766,2,0.9041533822633357,4,1,0,0,0
3767,a,0.9346645654712513,3767,2,0.9042096759592912,4,1,0,0,0
3768,a,0.9346645654712513,3768,2,0.9042657623119836,4,1,0,0,0
3769,a,0.9346645654712513,3769,2,0.9043216424648498,4,1,0,0,0
3770,a,0.9346645654712513,3770,2,0.9043773175529349,4,1,0,0,0
3771,a,0.9346645654712513,3771,2,0.9044327887029684,4,1,0,0,0
3772,a,0.9346645654712513,3772,2,0.9044880570334406,4,1,0,0,0
3773,a,0.9346645654712513,3773,2,0.9045431236546774,4,1,0,0,0
3774,a,0.9346645654712513,3774,2,0.9045979896689151,4,1,0,0,0
3775,a,0.9346645654712513,3775,2,0.9046526561703739,4,1,0,0,0
3776,a,0.9346645654712513,3776,2,0.9047071242453301,4,1,0,0,0
3777,a,0.9346645654712513,3777,2,0.9047613949721885,4,1,0,0,0
3778,a,0.9346645654712513,3778,2,0.9048154694215539,4,1,0,0,0
3779,a,0.9346645654712513,3779,2,0.9048693486563006,4,1,0,0,0
3780,a,0.9346645654712513,3780,2,0.9049230337316428,4,1,0,0,0
3781,a,0.9346645654712513,3781,2,0.9049765256952033,4,1,0,0,0
3782,a,0.9346645654712513,3782,2,0.9050298255870812,4,1,0,0,0
3783,a,0.9346645654712513,3783,2,0.9050829344399202,4,1,0,0,0
3784,a,0.9346645654712513,3784,2,0.9051358532789744,4,1,0,0,0
3785,a,0.9346645654712513,3785,2,0.9051885831221748,4,1,0,0,0
3786,a,0.9346645654712513,3786,2,0.9052411249801945,4,1,0,0,0
3787,a,0.9346645654712513,3787,2,0.9052934798565131,4,1,0,0,0
3788,a,0.9346645654712513,3788,2,0.9053456487474806,4,1,0,0,0
3789,a,0.9346645654712513,3789,2,0.9053976326423808,4,1,0,0,0
3790,a,0.9346645654712513,3790,2,0.9054494325234939,4,1,0,0,0
3791,a,0.9346645654712513,3791,2,0.9055010493661577,4,1,0,0,0
3792,a,0.9346645654712499,3792,5,0.9263478741130404,4,3,0,0,0
3793,a,0.9346645654712513,3793,2,0.9056037378031476,4,1,0,0,0
3794,c,0.9346645654712502,3794,4,0.89623913970902,4,2,0,0,0
3795,a,0.9346645654712513,3795,2,0.905705705619527,4,1,0,0,0
3796,a,0.9346645654712499,3796,5,0.927535972878499,4,3,0,0,0
3797,a,0.9346645654712513,3797,2,0.9058069603742535,4,1,0,0,0
3798,c,0.9346645654712502,3798,4,0.8998987040673276,4,2,0,0,0
3799,a,0.9346645654712513,3799,2,0.905907509520933,4,1,0,0,0
3800,s,0.8847644173219908,3800,7,0.8847644173219908,3,4,1,0,0
3801,a,0.9346645654712513,3801,2,0.9059207282080014,4,1,0,0,0
3802,a,0.9346645654712513,3802,2,0.9059705442171232,4,1,0,0,0
3803,a,0.9346645654712513,3803,2,0.906020187852511,4,1,0,0,0
3804,a,0.9346645654712513,3804,2,0.906069660007293,4,1,0,0,0
3805,a,0.41493656343447605,3805,4,0.41493656343447605,3,2,0,0,0
3806,a,0.9346645654712502,3806,3,0.8792441837482171,4,1,0,0,1
3807,a,0.934664565471251,3807,2,0.892900713350966,4,0,0,0,1
3808,a,0.9264095979537549,3808,7,0.9264095979537549,4,1,0,2,3
3809,a,0.934664565471251,3809,2,0.8931092250870409,4,0,0,0,1
3810,a,0.934664565471251,3810,2,0.8932240188450082,4,0,0,0,1
3811,a,0.8329951265056125,3811,3,0.7953982368627881,4,0,1,0,1
3812,a,0.9346645654712503,3812,3,0.8812169875160744,4,1,0,0,1
3813,s,0.9180010781746256,3813,7,0.9180010781746256,4,1,0,3,1
3814,a,0.934664565471251,3814,2,0.8933536069877478,4,0,0,0,1
3815,a,0.934664565471251,3815,2,0.8934661709073213,4,0,0,0,1
3816,a,0.9346645654712503,3816,3,0.8828879443422545,4,1,0,0,1
3817,a,0.934664565471251,3817,2,0.8936894684388329,4,0,0,0,1
3818,a,0.9291595560712451,3818,4,0.9269053410979224,4,1,0,1,1
3819,a,0.934664565471251,3819,2,0.8938955201495197,4,0,0,0,1
3820,a,0.9346645654712504,3820,3,0.88463880564329,4,1,0,0,1
3821,a,0.934664565471251,3821,2,0.8941141209287246,4,0,0,0,1
3822,a,0.929159556071245,3822,5,0.9287667049116035,4,1,0,1,2
3823,a,0.934664565471251,3823,2,0.8943157099412179,4,0,0,0,1
3824,a,0.934664565471251,3824,2,0.8944230207272019,4,0,0,0,1
3825,a,0.9346645654712504,3825,3,0.8862689178890818,4,1,0,0,1
3826,a,0.934664565471251,3826,2,0.8946359389533608,4,0,0,0,1
3827,a,0.9233752263754419,3827,5,0.9226074909181824,4,1,0,2,1
3828,a,0.934664565471251,3828,2,0.8948169071479396,4,0,0,0,1
3829,a,0.9346645654712505,3829,3,0.8876939504902239,4,1,0,0,1
3830,a,0.934664565471251,3830,2,0.8950255336313075,4,0,0,0,1
3831,a,0.9291595560712451,3831,4,0.926949809971748,4,1,0,1,1
3832,a,0.9346645654712514,3832,3,0.8780831049654775,4,1,0,0,1
3833,a,0.8329951265056124,3833,4,0.8340200854100238,4,1,1,0,1
3834,a,0.934664565471251,3834,2,0.8951586467893233,4,0,0,0,1
3835,a,0.9288459652466211,3835,7,0.9288459652466211,4,2,0,1,2
3836,a,0.9346645654712505,3836,3,0.8891203411444506,4,1,0,0,1
3837,a,0.934664565471251,3837,2,0.895448361842848,4,0,0,0,1
3838,a,0.9346645654712514,3838,3,0.8800709627578278,4,1,0,0,1
3839,a,0.9346645654712507,3839,3,0.889843265340114,4,1,0,0,1
3840,a,0.934664565471251,3840,2,0.895748485850208,4,0,0,0,1
3841,a,0.9288459652466227,3841,5,0.9288459652466224,4,1,0,1,2
3842,a,0.34010642921477197,3842,3,0.34010642921477197,4,0,1,0,1
3843,a,0.9233752263754409,3843,6,0.9233752263754409,4,0,0,2,1
3844,a,0.9346645654712499,3844,3,0.8810651519062447,4,0,0,0,2
3845,d,0.9346645654712499,3845,4,0.9313893455362408,4,0,0,0,1
3846,a,0.9346645654712499,3846,3,0.8877650786018704,4,0,0,0,2
3847,a,0.9233752263754409,3847,6,0.9233752263754409,4,0,0,2,1
3848,a,0.9346645654712498,3848,3,0.8923489471931454,4,0,0,0,2
3849,d,0.9346645654712498,3849,4,0.9308628011778196,4,0,0,0,1
3850,a,0.9346645654712498,3850,3,0.8965805090209557,4,0,0,0,2
3851,a,0.9288459652466221,3851,5,0.9266576696981497,4,0,0,1,1
3852,a,0.9346645654712499,3852,3,0.8997782141425902,4,0,0,0,2
3853,d,0.9346645654712499,3853,4,0.9310250673925681,4,0,0,0,1
3854,a,0.9346645654712499,3854,3,0.902685410086645,4,0,0,0,2
3855,s,0.6032543221422559,3855,5,0.6032543221422559,3,0,1,0,1
3856,a,0.8516619357145837,3856,3,0.8516619357145837,4,0,1,0,1
3857,a,0.9244941808911981,3857,3,0.8873107536705105,3,0,1,1,0
3858,s,0.9272217022346649,3858,2,0.8889575236524215,3,0,1,0,0
3859,c,0.9187981160473814,3859,7,0.9187981160473814,3,0,1,1,1
3860,s,0.9272217022346649,3860,2,0.889169688047989,3,0,1,0,0
3861,s,0.927221702234665,3861,2,0.8892878620050905,3,0,1,0,0
3862,a,0.9244941808911981,3862,3,0.888335690828683,3,0,1,1,0
3863,s,0.9272217022346652,3863,2,0.889513603236929,3,0,1,0,0
3864,a,0.8797992943885216,3864,7,0.8797992943885216,3,0,1,3,0
3865,s,0.9272217022346652,3865,2,0.8895994737588594,3,0,1,0,0
3866,s,0.9272217022346653,3866,2,0.8897145264453297,3,0,1,0,0
3867,s,0.9272217022346653,3867,2,0.8898288775910288,3,0,1,0,0
3868,s,0.9272217022346654,3868,2,0.889942533592985,3,0,1,0,0
3869,a,0.9244941808911981,3869,3,0.8887360110261083,3,0,1,1,0
3870,s,0.9272217022346654,3870,2,0.8901595451215043,3,0,1,0,0
3871,c,0.924494180891198,3871,4,0.8589036101104335,3,0,1,1,0
3872,s,0.9272217022346655,3872,2,0.8903739499049363,3,0,1,0,0
3873,a,0.9244941808911981,3873,3,0.8897432834166742,3,0,1,1,0
3874,s,0.9272217022346656,3874,2,0.8905857946312526,3,0,1,0,0
3875,a,0.9272217022346679,3875,3,0.858776745796249,3,1,1,0,0
3876,a,0.8411907585173517,3876,5,0.8392095358777855,3,0,2,1,0
3877,a,0.9272217022346679,3877,3,0.8602977448282139,3,1,1,0,0
3878,s,0.9272217022346656,3878,2,0.8907642981318317,3,0,1,0,0
3879,a,0.9272217022346679,3879,3,0.8617526134674847,3,1,1,0,0
3880,a,0.9272217022346679,3880,3,0.8631455728029566,3,1,1,0,0
3881,s,0.9272217022346657,3881,2,0.8910840999222073,3,0,1,0,0
3882,a,0.9272217022346679,3882,3,0.8644804921661172,3,1,1,0,0
3883,a,0.9272217022346679,3883,3,0.8657609250246591,3,1,1,0,0
3884,s,0.9272217022346657,3884,2,0.8913983399423154,3,0,1,0,0
3885,a,0.9272217022346679,3885,3,0.8669901405688593,3,1,1,0,0
3886,a,0.9272217022346679,3886,3,0.8681711515819144,3,1,1,0,0
3887,s,0.9272217022346658,3887,2,0.8917071620310424,3,0,1,0,0
3888,a,0.9272217022346678,3888,3,0.8693067390944673,3,1,1,0,0
3889,a,0.9272217022346678,3889,3,0.870399474248056,3,1,1,0,0
3890,s,0.9272217022346658,3890,2,0.8920107051097057,3,0,1,0,0
3891,a,0.9272217022346679,3891,4,0.8384609487416046,3,2,1,0,0
3892,s,0.9272217022346659,3892,2,0.8922102008441246,3,0,1,0,0
3893,a,0.9272217022346678,3893,3,0.8724657370839328,3,1,1,0,0
3894,c,0.9187981160473814,3894,7,0.9187981160473814,3,0,1,1,1
3895,a,0.9272217022346679,3895,4,0.8448010025625378,3,2,1,0,0
3896,s,0.9272217022346659,3896,2,0.8925788910944742,3,0,1,0,0
3897,a,0.9272217022346679,3897,4,0.8502957158740131,3,2,1,0,0
3898,a,0.9244941808911981,3898,3,0.8899494078113487,3,0,1,1,0
3899,s,0.927221702234666,3899,2,0.8928600047391327,3,0,1,0,0
3900,a,0.9272217022346678,3900,3,0.8752979421779363,3,1,1,0,0
3901,s,0.927221702234666,3901,2,0.8930498483717046,3,0,1,0,0
3902,c,0.8926494843029129,3902,4,0.8940967115438166,3,0,1,1,0
3903,a,0.9272217022346679,3903,4,0.855103590021554,3,2,1,0,0
3904,a,0.9272217022346678,3904,3,0.8770287341798274,3,1,1,0,0
3905,s,0.9272217022346662,3905,2,0.8933288516436173,3,0,1,0,0
3906,a,0.9272217022346679,3906,4,0.8593458319164431,3,2,1,0,0
3907,s,0.9272217022346662,3907,2,0.8935130519185686,3,0,1,0,0
3908,a,0.9272217022346678,3908,3,0.8786478621815965,3,1,1,0,0
3909,a,0.9244941808911981,3909,3,0.8904394716214988,3,0,1,1,0
3910,s,0.9272217022346663,3910,2,0.8937782767962096,3,0,1,0,0
3911,a,0.6507393752769043,3911,4,0.6507393752769043,3,1,2,0,0
3912,s,0.2440052298854636,3912,4,0.2440052298854636,3,1,1,0,1
3913,c,0.9346645654712502,3913,4,0.900752250791614,4,2,0,0,0
3914,a,0.9346645654712513,3914,2,0.9053240529872847,4,1,0,0,0
3915,a,0.9346645654712498,3915,5,0.9235756436603038,4,3,0,0,0
3916,a,0.9346645654712513,3916,2,0.9054245341944217,4,1,0,0,0
3917,c,0.9346645654712502,3917,4,0.9034652359659848,4,2,0,0,0
3918,a,0.9346645654712513,3918,2,0.9055243295230117,4,1,0,0,0
3919,a,0.9346645654712513,3919,2,0.9055739721736901,4,1,0,0,0
3920,a,0.9346645654712509,3920,6,0.9147045062115469,4,4,0,0,0
3921,a,0.9346645654712513,3921,2,0.9056727517774171,4,1,0,0,0
3922,c,0.9346645654712501,3922,4,0.9057762974108194,4,2,0,0,0
3923,a,0.9346645654712513,3923,2,0.9057708628220663,4,1,0,0,0
3924,a,0.9346645654712499,3924,5,0.9255918112622941,4,3,0,0,0
3925,a,0.9346645654712513,3925,2,0.905868312072148,4,1,0,0,0
3926,c,0.9346645654712501,3926,4,0.9077685917598146,4,2,0,0,0
3927,a,0.9346645654712513,3927,2,0.9059651062012207,4,1,0,0,0
3928,s,0.41493656343447627,3928,6,0.41493656343447627,3,3,0,1,0
3929,a,0.9292242879486426,3929,3,0.8720250268439672,4,0,0,1,1
3930,d,0.9346645654712509,3930,5,0.9346645654712509,4,2,0,0,0
3931,a,0.9292242879486426,3931,3,0.8733250100508916,4,0,0,1,1
3932,c,0.892117798037264,3932,7,0.892117798037264,3,0,1,3,1
3933,a,0.9346645654712499,3933,3,0.892398797295884,4,0,0,0,2
3934,a,0.9346645654712499,3934,3,0.8939641961171938,4,0,0,0,2
3935,a,0.9346645654712499,3935,3,0.8954177807369815,4,0,0,0,2
3936,a,0.9346645654712499,3936,3,0.8967711181416114,4,0,0,0,2
3937,a,0.9346645654712499,3937,3,0.8980342330525992,4,0,0,0,2
3938,s,0.6032543221422559,3938,5,0.6032543221422559,3,0,1,0,1
3939,a,0.9318978893120249,3939,2,0.8990263517511071,4,0,0,1,0
3940,a,0.9264095979537544,3940,4,0.9219747424873539,4,1,0,2,0
3941,a,0.9292242879486426,3941,3,0.8745672162263972,4,0,0,1,1
3942,a,0.9318978893120249,3942,2,0.8992238467728564,4,0,0,1,0
3943,a,0.5499232702909163,3943,5,0.5499232702909163,4,0,1,1,2
3944,s,0.9272217022346663,3944,2,0.8932163586297729,3,0,1,0,0
3945,a,0.9244941808911981,3945,3,0.8908817405730534,3,0,1,1,0
3946,s,0.9272217022346664,3946,2,0.8933904470720829,3,0,1,0,0
3947,c,0.8926494843029129,3947,5,0.8893133816356469,3,0,1,1,0
3948,s,0.9272217022346664,3948,2,0.8934782197309514,3,0,1,0,0
3949,s,0.9272217022346665,3949,2,0.8935674882031834,3,0,1,0,0
3950,s,0.9272217022346665,3950,2,0.8936562856016833,3,0,1,0,0
3951,c,0.924494180891198,3951,4,0.862095458056279,3,0,1,1,0
3952,s,0.9272217022346665,3952,2,0.8938253231657843,3,0,1,0,0
3953,a,0.9244941808911981,3953,3,0.8917441483776303,3,0,1,1,0
3954,s,0.9272217022346666,3954,2,0.8939925953245161,3,0,1,0,0
3955,c,0.924494180891198,3955,4,0.8659953782334614,3,0,1,1,0
3956,s,0.9272217022346666,3956,2,0.8941581295906896,3,0,1,0,0
3957,s,0.1119861084510984,3957,2,0.1119861084510984,3,0,1,0,0
3958,s,0.1119861084510984,3958,2,0.1119861084510984,3,0,1,0,0
3959,a,0.9244941808911981,3959,3,0.8925429296584491,3,0,1,1,0
3960,s,0.9272217022346667,3960,2,0.8943219529083757,3,0,1,0,0
3961,s,0.9272217022346667,3961,2,0.8944067460767423,3,0,1,0,0
3962,c,0.8926494843029129,3962,5,0.89918664223903,3,0,1,1,0
3963,s,0.9272217022346668,3963,2,0.8944863811905477,3,0,1,0,0
3964,s,0.9272217022346668,3964,2,0.8945701032392538,3,0,1,0,0
3965,s,0.9272217022346668,3965,2,0.8946533981346502,3,0,1,0,0
3966,a,0.8310318419126378,3966,7,0.8310318419126378,3,0,2,3,0
3967,a,0.931897889312022,3967,2,0.8948412675630654,4,0,0,1,0
3968,a,0.9042922215955729,3968,6,0.9042922215955729,4,0,0,4,1
3969,a,0.9346645654712492,3969,3,0.8830683336090661,4,1,0,0,1
3970,a,0.9346645654712511,3970,2,0.9013494920032745,4,1,0,0,0
3971,c,0.9233752263754409,3971,7,0.9233752263754409,4,2,0,1,2
3972,a,0.9318978893120221,3972,5,0.9318978893120224,4,1,0,1,2
3973,a,0.9346645654712511,3973,2,0.9015192335154264,4,1,0,0,0
3974,a,0.9346645654712492,3974,3,0.8847420967351518,4,1,0,0,1
3975,a,0.9346645654712511,3975,2,0.9016497269483232,4,1,0,0,0
3976,a,0.9346645654712508,3976,3,0.8989452543604477,4,2,0,0,0
3977,a,0.9318978893120222,3977,4,0.8901148559892268,4,1,0,1,1
3978,a,0.9346645654712511,3978,2,0.9018381375929603,4,1,0,0,0
3979,a,0.9288459652466211,3979,5,0.9288459652466212,4,2,0,1,1
3980,a,0.9346645654712492,3980,3,0.8863078751434255,4,1,0,0,1
3981,a,0.9346645654712511,3981,2,0.902018411296093,4,1,0,0,0
3982,a,0.9318978893120237,3982,8,0.9318978893120237,4,2,0,1,4
3983,a,0.9346645654712508,3983,3,0.8997865366937423,4,2,0,0,0
3984,a,0.9346645654712511,3984,2,0.9022024959892577,4,1,0,0,0
3985,a,0.9346645654712492,3985,3,0.8877757924011821,4,1,0,0,1
3986,a,0.9346645654712502,3986,4,0.8829947651417953,4,2,0,0,1
3987,a,0.9346645654712511,3987,2,0.9023897771593461,4,1,0,0,0
3988,a,0.9318978893120222,3988,4,0.8945130700232052,4,1,0,1,1
3989,a,0.9346645654712502,3989,4,0.902642275020243,4,2,0,0,1
3990,a,0.9346645654712511,3990,2,0.9025696197765094,4,1,0,0,0
3991,a,0.9346645654712491,3991,3,0.8891547449766504,4,1,0,0,1
3992,a,0.9346645654712511,3992,2,0.9026918862362988,4,1,0,0,0
3993,a,0.9346645654712508,3993,3,0.9010783155373537,4,2,0,0,0
3994,a,0.9318978893120221,3994,5,0.9318978893120227,4,1,0,1,2
3995,a,0.9346645654712511,3995,2,0.9028683092695291,4,1,0,0,0
3996,a,0.9288459652466211,3996,5,0.9265013628732582,4,2,0,1,1
3997,a,0.9346645654712511,3997,2,0.9029773166509986,4,1,0,0,0
3998,a,0.9346645654712491,3998,3,0.8904525826947381,4,1,0,0,1
3999,a,0.9346645654712508,3999,3,0.9018175191475124,4,2,0,0,0
4000,a,0.9346645654712511,4000,2,0.9031556688957653,4,1,0,0,0
4001,a,0.9318978893120222,4001,4,0.8980735290030927,4,1,0,1,1
4002,d,0.9288459652466221,4002,6,0.9288459652466214,4,1,0,1,1
4003,a,0.9346645654712511,4003,2,0.903316007353494,4,1,0,0,0
4004,a,0.9318978893120221,4004,6,0.9318978893120232,4,3,0,1,1
4005,a,0.9346645654712491,4005,3,0.8916762582575066,4,1,0,0,1
4006,a,0.9346645654712511,4006,2,0.9034853561442064,4,1,0,0,0
4007,a,0.9346645654712502,4007,4,0.8884125984992554,4,2,0,0,1
4008,a,0.9346645654712491,4008,3,0.8922817273731932,4,1,0,0,1
4009,a,0.9346645654712493,4009,3,0.9083388377702659,4,2,0,0,0
4010,a,0.9346645654712511,4010,2,0.9037150372442213,4,1,0,0,0
4011,a,0.9318978893120221,4011,6,0.9318978893120229,4,1,0,1,3
4012,a,0.9346645654712509,4012,3,0.9028956882027053,4,2,0,0,0
4013,a,0.9318978893120223,4013,4,0.8947145470640835,4,2,0,1,0
4014,a,0.9346645654712511,4014,2,0.9039312433878952,4,1,0,0,0
4015,a,0.9346645654712502,4015,4,0.9052889105055789,4,2,0,0,1
4016,a,0.9346645654712491,4016,3,0.8934050013463013,4,1,0,0,1
4017,a,0.9346645654712493,4017,3,0.9088531138449334,4,2,0,0,0
4018,a,0.9346645654712511,4018,2,0.9041543528041082,4,1,0,0,0
4019,a,0.9318978893120223,4019,4,0.9010147777256082,4,1,0,1,1
4020,c,0.9233752263754409,4020,7,0.9233752263754409,4,2,0,1,2
4021,a,0.9346645654712494,4021,3,0.9091164960043856,4,2,0,0,0
4022,a,0.9346645654712511,4022,2,0.9043489200751235,4,1,0,0,0
4023,a,0.9346645654712492,4023,3,0.894468367374177,4,1,0,0,1
4024,a,0.9318978893120227,4024,6,0.9318978893120227,4,4,0,1,0
4025,a,0.9346645654712509,4025,3,0.9038397027275348,4,2,0,0,0
4026,a,0.9346645654712511,4026,2,0.9045608984390325,4,1,0,0,0
4027,a,0.929224287948643,4027,6,0.929224287948643,4,1,0,1,3
4028,a,0.9346645654712511,4028,2,0.9046585224257382,4,1,0,0,0
4029,a,0.928845965246621,4029,5,0.9288459652466214,4,2,0,1,1
4030,a,0.9346645654712494,4030,3,0.9095997906321307,4,2,0,0,0
4031,a,0.9346645654712493,4031,3,0.8954417715127684,4,1,0,0,1
4032,a,0.9346645654712511,4032,2,0.9048606561814149,4,1,0,0,0
4033,a,0.9318978893120223,4033,4,0.8976892144439187,4,2,0,1,0
4034,a,0.9346645654712502,4034,4,0.8924733282416645,4,2,0,0,1
4035,a,0.9318978893120223,4035,4,0.9033784825979861,4,1,0,1,1
4036,a,0.9346645654712511,4036,2,0.9050604493006433,4,1,0,0,0
4037,a,0.9346645654712495,4037,3,0.9100641325293759,4,2,0,0,0
4038,a,0.9346645654712509,4038,3,0.9047816156406492,4,2,0,0,0
4039,a,0.9346645654712493,4039,3,0.8963997324210943,4,1,0,0,1
4040,a,0.9346645654712511,4040,2,0.9052671097974715,4,1,0,0,0
4041,a,0.9346645654712501,4041,4,0.9074944400766919,4,2,0,0,1
4042,s,0.9291595560712481,4042,4,0.9291595560712481,4,1,0,1,0
4043,a,0.9318978893120223,4043,4,0.9044753828562183,4,1,0,1,1
4044,a,0.9346645654712511,4044,2,0.9054565693072392,4,1,0,0,0
4045,a,0.9346645654712509,4045,3,0.9054174230838535,4,2,0,0,0
4046,a,0.9346645654712511,4046,2,0.9055574604856987,4,1,0,0,0
4047,s,0.9291595560712481,4047,4,0.9291595560712481,4,1,0,1,0
4048,a,0.9346645654712494,4048,3,0.8973103866178979,4,1,0,0,1
4049,a,0.928845965246621,4049,5,0.9264145257483187,4,2,0,1,1
4050,a,0.9346645654712511,4050,2,0.905737743179211,4,1,0,0,0
4051,a,0.9346645654712494,4051,3,0.8977659253844021,4,1,0,0,1
4052,a,0.9291595560712481,4052,5,0.9291595560712481,4,1,0,1,1
4053,a,0.9346645654712511,4053,2,0.9058764384991361,4,1,0,0,0
4054,a,0.929224287948643,4054,6,0.929224287948643,4,1,0,1,3
4055,c,0.9288459652466206,4055,8,0.9288459652466206,4,2,0,1,1
4056,a,0.9291595560712481,4056,5,0.9291595560712481,4,1,0,1,1
4057,a,0.9346645654712511,4057,2,0.9060431988732738,4,1,0,0,0
4058,a,0.9346645654712495,4058,3,0.8985796992254865,4,1,0,0,1
4059,a,0.934664565471251,4059,3,0.9062020027406879,4,2,0,0,0
4060,a,0.9346645654712511,4060,2,0.906187994994343,4,1,0,0,0
4061,s,0.9291595560712481,4061,4,0.9291595560712482,4,1,0,1,0
4062,a,0.9318978893120223,4062,4,0.9063386475543693,4,1,0,1,1
4063,a,0.9346645654712502,4063,4,0.8960444134341436,4,2,0,0,1
4064,a,0.9346645654712512,4064,2,0.9063649373667859,4,1,0,0,0
4065,s,0.9280303473911602,4065,6,0.9280303473911602,3,1,1,1,1
4066,a,0.9346645654712495,4066,3,0.8993867115084203,4,1,0,0,1
4067,a,0.9346645654712501,4067,4,0.9093606574060953,4,2,0,0,1
4068,c,0.9346645654712507,4068,3,0.8655372483912294,4,1,0,0,0
4069,a,0.9346645654712512,4069,2,0.9065889638160257,4,1,0,0,0
4070,c,0.9346645654712507,4070,3,0.8668926859810338,4,1,0,0,0
4071,c,0.9346645654712508,4071,3,0.8681959913558456,4,1,0,0,0
4072,c,0.9346645654712508,4072,3,0.8694501153957589,4,1,0,0,0
4073,a,0.9292242879486451,4073,7,0.9292242879486451,4,2,0,1,3
4074,s,0.9291595560712481,4074,4,0.9289982405455213,4,1,0,1,0
4075,a,0.934664565471251,4075,3,0.9070558796226048,4,2,0,0,0
4076,c,0.9346645654712508,4076,3,0.870657790397157,4,1,0,0,0
4077,a,0.9346645654712512,4077,2,0.906939225334582,4,1,0,0,0
4078,c,0.9346645654712508,4078,3,0.8718215499439587,4,1,0,0,0
4079,c,0.9346645654712509,4079,3,0.8729437466498032,4,1,0,0,0
4080,a,0.9233752263754408,4080,6,0.9233752263754409,4,2,0,1,2
4081,a,0.9346645654712512,4081,2,0.9071014598972058,4,1,0,0,0
4082,a,0.9346645654712497,4082,3,0.9001266595811823,4,1,0,0,1
4083,c,0.9346645654712509,4083,3,0.8740265680326356,4,1,0,0,0
4084,s,0.9280303473911602,4084,6,0.9280303473911602,3,1,1,1,1
4085,c,0.9346645654712509,4085,3,0.8750720507470945,4,1,0,0,0
4086,a,0.9346645654712512,4086,2,0.9073133844687571,4,1,0,0,0
4087,c,0.9346645654712509,4087,3,0.8760820933695379,4,1,0,0,0
4088,a,0.9318978893120223,4088,4,0.9079534769594336,4,1,0,1,1
4089,a,0.9318978893120242,4089,5,0.7854986446256658,4,2,0,1,1
4090,s,0.9291595560712482,4090,4,0.9289086208090064,4,1,0,1,0
4091,d,0.2677858814627586,4091,4,0.2677858814627586,3,1,0,0,0
4092,a,0.931897889312022,4092,2,0.8949581207685465,4,0,0,1,0
4093,a,0.9318978893120219,4093,2,0.8950507016420891,4,0,0,1,0
4094,a,0.9236299142412187,4094,3,0.8983581734335505,4,0,0,2,0
4095,a,0.9318978893120219,4095,2,0.8952138597474983,4,0,0,1,0
4096,a,0.9318978893120218,4096,2,0.8953051135523853,4,0,0,1,0
4097,a,0.9236299142412187,4097,3,0.8986520308848025,4,0,0,2,0
4098,a,0.9318978893120218,4098,2,0.8954658006228025,4,0,0,1,0
4099,a,0.9318978893120217,4099,2,0.8955557563973437,4,0,0,1,0
4100,a,0.9236299142412197,4100,4,0.9094920698728607,4,0,0,2,1
4101,a,0.9318978893120217,4101,2,0.8957140273820086,4,0,0,1,0
4102,a,0.9236299142412187,4102,3,0.8992197100519937,4,0,0,2,0
4103,a,0.9318978893120216,4103,2,0.8958707504841829,4,0,0,1,0
4104,a,0.9318978893120216,4104,2,0.8959586215544947,4,0,0,1,0
4105,a,0.5344504554721802,4105,6,0.5344504554721802,4,1,1,2,1
4106,a,0.9272217022346666,4106,3,0.9272217022346666,3,0,1,0,1
4107,a,0.9272217022346666,4107,3,0.9272217022346666,3,0,1,0,1
4108,c,0.9290311297986233,4108,4,0.9290311297986233,3,0,1,0,1
4109,c,0.9290311297986233,4109,4,0.9290311297986233,3,0,1,0,1
4110,a,0.9290311297986233,4110,5,0.9290311297986233,3,0,1,0,2
4111,a,0.9272217022346666,4111,3,0.9281264160166449,3,0,1,0,1
4112,a,0.9290311297986233,4112,5,0.9290311297986233,3,0,1,0,2
4113,a,0.9272217022346666,4113,3,0.9281264160166449,3,0,1,0,1
4114,c,0.9290311297986232,4114,4,0.9290311297986233,3,0,1,0,1
4115,a,0.9272217022346666,4115,3,0.9281264160166449,3,0,1,0,1
4116,s,0.11800163278207093,4116,6,0.11800163278207093,3,0,2,0,1
4117,a,0.9346645654712512,4117,2,0.906491288533218,4,1,0,0,0
4118,a,0.9346645654712497,4118,3,0.900863427754748,4,1,0,0,1
4119,d,0.2677858814627587,4119,4,0.2677858814627587,3,2,0,0,0
4120,a,0.9346645654712498,4120,3,0.8899670587247338,4,0,0,0,2
4121,a,0.9346645654712497,4121,3,0.8913215286261433,4,0,0,0,2
4122,a,0.9346645654712497,4122,3,0.8925963238274699,4,0,0,0,2
4123,a,0.9346645654712495,4123,3,0.8937982735887208,4,0,0,0,2
4124,a,0.9346645654712495,4124,3,0.8949334483632355,4,0,0,0,2
4125,a,0.9346645654712494,4125,3,0.8960072623391279,4,0,0,0,2
4126,a,0.9346645654712494,4126,3,0.8970245597899732,4,0,0,0,2
4127,c,0.9233752263754409,4127,7,0.9233752263754409,4,0,0,2,1
4128,a,0.09555590627830764,4128,4,0.09555590627830764,4,0,1,0,2
4129,a,0.34010642921477197,4129,3,0.34010642921477197,4,0,1,0,1
4130,a,0.917626906070931,4130,5,0.917626906070931,4,0,0,2,2
4131,a,0.9288459652466223,4131,2,0.8855162239552966,4,0,0,1,0
4132,a,0.9288459652466222,4132,2,0.8856616257717106,4,0,0,1,0
4133,a,0.9233752263754409,4133,3,0.8704691449870551,4,0,0,2,0
4134,a,0.9288459652466221,4134,2,0.8859312855719726,4,0,0,1,0
4135,a,0.917626906070931,4135,5,0.917626906070931,4,0,0,2,2
4136,a,0.928845965246622,4136,2,0.8861783395460575,4,0,0,1,0
4137,a,0.923375226375441,4137,3,0.8724704218365003,4,0,0,2,0
4138,a,0.9288459652466219,4138,2,0.8864410517583271,4,0,0,1,0
4139,a,0.9288459652466219,4139,2,0.8865800842615674,4,0,0,1,0
4140,a,0.9119428212951362,4140,6,0.9119428212951362,4,0,0,3,2
4141,a,0.9288459652466218,4141,2,0.8868003729196087,4,0,0,1,0
4142,a,0.923375226375441,4142,3,0.8742084449902998,4,0,0,2,0
4143,a,0.9288459652466217,4143,2,0.8870548080192295,4,0,0,1,0
4144,a,0.9288459652466216,4144,2,0.887189618203834,4,0,0,1,0
4145,a,0.923375226375441,4145,3,0.8751361201107741,4,0,0,2,0
4146,a,0.9288459652466216,4146,2,0.887439111650034,4,0,0,1,0
4147,a,0.9119428212951362,4147,6,0.9119428212951362,4,0,0,3,2
4148,a,0.9288459652466214,4148,2,0.8876490179023961,4,0,0,1,0
4149,a,0.9288459652466213,4149,2,0.8877798018622192,4,0,0,1,0
4150,a,0.923375226375441,4150,3,0.8766824075189382,4,0,0,2,0
4151,a,0.9288459652466212,4151,2,0.8880216365243567,4,0,0,1,0
4152,a,0.917626906070931,4152,5,0.915353272160613,4,0,0,2,2
4153,a,0.9288459652466212,4153,2,0.8882424189640711,4,0,0,1,0
4154,a,0.923375226375441,4154,3,0.8782199043155785,4,0,0,2,0
4155,a,0.9288459652466211,4155,2,0.8884783577606253,4,0,0,1,0
4156,a,0.928845965246621,4156,2,0.8886037230012651,4,0,0,1,0
4157,a,0.9119428212951377,4157,7,0.9119428212951377,4,1,0,3,2
4158,a,0.9288459652466209,4158,2,0.8887999617066332,4,0,0,1,0
4159,a,0.9288459652466209,4159,2,0.8889231801790639,4,0,0,1,0
4160,a,0.923375226375441,4160,3,0.8795568236213314,4,0,0,2,0
4161,a,0.9288459652466208,4161,2,0.889150626146232,4,0,0,1,0
4162,a,0.923375226375441,4162,3,0.8802871303338998,4,0,0,2,0
4163,a,0.9288459652466207,4163,2,0.8893753068128872,4,0,0,1,0
4164,a,0.917626906070931,4164,5,0.9151908697384477,4,0,0,2,2
4165,a,0.9288459652466207,4165,2,0.8895799057787235,4,0,0,1,0
4166,a,0.9288459652466206,4166,2,0.889698177042181,4,0,0,1,0
4167,a,0.923375226375441,4167,3,0.8815843540722639,4,0,0,2,0
4168,a,0.9288459652466206,4168,2,0.8899162154779227,4,0,0,1,0
4169,a,0.9119428212951377,4169,7,0.9119428212951377,4,1,0,3,2
4170,a,0.9288459652466204,4170,2,0.8900976332028808,4,0,0,1,0
4171,a,0.9288459652466203,4171,2,0.8902126134166605,4,0,0,1,0
4172,a,0.923375226375441,4172,3,0.8827116875023584,4,0,0,2,0
4173,a,0.9288459652466203,4173,2,0.8904244009234119,4,0,0,1,0
4174,s,0.8772497643296203,4174,4,0.7729858757089435,3,0,1,1,0
4175,a,0.9176269060709309,4175,5,0.9151006461705781,4,0,0,2,2
4176,a,0.9288459652466202,4176,2,0.8905777618382569,4,0,0,1,0
4177,a,0.9288459652466201,4177,2,0.8906893309444038,4,0,0,1,0
4178,a,0.923375226375441,4178,3,0.8838568201908683,4,0,0,2,0
4179,a,0.9288459652466201,4179,2,0.8908946716102972,4,0,0,1,0
4180,a,0.8862734569701662,4180,8,0.8862734569701662,4,2,0,3,2
4181,a,0.92884596524662,4181,2,0.8909907237111508,4,0,0,1,0
4182,c,0.9288459652466228,4182,3,0.8708408187052298,4,0,0,1,0
4183,a,0.92884596524662,4183,2,0.8912076591927296,4,0,0,1,0
4184,c,0.9288459652466228,4184,3,0.871895457733255,4,0,0,1,0
4185,a,0.9288459652466199,4185,2,0.891422122475088,4,0,0,1,0
4186,s,0.8772497643296202,4186,4,0.786018861786528,3,0,1,1,0
4187,a,0.9288459652466198,4187,2,0.8914879907034906,4,0,0,1,0
4188,a,0.923375226375441,4188,3,0.8844735119991605,4,0,0,2,0
4189,a,0.9288459652466198,4189,2,0.8916830476336739,4,0,0,1,0
4190,a,0.923375226375441,4190,3,0.8850373049611356,4,0,0,2,0
4191,a,0.9288459652466197,4191,2,0.8918759190520344,4,0,0,1,0
4192,a,0.923375226375441,4192,4,0.8890327465442662,4,0,0,2,1
4193,a,0.9288459652466197,4193,2,0.8920666414852321,4,0,0,1,0
4194,c,0.9288459652466228,4194,3,0.8729885246474609,4,0,0,1,0
4195,a,0.9288459652466196,4195,2,0.8922704050517773,4,0,0,1,0
4196,a,0.923375226375441,4196,3,0.8861172464094259,4,0,0,2,0
4197,c,0.9288459652466228,4197,3,0.8739515839681361,4,0,0,1,0
4198,s,0.26611882458739067,4198,4,0.26611882458739067,3,0,0,2,0
4199,a,0.9346645654712513,4199,2,0.9051906856258494,4,1,0,0,0
4200,a,0.9346645654712513,4200,2,0.9052399730503401,4,1,0,0,0
4201,a,0.9346645654712513,4201,2,0.9052890959091396,4,1,0,0,0
4202,a,0.9346645654712513,4202,2,0.9053380550250766,4,1,0,0,0
4203,a,0.9346645654712513,4203,2,0.9053868512155029,4,1,0,0,0
4204,a,0.9346645654712513,4204,2,0.9054354852923397,4,1,0,0,0
4205,a,0.9346645654712512,4205,2,0.9054839580621223,4,1,0,0,0
4206,a,0.9346645654712511,4206,2,0.9055322703260448,4,1,0,0,0
4207,a,0.9346645654712511,4207,2,0.9055804228800038,4,1,0,0,0
4208,a,0.934664565471251,4208,2,0.905628416514643,4,1,0,0,0
4209,a,0.9346645654712509,4209,2,0.9056762520153953,4,1,0,0,0
4210,a,0.9346645654712508,4210,2,0.9057239301625266,4,1,0,0,0
4211,a,0.9346645654712507,4211,2,0.9057714517311781,4,1,0,0,0
4212,a,0.9346645654712505,4212,2,0.9058188174914078,4,1,0,0,0
4213,a,0.9346645654712504,4213,2,0.9058660282082325,4,1,0,0,0
4214,a,0.9346645654712503,4214,2,0.9059130846416688,4,1,0,0,0
4215,a,0.9346645654712503,4215,2,0.9059599875467742,4,1,0,0,0
4216,a,0.9346645654712502,4216,2,0.9060067376736871,4,1,0,0,0
4217,a,0.9346645654712501,4217,2,0.9060533357676669,4,1,0,0,0
4218,a,0.9346645654712494,4218,3,0.8950065564016552,4,1,0,0,1
4219,a,0.93466456547125,4219,2,0.9061460788137078,4,1,0,0,0
4220,a,0.7136569233292668,4220,6,0.7136569233292668,4,1,1,1,2
4221,a,0.9318978893120223,4221,3,0.9049847309384358,4,1,0,1,0
4222,a,0.931897889312025,4222,2,0.8986078977676425,4,0,0,1,0
4223,a,0.9183230571463344,4223,5,0.9137395571632945,4,0,0,3,1
4224,a,0.9346645654712509,4224,6,0.9346645654712509,4,2,0,0,1
4225,a,0.931897889312025,4225,2,0.8987998413422689,4,0,0,1,0
4226,a,0.9206423876690308,4226,5,0.920642387669031,4,1,0,3,0
4227,a,0.931897889312025,4227,2,0.8989177396132915,4,0,0,1,0
4228,a,0.926409597953754,4228,3,0.9055406019625668,4,0,0,2,0
4229,a,0.931897889312025,4229,2,0.899046953305683,4,0,0,1,0
4230,a,0.9318978893120223,4230,3,0.9059480729335958,4,1,0,1,0
4231,a,0.9240757383728447,4231,4,0.9207869534425331,4,0,0,2,1
4232,a,0.931897889312025,4232,2,0.8992395873971477,4,0,0,1,0
4233,a,0.9346645654712509,4233,6,0.9346645654712509,4,2,0,0,1
4234,a,0.9101916156775305,4234,4,0.9055761786432305,4,0,0,3,0
4235,a,0.931897889312025,4235,2,0.8994063285538341,4,0,0,1,0
4236,a,0.9152791263293596,4236,7,0.9152791263293596,4,1,0,4,1
4237,a,0.931897889312025,4237,2,0.8995079343490731,4,0,0,1,0
4238,a,0.926409597953754,4238,3,0.9061127467173257,4,0,0,2,0
4239,d,0.9291595560712466,4239,4,0.7634218345191592,4,0,0,1,0
4240,a,0.931897889312025,4240,2,0.8996936196106384,4,0,0,1,0
4241,a,0.9318978893120223,4241,3,0.906768551937594,4,1,0,1,0
4242,d,0.9291595560712466,4242,4,0.7965693788295767,4,0,0,1,0
4243,a,0.931897889312025,4243,2,0.8998883799340065,4,0,0,1,0
4244,a,0.9240757383728446,4244,7,0.9240757383728446,4,1,0,2,3
4245,s,0.920642387669033,4245,7,0.920642387669033,4,2,0,2,1
4246,d,0.9291595560712466,4246,4,0.8186677417031883,4,0,0,1,0
4247,a,0.931897889312025,4247,2,0.9001069438263709,4,0,0,1,0
4248,a,0.921433162078109,4248,5,0.9070158579160561,4,1,0,3,0
4249,d,0.9291595560712466,4249,4,0.8344522866129109,4,0,0,1,0
4250,d,0.9346645654712509,4250,5,0.9346645654712509,4,2,0,0,0
4251,a,0.931897889312025,4251,2,0.9003451630052017,4,0,0,1,0
4252,c,0.9318978893120227,4252,3,0.887640376449696,4,0,0,1,0
4253,d,0.9291595560712465,4253,4,0.8462906952952028,4,0,0,1,0
4254,a,0.9318978893120223,4254,3,0.9075944678220327,4,1,0,1,0
4255,a,0.926409597953754,4255,3,0.9067824999454848,4,0,0,2,0
4256,a,0.931897889312025,4256,2,0.900647257968707,4,0,0,1,0
4257,s,0.28439415311736566,4257,5,0.28439415311736566,3,0,0,3,0
4258,a,0.9346645654712499,4258,2,0.9058811827412896,4,1,0,0,0
4259,a,0.9346645654712498,4259,2,0.9059276075521444,4,1,0,0,0
4260,a,0.9346645654712498,4260,2,0.9059738828467002,4,1,0,0,0
4261,a,0.9346645654712497,4261,2,0.9060200093460966,4,1,0,0,0
4262,a,0.9346645654712495,4262,2,0.9060659877668433,4,1,0,0,0
4263,a,0.9346645654712494,4263,2,0.9061118188208568,4,1,0,0,0
4264,a,0.9346645654712493,4264,2,0.9061575032154975,4,1,0,0,0
4265,a,0.9346645654712493,4265,2,0.9062030416536058,4,1,0,0,0
4266,a,0.9346645654712492,4266,2,0.9062484348335382,4,1,0,0,0
4267,a,0.9346645654712491,4267,2,0.9062936834492035,4,1,0,0,0
4268,a,0.934664565471249,4268,2,0.9063387881900971,4,1,0,0,0
4269,a,0.9346645654712489,4269,2,0.9063837497413371,4,1,0,0,0
4270,a,0.9346645654712489,4270,2,0.9064285687836983,4,1,0,0,0
4271,a,0.9346645654712488,4271,2,0.906473245993647,4,1,0,0,0
4272,a,0.9346645654712499,4272,3,0.8836246798679646,4,1,0,0,1
4273,a,0.9346645654712499,4273,3,0.8842113452197264,4,1,0,0,1
4274,a,0.9346645654712499,4274,3,0.8847846772680392,4,1,0,0,1
4275,a,0.9346645654712487,4275,2,0.9066505498897327,4,1,0,0,0
4276,a,0.93466456547125,4276,3,0.8853451254500978,4,1,0,0,1
4277,a,0.93466456547125,4277,3,0.8858931192281106,4,1,0,0,1
4278,a,0.9346645654712485,4278,2,0.9067820710896461,4,1,0,0,0
4279,a,0.93466456547125,4279,3,0.8864290691868265,4,1,0,0,1
4280,a,0.9346645654712501,4280,3,0.8869533680594833,4,1,0,0,1
4281,a,0.9346645654712485,4281,2,0.9069123631194668,4,1,0,0,0
4282,a,0.9346645654712501,4282,3,0.8874663916875668,4,1,0,0,1
4283,c,0.9346645654712501,4283,4,0.8927383964496889,4,2,0,0,0
4284,a,0.9346645654712501,4284,3,0.8879684999193082,4,1,0,0,1
4285,a,0.9346645654712484,4285,2,0.9070842033817071,4,1,0,0,0
4286,a,0.9346645654712501,4286,3,0.8884600374514339,4,1,0,0,1
4287,c,0.9346645654712501,4287,4,0.8940485892316127,4,2,0,0,0
4288,a,0.9346645654712502,4288,3,0.8889413346183069,4,1,0,0,1
4289,a,0.9346645654712483,4289,2,0.9072539286868737,4,1,0,0,0
4290,a,0.9346645654712502,4290,3,0.8894127081322548,4,1,0,0,1
4291,c,0.9346645654712501,4291,4,0.8952793763903896,4,2,0,0,0
4292,a,0.9346645654712502,4292,3,0.8898744617785711,4,1,0,0,1
4293,a,0.9346645654712482,4293,2,0.9074215778415184,4,1,0,0,0
4294,a,0.9346645654712502,4294,3,0.8903268870683962,4,1,0,0,1
4295,a,0.929159556071246,4295,5,0.929159556071246,4,2,0,1,1
4296,a,0.9346645654712503,4296,3,0.8907702638524247,4,1,0,0,1
4297,c,0.9346645654712499,4297,3,0.9346645654712499,4,1,0,0,0
4298,c,0.9346645654712499,4298,3,0.9346645654712499,4,1,0,0,0
4299,a,0.929159556071246,4299,4,0.929159556071246,4,1,0,1,0
4300,a,0.929159556071246,4300,4,0.929159556071246,4,1,0,1,0
4301,c,0.9346645654712499,4301,3,0.9324625617112483,4,1,0,0,0
4302,d,0.9291595560712466,4302,5,0.9291595560712466,4,0,0,1,0
4303,c,0.9346645654712499,4303,3,0.9323052757283911,4,1,0,0,0
4304,d,0.9291595560712466,4304,5,0.9291595560712466,4,0,0,1,0
4305,c,0.9346645654712498,4305,3,0.9322178946268037,4,1,0,0,0
4306,s,0.6027857678997605,4306,6,0.6027857678997605,3,0,1,1,0
4307,c,0.9346645654712499,4307,3,0.9024919440920222,4,1,0,0,0
4308,a,0.9318978893120227,4308,4,0.9318978893120227,4,1,0,1,0
4309,a,0.9318978893120227,4309,4,0.9318978893120227,4,1,0,1,0
4310,a,0.9318978893120221,4310,5,0.9318978893120221,4,2,0,1,0
4311,a,0.9318978893120221,4311,5,0.9318978893120221,4,2,0,1,0
4312,a,0.9318978893120228,4312,4,0.9318978893120224,4,1,0,1,0
4313,d,0.2669932154717814,4313,6,0.2669932154717814,3,2,0,1,0
4314,a,0.9318978893120214,4314,2,0.8951684057818617,4,0,0,1,0
4315,a,0.9318978893120214,4315,2,0.8952573391560268,4,0,0,1,0
4316,a,0.9318978893120213,4316,2,0.895345842900365,4,0,0,1,0
4317,a,0.9318978893120213,4317,2,0.895433920120634,4,0,0,1,0
4318,a,0.9318978893120212,4318,2,0.8955215738927288,4,0,0,1,0
4319,a,0.9318978893120212,4319,2,0.8956088072630389,4,0,0,1,0
4320,a,0.9318978893120211,4320,2,0.895695623248802,4,0,0,1,0
4321,a,0.9318978893120211,4321,2,0.8957820248384518,4,0,0,1,0
4322,a,0.9318978893120211,4322,2,0.8958680149919603,4,0,0,1,0
4323,a,0.931897889312021,4323,2,0.8959535966411767,4,0,0,1,0
4324,a,0.931897889312021,4324,2,0.8960387726901597,4,0,0,1,0
4325,a,0.9318978893120209,4325,2,0.896123546015507,4,0,0,1,0
4326,a,0.9318978893120209,4326,2,0.8962079194666781,4,0,0,1,0
4327,a,0.9318978893120209,4327,2,0.8962918958663142,4,0,0,1,0
4328,a,0.9318978893120208,4328,2,0.8963754780105531,4,0,0,1,0
4329,a,0.9318978893120208,4329,2,0.8964586686693387,4,0,0,1,0
4330,a,0.9318978893120207,4330,2,0.8965414705867282,4,0,0,1,0
4331,a,0.9318978893120207,4331,2,0.8966238864811927,4,0,0,1,0
4332,a,0.9318978893120207,4332,2,0.8967059190459157,4,0,0,1,0
4333,a,0.9318978893120206,4333,2,0.8967875709490853,4,0,0,1,0
4334,a,0.9318978893120206,4334,2,0.8968688448341848,4,0,0,1,0
4335,a,0.9318978893120204,4335,2,0.8969497433202768,4,0,0,1,0
4336,a,0.9318978893120204,4336,2,0.8970302690022856,4,0,0,1,0
4337,a,0.9318978893120204,4337,2,0.8971104244512734,4,0,0,1,0
4338,a,0.9318978893120203,4338,2,0.8971902122147155,4,0,0,1,0
4339,a,0.9236299142412187,4339,3,0.8954379428254317,4,0,0,2,0
4340,a,0.9318978893120203,4340,2,0.8973298181031262,4,0,0,1,0
4341,a,0.9318978893120203,4341,2,0.8974085608621443,4,0,0,1,0
4342,a,0.9236299142412185,4342,3,0.8957477447091216,4,0,0,2,0
4343,a,0.9318978893120202,4343,2,0.8975462268073346,4,0,0,1,0
4344,a,0.9236299142412185,4344,3,0.896050811769253,4,0,0,2,0
4345,a,0.9318978893120202,4345,2,0.89768264971916,4,0,0,1,0
4346,a,0.9318978893120202,4346,2,0.8977597110695944,4,0,0,1,0
4347,a,0.9236299142412185,4347,3,0.8963473612581989,4,0,0,2,0
4348,a,0.9318978893120201,4348,2,0.8978942590099848,4,0,0,1,0
4349,a,0.9318978893120201,4349,2,0.8979703297712869,4,0,0,1,0
4350,a,0.9236299142412185,4350,3,0.8966376011835502,4,0,0,2,0
4351,a,0.93189788931202,4351,2,0.8981030405597294,4,0,0,1,0
4352,a,0.9236299142412185,4352,3,0.8969217307946835,4,0,0,2,0
4353,a,0.93189788931202,4353,2,0.8982345743123544,4,0,0,1,0
4354,a,0.93189788931202,4354,2,0.8983090506729732,4,0,0,1,0
4355,a,0.9236299142412185,4355,3,0.8971999410389183,4,0,0,2,0
4356,a,0.9318978893120226,4356,3,0.8683955745451913,4,0,0,1,1
4357,a,0.9237517424177084,4357,5,0.9237517424177085,4,0,0,2,2
4358,a,0.926096512573889,4358,3,0.8815130559914537,4,0,0,2,0
4359,a,0.9318978893120199,4359,2,0.8986279318425401,4,0,0,1,0
4360,a,0.9236299142412185,4360,3,0.8974724149894574,4,0,0,2,0
4361,a,0.9318978893120226,4361,3,0.8703765492558472,4,0,0,1,1
4362,a,0.9214245786456736,4362,7,0.9214245786456736,4,0,0,2,3
4363,a,0.926096512573889,4363,3,0.8821237882734049,4,0,0,2,0
4364,a,0.9318978893120199,4364,2,0.8989348736712678,4,0,0,1,0
4365,a,0.9318978893120199,4365,2,0.8990060680894983,4,0,0,1,0
4366,c,0.4386300745602008,4366,5,0.4386300745602008,4,0,1,2,0
4367,a,0.13917743599936827,4367,3,0.13917743599936827,4,0,2,0,0
4368,a,0.9318978893120226,4368,3,0.8721921842469118,4,0,0,1,1
4369,a,0.9236299142412185,4369,3,0.8977393282471284,4,0,0,2,0
4370,a,0.9318978893120226,4370,3,0.8731398938511199,4,0,0,1,1
4371,a,0.9237517424177084,4371,5,0.923419290450275,4,0,0,2,2
4372,a,0.9318978893120198,4372,2,0.8983401171100065,4,0,0,1,0
4373,a,0.9236299142412185,4373,3,0.8980008493177758,4,0,0,2,0
4374,a,0.9318978893120226,4374,3,0.8748225068361583,4,0,0,1,1
4375,a,0.9214245786456736,4375,7,0.9214245786456736,4,0,0,2,3
4376,a,0.9318978893120198,4376,2,0.8985842815985285,4,0,0,1,0
4377,a,0.9318978893120198,4377,2,0.8986545634713419,4,0,0,1,0
4378,s,0.396718173388002,4378,5,0.396718173388002,3,1,0,2,1
4379,a,0.9291595560712481,4379,5,0.928707872599213,4,1,0,1,1
4380,a,0.9346645654712512,4380,2,0.9056014783811411,4,1,0,0,0
4381,a,0.9292242879486451,4381,7,0.9292242879486451,4,2,0,1,3
4382,a,0.9346645654712512,4382,2,0.9056849742554004,4,1,0,0,0
4383,s,0.9291595560712481,4383,4,0.9289542454021412,4,1,0,1,0
4384,a,0.9346645654712498,4384,3,0.9015391016450784,4,1,0,0,1
4385,a,0.9346645654712512,4385,2,0.9058134186785038,4,1,0,0,0
4386,a,0.9233752263754404,4386,5,0.9233752263754404,4,1,0,2,0
4387,a,0.9346645654712499,4387,4,0.8476716304887751,4,1,0,0,2
4388,a,0.9346645654712512,4388,2,0.9059315726836569,4,1,0,0,0
4389,a,0.9346645654712498,4389,3,0.9022438987477629,4,1,0,0,1
4390,a,0.9346645654712512,4390,2,0.906021503803493,4,1,0,0,0
4391,a,0.9233752263754404,4391,5,0.9233752263754404,4,1,0,2,0
4392,a,0.9318978893120223,4392,4,0.909366452688865,4,1,0,1,1
4393,a,0.9346645654712512,4393,2,0.9061334557812941,4,1,0,0,0
4394,a,0.9346645654712512,4394,2,0.9061778276470639,4,1,0,0,0
4395,a,0.7818373724105325,4395,6,0.7818373724105325,4,1,1,2,0
4396,a,0.9346645654712493,4396,3,0.8790372919547312,4,0,0,0,2
4397,d,0.9346645654712499,4397,4,0.8870549451632967,4,0,0,0,1
4398,a,0.9346645654712493,4398,3,0.8816246070020113,4,0,0,0,2
4399,a,0.9288459652466221,4399,5,0.9265013628732588,4,0,0,1,1
4400,a,0.9346645654712492,4400,3,0.8838526362623191,4,0,0,0,2
4401,a,0.9346645654712492,4401,3,0.884957243419035,4,0,0,0,2
4402,d,0.9346645654712499,4402,4,0.8923138063627838,4,0,0,0,1
4403,a,0.9346645654712492,4403,3,0.8870283818378774,4,0,0,0,2
4404,c,0.9233752263754409,4404,7,0.9233752263754409,4,0,0,2,1
4405,a,0.9346645654712492,4405,3,0.8887080424012962,4,0,0,0,2
4406,d,0.9346645654712498,4406,4,0.8961776052638953,4,0,0,0,1
4407,a,0.9346645654712491,4407,3,0.8904756009809098,4,0,0,0,2
4408,a,0.9288459652466221,4408,5,0.9264145257483195,4,0,0,1,1
4409,a,0.9346645654712491,4409,3,0.8920044774393553,4,0,0,0,2
4410,d,0.9346645654712498,4410,4,0.8995659538443754,4,0,0,0,1
4411,a,0.9346645654712491,4411,3,0.893528052011923,4,0,0,0,2
4412,a,0.9233752263754408,4412,6,0.9233752263754409,4,0,0,2,1
4413,a,0.9346645654712491,4413,3,0.8947519086985238,4,0,0,0,2
4414,a,0.9346645654712491,4414,3,0.8954283944065362,4,0,0,0,2
4415,d,0.9346645654712499,4415,4,0.9021271661990684,4,0,0,0,1
4416,a,0.9346645654712492,4416,3,0.8967148262447235,4,0,0,0,2
4417,a,0.9288459652466221,4417,5,0.9263592657597218,4,0,0,1,1
4418,a,0.9346645654712493,4418,3,0.8978272211372383,4,0,0,0,2
4419,d,0.9346645654712499,4419,4,0.9044974141318578,4,0,0,0,1
4420,a,0.9346645654712493,4420,3,0.8989606778859772,4,0,0,0,2
4421,a,0.6240391576481992,4421,6,0.6240391576481992,4,0,1,1,1
4422,a,0.9346645654712499,4422,4,0.8527888619583325,4,1,0,0,2
4423,a,0.9346645654712512,4423,2,0.9060735443969276,4,1,0,0,0
4424,a,0.9346645654712498,4424,3,0.9032180773458169,4,1,0,0,1
4425,a,0.9346645654712512,4425,2,0.9061617882891324,4,1,0,0,0
4426,a,0.9237517424177104,4426,8,0.9237517424177104,4,2,0,2,3
4427,a,0.9346645654712512,4427,2,0.9062327001834566,4,1,0,0,0
4428,a,0.9346645654712512,4428,2,0.9062763743236837,4,1,0,0,0
4429,a,0.9346645654712498,4429,4,0.8573375121534945,4,1,0,0,2
4430,a,0.9346645654712512,4430,2,0.9063633213103531,4,1,0,0,0
4431,a,0.9346645654712499,4431,3,0.9040523437590445,4,1,0,0,1
4432,a,0.9346645654712512,4432,2,0.9064497373230583,4,1,0,0,0
4433,a,0.9346645654712498,4433,4,0.8614073570649554,4,1,0,0,2
4434,a,0.9346645654712512,4434,2,0.9065356272108763,4,1,0,0,0
4435,s,0.2677858814627587,4435,3,0.2677858814627587,3,1,0,1,0
4436,a,0.9288459652466196,4436,2,0.890840553986706,4,0,0,1,0
4437,d,0.9291595560712463,4437,4,0.850521808832643,4,0,0,1,0
4438,a,0.9288459652466194,4438,2,0.8910485224154375,4,0,0,1,0
4439,a,0.923375226375441,4439,4,0.8905258978412738,4,0,0,2,1
4440,a,0.9288459652466194,4440,2,0.891238560753625,4,0,0,1,0
4441,a,0.9233752263754409,4441,3,0.8877058716742076,4,0,0,2,0
4442,a,0.9288459652466193,4442,2,0.8914265501609425,4,0,0,1,0
4443,d,0.9291595560712463,4443,4,0.8554366680350557,4,0,0,1,0
4444,a,0.9288459652466193,4444,2,0.8916280311823794,4,0,0,1,0
4445,a,0.9233752263754409,4445,3,0.888720648504448,4,0,0,2,0
4446,a,0.9288459652466192,4446,2,0.8918119381937322,4,0,0,1,0
4447,a,0.9288459652466192,4447,2,0.8919104329465325,4,0,0,1,0
4448,a,0.9176269060709309,4448,5,0.9127096525978454,4,0,0,2,2
4449,a,0.9288459652466191,4449,2,0.8920761789926291,4,0,0,1,0
4450,d,0.9291595560712463,4450,4,0.8597733085077728,4,0,0,1,0
4451,a,0.9288459652466191,4451,2,0.8922705294224518,4,0,0,1,0
4452,a,0.9233752263754409,4452,3,0.89003710094754,4,0,0,2,0
4453,a,0.928845965246619,4453,2,0.892447702544905,4,0,0,1,0
4454,s,0.6557084239930857,4454,3,0.655137487215973,3,0,1,1,0
4455,d,0.9291595560712465,4455,4,0.855498346492541,4,0,0,1,0
4456,a,0.9264095979537544,4456,4,0.9218310178669572,4,1,0,2,0
4457,a,0.931897889312025,4457,2,0.8995836751321931,4,0,0,1,0
4458,d,0.9183230571463356,4458,7,0.9183230571463356,4,0,0,3,1
4459,d,0.9291595560712465,4459,4,0.8628644674504116,4,0,0,1,0
4460,a,0.931897889312025,4460,2,0.8997442916205058,4,0,0,1,0
4461,a,0.8182698068369564,4461,7,0.8182698068369564,4,2,1,0,1
4462,a,0.9346645654712494,4462,3,0.8953902654583279,4,0,0,0,2
4463,a,0.9346645654712494,4463,3,0.895967828693812,4,0,0,0,2
4464,a,0.9346645654712495,4464,3,0.8965286509659488,4,0,0,0,2
4465,a,0.9346645654712495,4465,3,0.897073449744596,4,0,0,0,2
4466,a,0.9346645654712497,4466,3,0.8976029020787742,4,0,0,0,2
4467,a,0.9346645654712497,4467,3,0.8981176474036698,4,0,0,0,2
4468,a,0.9346645654712498,4468,3,0.8986182901169243,4,0,0,0,2
4469,a,0.9346645654712498,4469,3,0.8991054019460368,4,0,0,0,2
4470,a,0.9346645654712498,4470,3,0.8995795241263731,4,0,0,0,2
4471,d,0.9346645654712499,4471,4,0.8952273732005885,4,0,0,0,1
4472,a,0.9346645654712499,4472,3,0.9004908239015648,4,0,0,0,2
4473,d,0.9346645654712499,4473,4,0.896635844353112,4,0,0,0,1
4474,a,0.9346645654712499,4474,3,0.9013559819159872,4,0,0,0,2
4475,a,0.9346645654712509,4475,3,0.8948995754595,4,1,0,0,1
4476,d,0.9346645654712499,4476,4,0.8979471795640823,4,0,0,0,1
4477,a,0.9346645654712499,4477,4,0.8919249018268302,4,2,0,0,1
4478,a,0.9346645654712491,4478,3,0.9110936467932715,4,0,0,0,2
4479,s,0.5148179250161462,4479,6,0.5148179250161462,3,1,1,2,1
4480,a,0.24376404390847564,4480,4,0.24376404390847564,4,0,2,0,1
4481,c,0.9346645654712499,4481,3,0.8771421451397438,4,1,0,0,0
4482,c,0.9346645654712499,4482,3,0.880169640946665,4,1,0,0,0
4483,c,0.9346645654712498,4483,3,0.8828943871728943,4,1,0,0,0
4484,a,0.9291595560712459,4484,4,0.874763924709332,4,1,0,1,0
4485,c,0.9346645654712498,4485,3,0.887350539318199,4,1,0,0,0
4486,a,0.929159556071246,4486,4,0.8825347291896054,4,1,0,1,0
4487,c,0.9346645654712499,4487,3,0.8910639994392863,4,1,0,0,0
4488,a,0.929159556071246,4488,4,0.8883628325498105,4,1,0,1,0
4489,c,0.9346645654712499,4489,3,0.8942061580032832,4,1,0,0,0
4490,a,0.9291595560712461,4490,4,0.8928958018299701,4,1,0,1,0
4491,c,0.9346645654712499,4491,3,0.8968994367724233,4,1,0,0,0
4492,c,0.9346645654712499,4492,3,0.8982016825896243,4,1,0,0,0
4493,a,0.9291595560712461,4493,4,0.8965221772540977,4,1,0,1,0
4494,c,0.9346645654712499,4494,3,0.900376545698116,4,1,0,0,0
4495,d,0.9291595560712466,4495,5,0.847566109028375,4,0,0,1,0
4496,c,0.9346645654712499,4496,3,0.9022877890358816,4,1,0,0,0
4497,a,0.9318978893120227,4497,4,0.8369115073348451,4,1,0,1,0
4498,c,0.9291595560712481,4498,5,0.9291595560712481,4,1,0,1,0
4499,c,0.9346645654712499,4499,3,0.9047560846955169,4,1,0,0,0
4500,a,0.9318978893120227,4500,4,0.8487848050819923,4,1,0,1,0
4501,c,0.9291595560712481,4501,5,0.9291595560712481,4,1,0,1,0
4502,c,0.9346645654712498,4502,3,0.9068446425613624,4,1,0,0,0
4503,a,0.9346645654712509,4503,4,0.9346645654712509,4,2,0,0,0
4504,a,0.9346645654712509,4504,4,0.9346645654712509,4,2,0,0,0
4505,a,0.9346645654712504,4505,5,0.9346645654712504,4,3,0,0,0
4506,a,0.9346645654712504,4506,5,0.9346645654712504,4,3,0,0,0
4507,a,0.9346645654712509,4507,4,0.9346645654712507,4,2,0,0,0
4508,a,0.8949541664508177,4508,6,0.8949541664508177,4,3,1,0,0
4509,a,0.9346645654712509,4509,4,0.9289916513254746,4,2,0,0,0
4510,a,0.8949541664508177,4510,6,0.8949541664508177,4,3,1,0,0
4511,a,0.9346645654712509,4511,4,0.925840032355599,4,2,0,0,0
4512,a,0.9346645654712504,4512,5,0.9187804058630775,4,3,0,0,0
4513,a,0.9346645654712509,4513,4,0.927444492922081,4,2,0,0,0
4514,a,0.9318978893120242,4514,5,0.9318978893120242,4,2,0,1,0
4515,a,0.9318978893120242,4515,5,0.9318978893120242,4,2,0,1,0
4516,a,0.18234032658112445,4516,6,0.18234032658112445,4,2,1,1,0
4517,d,0.9291595560712465,4517,4,0.8688912936886694,4,0,0,1,0
4518,a,0.9264095979537539,4518,3,0.9071625933016936,4,0,0,2,0
4519,a,0.9318978893120251,4519,2,0.8997576506791856,4,0,0,1,0
4520,s,0.7536596434490285,4520,5,0.7536596434490285,3,0,1,1,0
4521,a,0.7832075446979689,4521,4,0.7832075446979689,3,0,2,0,1
4522,a,0.928845965246619,4522,2,0.8919259811494621,4,0,0,1,0
4523,d,0.9291595560712463,4523,4,0.8636281000390769,4,0,0,1,0
4524,a,0.9288459652466189,4524,2,0.8921180888153142,4,0,0,1,0
4525,a,0.923375226375441,4525,4,0.8929239113118268,4,0,0,2,1
4526,a,0.9288459652466189,4526,2,0.8922933079235396,4,0,0,1,0
4527,d,0.9291595560712463,4527,4,0.86707712404077,4,0,0,1,0
4528,a,0.9288459652466188,4528,2,0.8924815615273107,4,0,0,1,0
4529,a,0.9233752263754409,4529,3,0.8917831390331208,4,0,0,2,0
4530,a,0.9288459652466188,4530,2,0.89265313823284,4,0,0,1,0
4531,a,0.9335057136142364,4531,6,0.9335057136142364,4,1,0,2,2
4532,a,0.9116634827020548,4532,3,0.9116634827020548,4,0,0,2,0
4533,a,0.9116634827020548,4533,3,0.9116634827020548,4,0,0,2,0
4534,c,0.9116634827020548,4534,4,0.9116634827020548,4,0,0,2,0
4535,c,0.9116634827020548,4535,4,0.9116634827020548,4,0,0,2,0
4536,a,0.9116634827020548,4536,3,0.9116634827020548,4,0,0,2,0
4537,a,0.9116634827020548,4537,5,0.9116634827020548,4,0,0,2,1
4538,a,0.9116634827020548,4538,3,0.9116634827020549,4,0,0,2,0
4539,a,0.9116634827020548,4539,5,0.9116634827020548,4,0,0,2,1
4540,a,0.9116634827020548,4540,3,0.9116634827020549,4,0,0,2,0
4541,c,0.9116634827020548,4541,4,0.9116634827020548,4,0,0,2,0
4542,a,0.9116634827020548,4542,3,0.911663482702055,4,0,0,2,0
4543,a,0.1266959363706698,4543,4,0.1266959363706698,4,0,1,2,0
4544,a,0.9318978893120251,4544,2,0.8995333243630492,4,0,0,1,0
4545,a,0.9101916156775305,4545,5,0.9024456938317019,4,0,0,3,1
4546,a,0.931897889312025,4546,2,0.8996176829047423,4,0,0,1,0
4547,a,0.9318978893120249,4547,2,0.8996808535630737,4,0,0,1,0
4548,a,0.9240757383728447,4548,4,0.9209515003851102,4,0,0,2,1
4549,a,0.9318978893120248,4549,2,0.8997912081840458,4,0,0,1,0
4550,a,0.9264095979537539,4550,3,0.9076236423852118,4,0,0,2,0
4551,a,0.9260965125738886,4551,4,0.8642316611729515,4,1,0,2,0
4552,a,0.9318978893120247,4552,2,0.8999559957330527,4,0,0,1,0
4553,a,0.9318978893120246,4553,2,0.90001777889278,4,0,0,1,0
4554,a,0.9101916156775305,4554,4,0.9067165358024795,4,0,0,3,0
4555,a,0.9318978893120223,4555,3,0.9072685376501325,4,1,0,1,0
4556,a,0.9318978893120246,4556,2,0.9001599597728248,4,0,0,1,0
4557,c,0.9206423876690314,4557,8,0.9206423876690314,4,0,0,3,0
4558,a,0.9318978893120244,4558,2,0.9002599987717432,4,0,0,1,0
4559,a,0.9240757383728446,4559,5,0.9240757383728447,4,0,0,2,2
4560,a,0.9260965125738887,4560,5,0.9237590304718067,4,1,0,2,1
4561,a,0.9318978893120243,4561,2,0.9004148371411594,4,0,0,1,0
4562,a,0.9264095979537539,4562,3,0.9080532563039447,4,0,0,2,0
4563,a,0.9292242879486426,4563,3,0.8688228146473922,4,0,0,1,1
4564,a,0.9318978893120242,4564,2,0.9005782599892485,4,0,0,1,0
4565,a,0.9318978893120223,4565,3,0.9079143464751843,4,1,0,1,0
4566,a,0.9234528100305673,4566,4,0.7120194205384599,4,0,0,2,1
4567,c,0.8877927856999862,4567,7,0.8877927856999862,4,1,0,3,1
4568,a,0.9318978893120241,4568,2,0.9007149673847328,4,0,0,1,0
4569,a,0.9206423876690308,4569,5,0.9181769279341034,4,1,0,3,0
4570,a,0.9234528100305673,4570,4,0.7543060984368813,4,0,0,2,1
4571,a,0.9318978893120241,4571,2,0.9008530013751205,4,0,0,1,0
4572,s,0.7536596434490285,4572,5,0.7536596434490285,3,0,1,1,0
4573,a,0.9346645654712499,4573,3,0.9021784160778455,4,0,0,0,2
4574,a,0.9346645654712511,4574,2,0.9083853503045876,4,0,0,0,1
4575,a,0.9346645654712509,4575,3,0.8959890272406439,4,1,0,0,1
4576,a,0.931696287903743,4576,6,0.9293762392230276,4,0,1,1,3
4577,a,0.9346645654712511,4577,2,0.9084870518701808,4,0,0,0,1
4578,d,0.9346645654712499,4578,4,0.8991710924276545,4,0,0,0,1
4579,a,0.9318978893120237,4579,4,0.8809727035414606,4,1,0,1,1
4580,a,0.9346645654712491,4580,3,0.9115490443168638,4,0,0,0,2
4581,a,0.9346645654712511,4581,2,0.9086229763745076,4,0,0,0,1
4582,a,0.93466456547125,4582,3,0.9029612148584095,4,0,0,0,2
4583,a,0.9346645654712509,4583,7,0.9346645654712509,4,3,0,0,3
4584,a,0.9291595560712465,4584,4,0.9028707020714254,4,0,0,1,2
4585,a,0.9346645654712511,4585,2,0.9087538269673286,4,0,0,0,1
4586,s,0.1772664923934183,4586,6,0.1772664923934183,3,0,1,0,1
4587,a,0.9318978893120226,4587,3,0.8763699315269848,4,0,0,1,1
4588,a,0.9237517424177085,4588,5,0.9232345949128119,4,0,0,2,2
4589,a,0.9318978893120198,4589,2,0.8977960853134851,4,0,0,1,0
4590,a,0.9318978893120197,4590,2,0.8978672790587848,4,0,0,1,0
4591,a,0.9318978893120226,4591,3,0.877861377449822,4,0,0,1,1
4592,a,0.9318978893120227,4592,3,0.878633327619282,4,0,0,1,1
4593,c,0.9237517424177084,4593,6,0.9228208769088944,4,0,0,2,2
4594,a,0.9318978893120197,4594,2,0.8981322403302521,4,0,0,1,0
4595,a,0.9318978893120197,4595,2,0.8982020040678178,4,0,0,1,0
4596,a,0.9318978893120228,4596,3,0.8799997578483261,4,0,0,1,1
4597,a,0.929224287948643,4597,4,0.8903868334175636,4,0,0,1,2
4598,a,0.9318978893120196,4598,2,0.8984040863149827,4,0,0,1,0
4599,a,0.9318978893120228,4599,3,0.8813662803018939,4,0,0,1,1
4600,a,0.9318978893120196,4600,2,0.8985410752842957,4,0,0,1,0
4601,a,0.9237517424177085,4601,5,0.9233286217318841,4,0,0,2,2
4602,a,0.9318978893120196,4602,2,0.8986603573233206,4,0,0,1,0
4603,a,0.9318978893120229,4603,3,0.8825888733430247,4,0,0,1,1
4604,a,0.9318978893120194,4604,2,0.8987951951812869,4,0,0,1,0
4605,a,0.9292242879486429,4605,4,0.8933952652313645,4,0,0,1,2
4606,a,0.9318978893120194,4606,2,0.8989235422255256,4,0,0,1,0
4607,a,0.931897889312023,4607,3,0.8838189301452635,4,0,0,1,1
4608,a,0.931897889312023,4608,3,0.8844275245650959,4,0,0,1,1
4609,a,0.9318978893120194,4609,2,0.8991221828706251,4,0,0,1,0
4610,c,0.9237517424177084,4610,6,0.9237517424177084,4,0,0,2,2
4611,a,0.9318978893120194,4611,2,0.8992369934026021,4,0,0,1,0
4612,a,0.9318978893120231,4612,3,0.8854990626218803,4,0,0,1,1
4613,a,0.9318978893120193,4613,2,0.8993671164938748,4,0,0,1,0
4614,a,0.9292242879486429,4614,4,0.8959408613815038,4,0,0,1,2
4615,a,0.9318978893120193,4615,2,0.899490902097591,4,0,0,1,0
4616,a,0.9318978893120232,4616,3,0.8865848945738912,4,0,0,1,1
4617,a,0.9318978893120193,4617,2,0.8996189929561461,4,0,0,1,0
4618,c,0.9237517424177084,4618,6,0.9237517424177084,4,0,0,2,2
4619,a,0.9318978893120192,4619,2,0.8997300395030309,4,0,0,1,0
4620,a,0.9318978893120232,4620,3,0.8875552456630906,4,0,0,1,1
4621,a,0.9318978893120192,4621,2,0.8998561879336545,4,0,0,1,0
4622,a,0.9292242879486429,4622,4,0.898122800938766,4,0,0,1,2
4623,a,0.9318978893120192,4623,2,0.899976128952001,4,0,0,1,0
4624,a,0.9318978893120233,4624,3,0.8885438857313032,4,0,0,1,1
4625,a,0.9318978893120192,4625,2,0.9001003381362813,4,0,0,1,0
4626,a,0.9318978893120233,4626,3,0.8890365448629023,4,0,0,1,1
4627,a,0.9318978893120191,4627,2,0.9002235844586679,4,0,0,1,0
4628,a,0.9390985483186881,4628,7,0.9390985483186881,4,1,0,2,2
4629,a,0.9292242879486428,4629,4,0.9005253754184259,4,0,0,1,2
4630,a,0.9318978893120191,4630,2,0.900415395580447,4,0,0,1,0
4631,a,0.9318978893120234,4631,3,0.8904993041045577,4,0,0,1,1
4632,a,0.9318978893120191,4632,2,0.9005362496830636,4,0,0,1,0
4633,a,0.9318978893120234,4633,3,0.890949288726378,4,0,0,1,1
4634,a,0.9318978893120191,4634,2,0.9006561794713197,4,0,0,1,0
4635,a,0.9390985483186881,4635,7,0.9390985483186881,4,1,0,2,2
4636,a,0.9318978893120236,4636,3,0.8918971383027392,4,0,0,1,1
4637,a,0.931897889312019,4637,2,0.900848053593998,4,0,0,1,0
4638,a,0.9292242879486428,4638,4,0.9026276280881285,4,0,0,1,2
4639,a,0.931897889312019,4639,2,0.9009606029691357,4,0,0,1,0
4640,a,0.9318978893120236,4640,3,0.8927026372678974,4,0,0,1,1
4641,a,0.931897889312019,4641,2,0.9010773474459014,4,0,0,1,0
4642,d,0.40391757083921576,4642,8,0.40391757083921576,3,1,0,2,2
4643,a,0.7832075446979689,4643,4,0.7832075446979689,3,0,2,0,1
4644,s,0.2677858814627587,4644,3,0.2677858814627587,3,1,0,1,0
4645,a,0.9260965125738886,4645,4,0.8719647675980686,4,1,0,2,0
4646,a,0.931897889312024,4646,2,0.9006840330502313,4,0,0,1,0
4647,a,0.9234528100305675,4647,4,0.7824972170358291,4,0,0,2,1
4648,a,0.9183230571463344,4648,5,0.9147581127150812,4,0,0,3,1
4649,a,0.9318978893120239,4649,2,0.9008164205869008,4,0,0,1,0
4650,a,0.9318978893120223,4650,3,0.9085175744985843,4,1,0,1,0
4651,a,0.9234528100305673,4651,4,0.8026337303207917,4,0,0,2,1
4652,a,0.9318978893120239,4652,2,0.9009723017025146,4,0,0,1,0
4653,a,0.9264095979537539,4653,3,0.908145186764255,4,0,0,2,0
4654,d,0.9346645654712509,4654,5,0.9180367428092088,4,2,0,0,0
4655,a,0.9234528100305673,4655,4,0.8177361152845136,4,0,0,2,1
4656,a,0.9318978893120238,4656,2,0.9011776587389334,4,0,0,1,0
4657,a,0.9264095979537543,4657,4,0.9219096364273479,4,1,0,2,0
4658,a,0.9263848162962071,4658,4,0.8461519686679284,4,0,1,2,0
4659,a,0.9234528100305673,4659,4,0.8294824147007418,4,0,0,2,1
4660,a,0.9318978893120237,4660,2,0.9013650400408117,4,0,0,1,0
4661,s,0.920642387669033,4661,7,0.920642387669033,4,2,0,2,1
4662,a,0.9318978893120236,4662,2,0.9014549501435183,4,0,0,1,0
4663,a,0.9240757383728446,4663,4,0.9210807872685637,4,0,0,2,1
4664,a,0.9292242879486426,4664,3,0.8760113599362868,4,0,0,1,1
4665,a,0.9318978893120236,4665,2,0.9016000723431646,4,0,0,1,0
4666,a,0.9234528100305673,4666,4,0.8388794542337245,4,0,0,2,1
4667,a,0.9318978893120223,4667,3,0.909354881260813,4,1,0,1,0
4668,a,0.9264095979537539,4668,3,0.9087030015762767,4,0,0,2,0
4669,a,0.9318978893120234,4669,2,0.9017912628908218,4,0,0,1,0
4670,a,0.8182698068369564,4670,7,0.8182698068369564,4,2,1,0,1
4671,a,0.9292242879486426,4671,3,0.8778087595453339,4,0,0,1,1
4672,c,0.892117798037264,4672,7,0.892117798037264,3,0,1,3,1
4673,a,0.9318978893120233,4673,2,0.9017281562192672,4,0,0,1,0
4674,a,0.9234528100305675,4674,4,0.8465679411243466,4,0,0,2,1
4675,a,0.9318978893120233,4675,2,0.9018196807111615,4,0,0,1,0
4676,a,0.9318978893120232,4676,2,0.9018726353037685,4,0,0,1,0
4677,a,0.9292242879486425,4677,3,0.8794822005606535,4,0,0,1,1
4678,a,0.9263848162962075,4678,5,0.8917164304401392,4,1,1,2,0
4679,a,0.9318978893120231,4679,2,0.902016048767246,4,0,0,1,0
4680,a,0.9234528100305694,4680,5,0.9234528100305694,4,1,0,2,1
4681,a,0.9240757383728445,4681,6,0.9240757383728446,4,0,0,2,3
4682,a,0.9318978893120231,4682,2,0.9021438855118691,4,0,0,1,0
4683,a,0.15164514480420058,4683,6,0.15164514480420058,3,0,2,1,0
4684,a,0.931897889312019,4684,2,0.9002007699369906,4,0,0,1,0
4685,a,0.9318978893120189,4685,2,0.9002602392041107,4,0,0,1,0
4686,a,0.9318978893120189,4686,2,0.9003194857398934,4,0,0,1,0
4687,a,0.9318978893120189,4687,2,0.9003785107932992,4,0,0,1,0
4688,a,0.9318978893120189,4688,2,0.9004373156039686,4,0,0,1,0
4689,a,0.9318978893120188,4689,2,0.9004959014023076,4,0,0,1,0
4690,a,0.9318978893120188,4690,2,0.9005542694095747,4,0,0,1,0
4691,a,0.9318978893120188,4691,2,0.9006124208379652,4,0,0,1,0
4692,a,0.9318978893120188,4692,2,0.900670356890695,4,0,0,1,0
4693,a,0.9318978893120187,4693,2,0.9007280787620838,4,0,0,1,0
4694,a,0.9318978893120187,4694,2,0.9007855876376373,4,0,0,1,0
4695,a,0.9318978893120187,4695,2,0.9008428846941279,4,0,0,1,0
4696,a,0.9318978893120187,4696,2,0.9008999710996755,4,0,0,1,0
4697,c,0.41515677348006264,4697,4,0.41515677348006264,4,0,1,1,0
4698,c,0.782646659015924,4698,5,0.782646659015924,3,0,2,0,1
4699,a,0.9318978893120226,4699,4,0.8580195922186623,4,1,0,1,0
4700,a,0.9509524700303128,4700,6,0.9509524700303128,4,2,0,1,0
4701,a,0.9318978893120226,4701,4,0.8654074219279984,4,1,0,1,0
4702,c,0.9346645654712497,4702,3,0.9011294631818743,4,1,0,0,0
4703,a,0.9509524700303128,4703,6,0.9509524700303128,4,2,0,1,0
4704,a,0.9318978893120226,4704,4,0.8714520098720006,4,1,0,1,0
4705,c,0.9346645654712497,4705,3,0.9030315721030071,4,1,0,0,0
4706,c,0.9549062658669583,4706,7,0.9549062658669583,4,2,0,1,0
4707,c,0.9346645654712495,4707,3,0.9043784702825587,4,1,0,0,0
4708,a,0.9318978893120227,4708,5,0.9318978893120227,4,2,0,1,0
4709,c,0.9291595560712481,4709,5,0.9407149790235546,4,1,0,1,0
4710,c,0.9346645654712495,4710,3,0.9056490333595871,4,1,0,0,0
4711,a,0.9318978893120227,4711,5,0.9318978893120227,4,2,0,1,0
4712,c,0.9549062658669583,4712,7,0.9549062658669583,4,2,0,1,0
4713,c,0.9291595560712481,4713,5,0.9410444620099417,4,1,0,1,0
4714,c,0.9346645654712494,4714,3,0.9075045716680384,4,1,0,0,0
4715,a,0.9318978893120221,4715,6,0.9318978893120221,4,3,0,1,0
4716,c,0.9346645654712494,4716,3,0.9082306746461678,4,1,0,0,0
4717,d,0.9291595560712466,4717,5,0.8638847984369493,4,0,0,1,0
4718,a,0.9318978893120221,4718,6,0.9318978893120221,4,3,0,1,0
4719,c,0.9346645654712493,4719,3,0.909190539334222,4,1,0,0,0
4720,a,0.9291595560712461,4720,4,0.9181455303254404,4,1,0,1,0
4721,a,0.9318978893120228,4721,5,0.9318978893120224,4,2,0,1,0
4722,c,0.9346645654712493,4722,3,0.9100756093712591,4,1,0,0,0
4723,a,0.9549062658669583,4723,8,0.9549062658669583,4,2,0,1,1
4724,a,0.9264095979537544,4724,7,0.9264095979537544,4,3,0,2,0
4725,c,0.9346645654712492,4725,3,0.9111475293859863,4,1,0,0,0
4726,c,0.8553806968004982,4726,7,0.8553806968004982,4,3,1,0,0
4727,d,0.9291595560712466,4727,5,0.8747639247093321,4,0,0,1,0
4728,c,0.9346645654712492,4728,3,0.9109759899906252,4,1,0,0,0
4729,a,0.9318978893120227,4729,5,0.9311138476894127,4,2,0,1,0
4730,a,0.929159556071246,4730,4,0.9205950631184875,4,1,0,1,0
4731,c,0.9346645654712492,4731,3,0.9117061532567025,4,1,0,0,0
4732,a,0.9264095979537544,4732,7,0.9264095979537544,4,3,0,2,0
4733,c,0.9291595560712482,4733,5,0.9412421518017741,4,1,0,1,0
4734,a,0.9346645654712509,4734,4,0.8773794243512383,4,2,0,0,0
4735,c,0.9346645654712492,4735,3,0.912573638500488,4,1,0,0,0
4736,a,0.9318978893120227,4736,4,0.8981038264841835,4,1,0,1,0
4737,a,0.929159556071246,4737,4,0.9212538702686998,4,1,0,1,0
4738,a,0.9346645654712509,4738,4,0.8807491385347684,4,2,0,0,0
4739,c,0.9346645654712491,4739,3,0.913425681291167,4,1,0,0,0
4740,a,0.9318978893120227,4740,5,0.9306782690101851,4,2,0,1,0
4741,a,0.9509524700303128,4741,6,0.9529293679486354,4,2,0,1,0
4742,c,0.9346645654712491,4742,3,0.9142219481049824,4,1,0,0,0
4743,a,0.9346645654712504,4743,5,0.9119924702267337,4,3,0,0,0
4744,d,0.9291595560712466,4744,5,0.8825347291896055,4,0,0,1,0
4745,a,0.9318978893120227,4745,4,0.9011760140139871,4,1,0,1,0
4746,c,0.9346645654712491,4746,3,0.9149496588367233,4,1,0,0,0
4747,a,0.934664565471251,4747,4,0.8864244466333455,4,2,0,0,0
4748,d,0.41493656343447627,4748,4,0.41493656343447627,3,1,0,0,0
4749,a,0.9272217022346666,4749,3,0.84503661623967,3,0,1,0,1
4750,a,0.9272217022346665,4750,3,0.8501731841143573,3,0,1,0,1
4751,a,0.9272217022346665,4751,3,0.8547054498861402,3,0,1,0,1
4752,c,0.782646659015924,4752,5,0.782646659015924,3,0,2,0,1
4753,a,0.934664565471251,4753,3,0.897479289589757,4,1,0,0,1
4754,a,0.9346645654712511,4754,2,0.90785598567596,4,0,0,0,1
4755,a,0.9236299142412197,4755,5,0.9236299142412208,4,0,0,2,2
4756,a,0.9288459652466221,4756,4,0.8705761041752872,4,0,0,1,2
4757,a,0.9260965125738918,4757,5,0.9236724570606211,4,1,0,2,1
4758,a,0.9346645654712511,4758,2,0.9079634929227789,4,0,0,0,1
4759,a,0.9288459652466228,4759,3,0.900576397162904,4,0,0,1,1
4760,a,0.9346645654712491,4760,3,0.912077113345195,4,0,0,0,2
4761,a,0.9346645654712511,4761,2,0.9080607240974136,4,0,0,0,1
4762,a,0.9346645654712499,4762,4,0.8958103257945047,4,2,0,0,1
4763,a,0.9346645654712511,4763,2,0.9081301858242382,4,0,0,0,1
4764,a,0.9291595560712466,4764,6,0.9268458241929242,4,0,0,1,4
4765,a,0.9288459652466228,4765,3,0.9009211479931933,4,0,0,1,1
4766,a,0.934664565471251,4766,3,0.898782932308075,4,1,0,0,1
4767,a,0.9346645654712511,4767,2,0.9082533207709441,4,0,0,0,1
4768,a,0.9318978893120226,4768,4,0.9287915664670424,4,0,0,1,2
4769,a,0.9318978893120237,4769,4,0.8857751532816103,4,1,0,1,1
4770,a,0.13396384142682788,4770,7,0.13396384142682788,4,0,2,2,2
4771,d,0.41493656343447627,4771,4,0.41493656343447627,3,1,0,0,0
4772,a,0.9272217022346665,4772,3,0.8547295268060513,3,0,1,0,1
4773,a,0.9272217022346665,4773,3,0.8583541355774822,3,0,1,0,1
4774,a,0.9272217022346664,4774,3,0.8616335435135386,3,0,1,0,1
4775,a,0.9272217022346664,4775,3,0.8646148234554082,3,0,1,0,1
4776,a,0.7832075446979689,4776,4,0.7829831904251511,3,0,2,0,1
4777,a,0.9318978893120223,4777,4,0.9104522387580415,4,1,0,1,1
4778,a,0.9346645654712512,4778,2,0.9046838748793563,4,1,0,0,0
4779,a,0.9233752263754406,4779,5,0.8879907628842134,4,1,0,2,0
4780,a,0.929159556071245,4780,4,0.929159556071245,4,1,0,1,1
4781,a,0.9346645654712512,4781,2,0.9047940371132115,4,1,0,0,0
4782,a,0.9346645654712512,4782,2,0.904838955200968,4,1,0,0,0
4783,a,0.9280303473911596,4783,7,0.9280303473911596,3,2,1,1,1
4784,a,0.929159556071245,4784,4,0.929159556071245,4,1,0,1,1
4785,a,0.9346645654712512,4785,2,0.9049547300562537,4,1,0,0,0
4786,a,0.7818373724105325,4786,6,0.7818373724105325,4,1,1,2,0
4787,a,0.9264095979537549,4787,7,0.9264095979537549,4,1,0,2,3
4788,a,0.934664565471251,4788,2,0.8915761394077667,4,0,0,0,1
4789,a,0.9346645654712514,4789,3,0.8819168307078674,4,1,0,0,1
4790,a,0.9346645654712511,4790,2,0.891791581538084,4,0,0,0,1
4791,a,0.9346645654712507,4791,3,0.8910953827669569,4,1,0,0,1
4792,a,0.9288459652466211,4792,7,0.9288459652466211,4,2,0,1,2
4793,a,0.9346645654712511,4793,2,0.8920962970506766,4,0,0,0,1
4794,s,0.9180010781746256,4794,7,0.9180010781746256,4,1,0,3,1
4795,a,0.9346645654712515,4795,3,0.8836353974199733,4,1,0,0,1
4796,a,0.9346645654712511,4796,2,0.8923697978338417,4,0,0,0,1
4797,a,0.9288459652466227,4797,5,0.8234731390977909,4,1,0,1,2
4798,a,0.9346645654712508,4798,3,0.8921472466193743,4,1,0,0,1
4799,a,0.9346645654712511,4799,2,0.8926658019968919,4,0,0,0,1
4800,a,0.9346645654712515,4800,3,0.8852393930179387,4,1,0,0,1
4801,a,0.929159556071245,4801,4,0.9266586420631232,4,1,0,1,1
4802,a,0.9346645654712511,4802,2,0.8929582565624817,4,0,0,0,1
4803,a,0.934664565471251,4803,4,0.9112686365526381,4,1,0,0,2
4804,a,0.9346645654712511,4804,2,0.8931597363156641,4,0,0,0,1
4805,a,0.9346645654712515,4805,3,0.8868337534196585,4,1,0,0,1
4806,a,0.9346645654712508,4806,3,0.8932998499281243,4,1,0,0,1
4807,a,0.9346645654712511,4807,2,0.8934583322088696,4,0,0,0,1
4808,a,0.9288459652466227,4808,5,0.9288459652466224,4,1,0,1,2
4809,a,0.8329951265056125,4809,3,0.7988161359212267,4,0,1,0,1
4810,a,0.929159556071245,4810,5,0.9285484542673582,4,1,0,1,2
4811,a,0.9346645654712511,4811,2,0.8935814483239747,4,0,0,0,1
4812,a,0.9346645654712515,4812,3,0.888237550667761,4,1,0,0,1
4813,a,0.9346645654712508,4813,3,0.8943875178391982,4,1,0,0,1
4814,a,0.9346645654712511,4814,2,0.8938721307566203,4,0,0,0,1
4815,a,0.9346645654712515,4815,3,0.8889518124339686,4,1,0,0,1
4816,a,0.9318978893120226,4816,3,0.878308726263314,4,0,0,1,1
4817,a,0.9233752263754418,4817,5,0.9221809712197049,4,1,0,2,1
4818,a,0.9346645654712511,4818,2,0.8942205273070957,4,0,0,0,1
4819,a,0.9288459652466227,4819,5,0.8445477043275572,4,1,0,1,2
4820,a,0.49233839222028364,4820,5,0.49233839222028364,4,0,1,2,1
4821,a,0.9318978893120186,4821,2,0.9000671042875743,4,0,0,1,0
4822,a,0.9236299142412184,4822,3,0.8932914076246438,4,0,0,2,0
4823,a,0.9318978893120186,4823,2,0.9001681874900892,4,0,0,1,0
4824,a,0.9318978893120186,4824,2,0.9002259829396738,4,0,0,1,0
4825,a,0.9236299142412184,4825,3,0.8935888439640219,4,0,0,2,0
4826,a,0.9318978893120186,4826,2,0.9003259390879024,4,0,0,1,0
4827,a,0.9236299142412212,4827,4,0.9236299142412212,4,1,0,2,0
4828,a,0.9318978893120184,4828,2,0.9004251722260171,4,0,0,1,0
4829,a,0.9260965125738891,4829,3,0.8767968417479018,4,0,0,2,0
4830,a,0.9318978893120184,4830,2,0.9005281344916638,4,0,0,1,0
4831,a,0.9236299142412212,4831,4,0.9236299142412212,4,1,0,2,0
4832,a,0.9260965125738893,4832,3,0.8774455216271912,4,0,0,2,0
4833,a,0.9318978893120184,4833,2,0.9006715751953416,4,0,0,1,0
4834,a,0.9260965125738893,4834,3,0.8780773526784471,4,0,0,2,0
4835,a,0.10738787210535895,4835,5,0.10738787210535895,4,1,1,2,0
4836,s,0.26620866986289704,4836,5,0.26620866986289704,3,2,0,1,1
4837,a,0.9272217022346664,4837,3,0.8638314734563174,3,0,1,0,1
4838,a,0.9272217022346664,4838,3,0.8663670826074514,3,0,1,0,1
4839,a,0.9272217022346664,4839,3,0.8687076449008059,3,0,1,0,1
4840,a,0.9272217022346664,4840,3,0.8708748322094674,3,0,1,0,1
4841,a,0.9272217022346664,4841,3,0.8728872204246532,3,0,1,0,1
4842,d,0.8244945190005595,4842,6,0.8244945190005595,3,0,1,0,1
4843,c,0.8631883247919535,4843,4,0.8631883247919535,4,0,1,1,0
4844,c,0.8631883247919535,4844,4,0.8631883247919535,4,0,1,1,0
4845,c,0.9298837866503472,4845,5,0.9298837866503472,4,0,1,1,0
4846,c,0.9298837866503472,4846,5,0.9298837866503472,4,0,1,1,0
4847,s,0.912892186516541,4847,6,0.912892186516541,4,0,0,2,0
4848,c,0.8631883247919535,4848,4,0.893704122365516,4,0,1,1,0
4849,s,0.912892186516541,4849,6,0.912892186516541,4,0,0,2,0
4850,c,0.9298837866503472,4850,5,0.9230871465968248,4,0,1,1,0
4851,c,0.8631883247919535,4851,4,0.896465448016882,4,0,1,1,0
4852,d,0.191750127196412,4852,4,0.191750127196412,3,0,1,1,0
4853,a,0.669273706052409,4853,3,0.7898277136542752,4,0,1,1,0
4854,a,0.9272217022346665,4854,3,0.8730852797708505,3,0,1,0,1
4855,a,0.9272217022346666,4855,3,0.8748316159793608,3,0,1,0,1
4856,a,0.9272217022346666,4856,3,0.8764688061748391,3,0,1,0,1
4857,c,0.9290311297986233,4857,4,0.813169773081973,3,0,1,0,1
4858,c,0.9290311297986233,4858,4,0.8276524426715544,3,0,1,0,1
4859,d,0.8244945190005595,4859,6,0.8244945190005595,3,0,1,0,1
4860,a,0.9346645654712511,4860,2,0.8934622612769724,4,0,0,0,1
4861,a,0.9346645654712508,4861,3,0.8953363501154763,4,1,0,0,1
4862,a,0.9346645654712515,4862,3,0.8902295274466542,4,1,0,0,1
4863,a,0.9346645654712511,4863,2,0.8937470698313106,4,0,0,0,1
4864,a,0.929159556071245,4864,4,0.9267200139320003,4,1,0,1,1
4865,a,0.9346645654712511,4865,4,0.9137082443154124,4,1,0,0,2
4866,a,0.9346645654712511,4866,2,0.8940153706952001,4,0,0,0,1
4867,a,0.9346645654712515,4867,3,0.8915174995633092,4,1,0,0,1
4868,a,0.9346645654712509,4868,3,0.8963117023996301,4,1,0,0,1
4869,a,0.9346645654712511,4869,2,0.8942925242959457,4,0,0,0,1
4870,c,0.9288459652466227,4870,6,0.9288459652466221,4,1,0,1,2
4871,a,0.9346645654712509,4871,3,0.896816345334783,4,1,0,0,1
4872,a,0.9346645654712511,4872,2,0.8945527895855648,4,0,0,0,1
4873,a,0.929159556071245,4873,6,0.928059572824249,4,1,0,1,3
4874,a,0.9346645654712515,4874,3,0.8926509577547354,4,1,0,0,1
4875,a,0.9346645654712511,4875,2,0.8948102566668584,4,0,0,0,1
4876,a,0.9288459652466227,4876,5,0.8585974144807348,4,1,0,1,2
4877,a,0.9346645654712509,4877,3,0.8977162354741796,4,1,0,0,1
4878,a,0.9346645654712511,4878,2,0.8950635847875456,4,0,0,0,1
4879,a,0.9346645654712515,4879,3,0.8937223086480011,4,1,0,0,1
4880,a,0.9233752263754419,4880,6,0.9212255670951153,4,1,0,2,2
4881,a,0.8370949621232581,4881,7,0.8370949621232581,4,2,1,0,3
4882,a,0.9346645654712511,4882,2,0.895172955604965,4,0,0,0,1
4883,a,0.9346645654712511,4883,4,0.9156057170197924,4,1,0,0,2
4884,a,0.9346645654712511,4884,2,0.8953465450988827,4,0,0,0,1
4885,a,0.9346645654712509,4885,3,0.8984988269854087,4,1,0,0,1
4886,a,0.9346645654712515,4886,3,0.8948141021632877,4,1,0,0,1
4887,a,0.9346645654712511,4887,2,0.8956040867170421,4,0,0,0,1
4888,a,0.9291595560712449,4888,4,0.9267695073746433,4,1,0,1,1
4889,a,0.9288459652466227,4889,5,0.9288459652466226,4,1,0,1,2
4890,a,0.9346645654712511,4890,2,0.8958337132390333,4,0,0,0,1
4891,a,0.934664565471251,4891,3,0.8993137839070146,4,1,0,0,1
4892,a,0.9346645654712511,4892,2,0.8960014491018073,4,0,0,0,1
4893,a,0.9346645654712515,4893,3,0.8957736128956423,4,1,0,0,1
4894,a,0.929159556071245,4894,5,0.9286595636862466,4,1,0,1,2
4895,a,0.9346645654712511,4895,2,0.8962385399595504,4,0,0,0,1
4896,a,0.9288459652466227,4896,5,0.8686329217330045,4,1,0,1,2
4897,a,0.9346645654712511,4897,2,0.8963903208373255,4,0,0,0,1
4898,a,0.934664565471251,4898,3,0.9000899333561628,4,1,0,0,1
4899,a,0.9346645654712515,4899,3,0.8966845408061055,4,1,0,0,1
4900,a,0.9346645654712511,4900,2,0.8966341058349937,4,0,0,0,1
4901,a,0.9233752263754419,4901,5,0.9223981085207478,4,1,0,2,1
4902,a,0.9346645654712515,4902,3,0.8971592911144197,4,1,0,0,1
4903,a,0.9346645654712511,4903,2,0.8968509877755273,4,0,0,0,1
4904,a,0.9346645654712512,4904,4,0.9171236951832964,4,1,0,0,2
4905,a,0.934664565471251,4905,3,0.9007627231833066,4,1,0,0,1
4906,a,0.9346645654712511,4906,2,0.8970888090188964,4,0,0,0,1
4907,a,0.9346645654712515,4907,3,0.8980740539036108,4,1,0,0,1
4908,a,0.9346645654712511,4908,2,0.8972457015301797,4,0,0,0,1
4909,a,0.9291595560712449,4909,4,0.9268102666803492,4,1,0,1,1
4910,a,0.9288459652466227,4910,6,0.9288459652466227,4,1,0,1,3
4911,a,0.8329951265056125,4911,3,0.8018352116206607,4,0,1,0,1
4912,a,0.9346645654712511,4912,2,0.8973216485429623,4,0,0,0,1
4913,a,0.934664565471251,4913,3,0.9014706626739417,4,1,0,0,1
4914,a,0.9346645654712515,4914,3,0.89887598750969,4,1,0,0,1
4915,a,0.9346645654712512,4915,2,0.8975521603758527,4,0,0,0,1
4916,a,0.934664565471251,4916,3,0.9018436278739115,4,1,0,0,1
4917,a,0.9288459652466228,4917,5,0.8761595521722069,4,1,0,1,2
4918,a,0.9346645654712512,4918,2,0.8977679448647311,4,0,0,0,1
4919,a,0.929159556071245,4919,6,0.929159556071245,4,1,0,1,3
4920,a,0.9346645654712512,4920,2,0.8979070247665906,4,0,0,0,1
4921,a,0.9346645654712515,4921,3,0.8996406218782771,4,1,0,0,1
4922,a,0.9346645654712511,4922,3,0.9025044725529737,4,1,0,0,1
4923,a,0.9346645654712512,4923,2,0.8981302486979952,4,0,0,0,1
4924,a,0.9346645654712512,4924,4,0.9183656773170724,4,1,0,0,2
4925,s,0.9233752263754404,4925,6,0.9233752263754404,4,2,0,2,0
4926,a,0.9346645654712512,4926,2,0.8983280628050855,4,0,0,0,1
4927,a,0.9346645654712515,4927,3,0.9004366205962993,4,1,0,0,1
4928,a,0.9346645654712512,4928,2,0.8984737000903206,4,0,0,0,1
4929,a,0.9288459652466227,4929,6,0.9288459652466227,4,1,0,1,3
4930,a,0.9346645654712511,4930,3,0.9030746967114764,4,1,0,0,1
4931,a,0.9346645654712512,4931,2,0.8986783893252172,4,0,0,0,1
4932,a,0.9291595560712449,4932,4,0.9268444163689136,4,1,0,1,1
4933,a,0.9346645654712517,4933,3,0.9011325904799135,4,1,0,0,1
4934,a,0.9346645654712512,4934,2,0.898881267580738,4,0,0,0,1
4935,a,0.9346645654712512,4935,4,0.9191307966337504,4,1,0,0,2
4936,a,0.9346645654712512,4936,2,0.8990224245743889,4,0,0,0,1
4937,a,0.9346645654712511,4937,3,0.9036817991127347,4,1,0,0,1
4938,a,0.9346645654712517,4938,3,0.901861546457986,4,1,0,0,1
4939,a,0.9346645654712512,4939,2,0.8992320842267232,4,0,0,0,1
4940,a,0.929159556071245,4940,6,0.929159556071245,4,1,0,1,3
4941,a,0.9346645654712512,4941,2,0.8993597403851001,4,0,0,0,1
4942,a,0.9288459652466228,4942,5,0.8820135980693642,4,1,0,1,2
4943,a,0.9346645654712502,4943,4,0.8375266795326844,4,1,0,0,2
4944,a,0.9346645654712512,4944,2,0.8995541013074958,4,0,0,0,1
4945,a,0.8329951265056124,4945,4,0.8342250771909061,4,1,1,0,1
4946,a,0.9346645654712515,4946,3,0.8568977595768503,4,1,0,0,1
4947,a,0.9346645654712515,4947,3,0.8585883423136851,4,1,0,0,1
4948,a,0.9346645654712515,4948,3,0.8602069853595908,4,1,0,0,1
4949,a,0.9346645654712515,4949,3,0.8617581849452504,4,1,0,0,1
4950,a,0.9346645654712515,4950,3,0.8632460702621075,4,1,0,0,1
4951,a,0.9346645654712515,4951,3,0.8646744401662905,4,1,0,0,1
4952,a,0.9346645654712515,4952,3,0.866046795564427,4,1,0,0,1
4953,a,0.9346645654712515,4953,3,0.8673663680626351,4,1,0,0,1
4954,a,0.9346645654712515,4954,3,0.8686361453722317,4,1,0,0,1
4955,a,0.9346645654712515,4955,3,0.8698588938925839,4,1,0,0,1
4956,a,0.9346645654712515,4956,3,0.8710371788303778,4,1,0,0,1
4957,a,0.7798570494202451,4957,4,0.7473001383082843,4,1,1,0,1
4958,a,0.9346645654712517,4958,3,0.9024975830303467,4,1,0,0,1
4959,a,0.9346645654712511,4959,3,0.9045740775788117,4,1,0,0,1
4960,a,0.9346645654712512,4960,2,0.9001290362822661,4,0,0,0,1
4961,a,0.9346645654712517,4961,3,0.9028361828455141,4,1,0,0,1
4962,a,0.5307814239143931,4962,5,0.5307814239143931,4,1,1,0,2
4963,a,0.9346645654712512,4963,2,0.8995667206380902,4,0,0,0,1
4964,s,0.7197415692212088,4964,7,0.7197415692212088,3,1,1,1,3
4965,a,0.9346645654712512,4965,2,0.8992967070064041,4,0,0,0,1
4966,a,0.9318978893120226,4966,3,0.8724774776493787,4,0,0,1,1
4967,a,0.9346645654712512,4967,2,0.8994230435134124,4,0,0,0,1
4968,a,0.9318978893120226,4968,3,0.8735019675056311,4,0,0,1,1
4969,a,0.9346645654712512,4969,2,0.8995484441944428,4,0,0,0,1
4970,a,0.9318978893120226,4970,3,0.8744917288921802,4,0,0,1,1
4971,a,0.9318978893120226,4971,3,0.875448498232511,4,0,0,1,1
4972,a,0.9346645654712512,4972,2,0.8997322655784428,4,0,0,0,1
4973,a,0.9318978893120226,4973,3,0.8763738980862735,4,0,0,1,1
4974,a,0.9346645654712512,4974,2,0.8998553810346379,4,0,0,0,1
4975,a,0.9318978893120226,4975,3,0.8772694463318502,4,0,0,1,1
4976,a,0.9318978893120226,4976,3,0.8781365644743927,4,0,0,1,1
4977,a,0.9346645654712512,4977,2,0.9000358449050602,4,0,0,0,1
4978,a,0.9318978893120226,4978,3,0.8789765851749807,4,0,0,1,1
4979,a,0.9346645654712512,4979,2,0.9001567372050113,4,0,0,0,1
4980,a,0.9318978893120226,4980,3,0.8797907590847813,4,0,0,1,1
4981,a,0.9346645654712512,4981,2,0.9002767534738034,4,0,0,0,1
4982,a,0.9318978893120226,4982,3,0.8805802610579214,4,0,0,1,1
4983,a,0.9346645654712512,4983,2,0.9003959031991386,4,0,0,0,1
4984,a,0.9318978893120227,4984,3,0.8813461958079827,4,0,0,1,1
4985,a,0.9346645654712512,4985,2,0.9005141957322051,4,0,0,0,1
4986,a,0.8329951265056124,4986,3,0.8042321281502723,4,0,1,0,1
4987,a,0.9260965125738887,4987,4,0.8798308934605318,4,0,0,2,1
4988,a,0.9346645654712512,4988,2,0.9005002666040373,4,0,0,0,1
4989,a,0.9318978893120228,4989,3,0.8827273843626197,4,0,0,1,1
4990,a,0.9346645654712512,4990,2,0.900617132774403,4,0,0,0,1
4991,a,0.9346645654712515,4991,3,0.8705537973782855,4,1,0,0,1
4992,a,0.9260965125738887,4992,5,0.9248153434131586,4,0,0,2,2
4993,a,0.9346645654712515,4993,3,0.871659155448854,4,1,0,0,1
4994,a,0.9346645654712515,4994,3,0.8727270437543183,4,1,0,0,1
4995,a,0.9346645654712512,4995,2,0.9009027672454044,4,0,0,0,1
4996,a,0.9346645654712515,4996,3,0.8737593357829339,4,1,0,0,1
4997,a,0.9346645654712515,4997,3,0.874757782171267,4,1,0,0,1
4998,a,0.9318978893120228,4998,3,0.8840307594775588,4,0,0,1,1
4999,a,0.9346645654712517,4999,3,0.9012767371651166,4,1,0,0,1
5000,a,0.9346645654712515,5000,3,0.8757240206115893,4,1,0,0,1
