budget,expandedBy,objectiveValue,epoch,treeDepth,parentValue,H,Rx,Ry,Rz,Cx
0.0,,74.55590154701902,0.0,0.0,0.0,8.0,0.0,0.0,0.0,0.0
1.0,add_cx,74.55590154701902,1.0,1.0,74.55590154701902,8.0,0.0,0.0,0.0,1.0
2.0,add_rx,74.55590154701902,1.0,1.0,74.55590154701902,8.0,1.0,0.0,0.0,0.0
3.0,add_ry,74.54003579584561,1.0,1.0,74.55590154701902,8.0,0.0,1.0,0.0,0.0
4.0,add_rz,74.5550049051651,1.0,1.0,74.55590154701902,8.0,0.0,0.0,1.0,0.0
5.0,delete,74.62234247519807,1.0,1.0,74.55590154701902,7.0,0.0,0.0,0.0,0.0
6.0,swap,74.57922355224056,1.0,1.0,74.55590154701902,7.0,0.0,0.0,0.0,1.0
7.0,add_cx,74.62234247519807,2.0,2.0,74.62234247519807,7.0,0.0,0.0,0.0,1.0
8.0,add_rx,74.62234247519807,2.0,2.0,74.62234247519807,7.0,1.0,0.0,0.0,0.0
9.0,add_ry,74.70005969807788,2.0,2.0,74.62234247519807,7.0,0.0,1.0,0.0,0.0
10.0,add_rz,74.62696538040203,2.0,2.0,74.62234247519807,7.0,0.0,0.0,1.0,0.0
11.0,delete,74.52605412102987,2.0,2.0,74.62234247519807,6.0,0.0,0.0,0.0,0.0
12.0,swap,74.70309598861118,2.0,2.0,74.62234247519807,6.0,0.0,1.0,0.0,0.0
13.0,add_cx,74.57922355224056,3.0,2.0,74.57922355224056,7.0,0.0,0.0,0.0,2.0
14.0,add_rx,74.57922355224056,3.0,2.0,74.57922355224056,7.0,1.0,0.0,0.0,1.0
15.0,add_ry,74.58925922397361,3.0,2.0,74.57922355224056,7.0,0.0,1.0,0.0,1.0
16.0,add_rz,74.57558472162367,3.0,2.0,74.57922355224056,7.0,0.0,0.0,1.0,1.0
17.0,delete,74.63342952765278,3.0,2.0,74.57922355224056,6.0,0.0,0.0,0.0,1.0
18.0,swap,74.62861363892588,3.0,2.0,74.57922355224056,6.0,1.0,0.0,0.0,1.0
19.0,add_cx,74.55590154701902,4.0,2.0,74.55590154701902,8.0,0.0,0.0,0.0,2.0
20.0,add_rx,74.55590154701903,4.0,2.0,74.55590154701902,8.0,1.0,0.0,0.0,1.0
21.0,add_ry,74.61481321790531,4.0,2.0,74.55590154701902,8.0,0.0,1.0,0.0,1.0
22.0,add_rz,74.55573868559415,4.0,2.0,74.55590154701902,8.0,0.0,0.0,1.0,1.0
23.0,delete,74.54076886114981,4.0,2.0,74.55590154701902,7.0,0.0,0.0,0.0,1.0
24.0,swap,74.63209145076732,4.0,2.0,74.55590154701902,7.0,0.0,0.0,1.0,1.0
25.0,delete,74.62027420950731,5.0,1.0,74.63188608767359,7.0,0.0,0.0,0.0,0.0
26.0,add_cx,74.62027420950731,6.0,2.0,74.62027420950731,7.0,0.0,0.0,0.0,1.0
27.0,add_rx,74.62027420950734,6.0,2.0,74.62027420950731,7.0,1.0,0.0,0.0,0.0
28.0,add_ry,74.65468798522613,6.0,2.0,74.62027420950731,7.0,0.0,1.0,0.0,0.0
29.0,add_rz,74.65912329646508,6.0,2.0,74.62027420950731,7.0,0.0,0.0,1.0,0.0
30.0,delete,74.6769117951721,6.0,2.0,74.62027420950731,6.0,0.0,0.0,0.0,0.0
31.0,swap,74.43987805357273,6.0,2.0,74.62027420950731,6.0,1.0,0.0,0.0,0.0
32.0,swap,74.39613250985643,7.0,1.0,74.59493682412823,7.0,0.0,1.0,0.0,0.0
33.0,swap,74.40532211323742,8.0,2.0,74.39613250985643,7.0,0.0,1.0,0.0,0.0
34.0,add_cx,74.38991861635044,8.0,2.0,74.39613250985643,7.0,0.0,1.0,0.0,1.0
35.0,add_rx,74.39613250985646,8.0,2.0,74.39613250985643,7.0,1.0,1.0,0.0,0.0
36.0,add_ry,74.31239086460793,8.0,2.0,74.39613250985643,7.0,0.0,2.0,0.0,0.0
37.0,add_rz,74.40487669267479,8.0,2.0,74.39613250985643,7.0,0.0,1.0,1.0,0.0
38.0,delete,74.3962788028488,8.0,2.0,74.39613250985643,6.0,0.0,1.0,0.0,0.0
39.0,swap,74.61150694786053,8.0,2.0,74.39613250985643,6.0,0.0,2.0,0.0,0.0
40.0,delete,74.53988496986294,9.0,1.0,74.6224733123338,7.0,0.0,0.0,0.0,0.0
41.0,add_cx,74.53988496986294,10.0,2.0,74.53988496986294,7.0,0.0,0.0,0.0,1.0
42.0,add_rx,74.53988496986292,10.0,2.0,74.53988496986294,7.0,1.0,0.0,0.0,0.0
43.0,add_ry,74.67330038808772,10.0,2.0,74.53988496986294,7.0,0.0,1.0,0.0,0.0
44.0,add_rz,74.54828040128261,10.0,2.0,74.53988496986294,7.0,0.0,0.0,1.0,0.0
45.0,delete,74.50231233450037,10.0,2.0,74.53988496986294,6.0,0.0,0.0,0.0,0.0
46.0,swap,74.43281774560901,10.0,2.0,74.53988496986294,6.0,0.0,0.0,1.0,0.0
47.0,add_rx,74.55590154701902,11.0,2.0,74.55590154701902,8.0,1.0,0.0,0.0,0.0
48.0,add_cx,74.5478695352057,11.0,2.0,74.55590154701902,8.0,1.0,0.0,0.0,1.0
49.0,add_rx,74.55590154701903,11.0,2.0,74.55590154701902,8.0,2.0,0.0,0.0,0.0
50.0,add_ry,74.49650257184717,11.0,2.0,74.55590154701902,8.0,1.0,1.0,0.0,0.0
51.0,add_rz,74.55433202722239,11.0,2.0,74.55590154701902,8.0,1.0,0.0,1.0,0.0
52.0,delete,74.62234247519805,11.0,2.0,74.55590154701902,7.0,1.0,0.0,0.0,0.0
53.0,swap,74.56795387548837,11.0,2.0,74.55590154701902,7.0,1.0,0.0,0.0,1.0
54.0,swap,74.70593824323296,12.0,3.0,74.70309598861118,6.0,0.0,1.0,0.0,0.0
55.0,add_cx,74.71386887994072,12.0,3.0,74.70309598861118,6.0,0.0,1.0,0.0,1.0
56.0,add_rx,74.70309598861118,12.0,3.0,74.70309598861118,6.0,1.0,1.0,0.0,0.0
57.0,add_ry,74.8375115643334,12.0,3.0,74.70309598861118,6.0,0.0,2.0,0.0,0.0
58.0,add_rz,74.74099963008042,12.0,3.0,74.70309598861118,6.0,0.0,1.0,1.0,0.0
59.0,delete,74.60632268668235,12.0,3.0,74.70309598861118,5.0,0.0,1.0,0.0,0.0
60.0,swap,74.70656522288837,12.0,3.0,74.70309598861118,6.0,1.0,0.0,0.0,0.0
61.0,add_cx,74.6769117951721,13.0,3.0,74.6769117951721,6.0,0.0,0.0,0.0,1.0
62.0,add_rx,74.6769117951721,13.0,3.0,74.6769117951721,6.0,1.0,0.0,0.0,0.0
63.0,add_ry,74.6628084466409,13.0,3.0,74.6769117951721,6.0,0.0,1.0,0.0,0.0
64.0,add_rz,74.63726474909492,13.0,3.0,74.6769117951721,6.0,0.0,0.0,1.0,0.0
65.0,delete,74.65399045576501,13.0,3.0,74.6769117951721,5.0,0.0,0.0,0.0,0.0
66.0,swap,74.62376864251212,13.0,3.0,74.6769117951721,5.0,0.0,0.0,1.0,0.0
67.0,add_cx,74.52605412102987,14.0,3.0,74.52605412102987,6.0,0.0,0.0,0.0,1.0
68.0,add_rx,74.55280207751755,14.0,3.0,74.52605412102987,6.0,1.0,0.0,0.0,0.0
69.0,add_ry,74.61630125733392,14.0,3.0,74.52605412102987,6.0,0.0,1.0,0.0,0.0
70.0,add_rz,74.53108472879447,14.0,3.0,74.52605412102987,6.0,0.0,0.0,1.0,0.0
71.0,delete,74.60894252470644,14.0,3.0,74.52605412102987,5.0,0.0,0.0,0.0,0.0
72.0,swap,74.75650939438445,14.0,3.0,74.52605412102987,5.0,0.0,1.0,0.0,0.0
73.0,add_rz,74.55482948845736,15.0,2.0,74.5550049051651,8.0,0.0,0.0,1.0,0.0
74.0,add_cx,74.5550049051651,15.0,2.0,74.5550049051651,8.0,0.0,0.0,1.0,1.0
75.0,add_rx,74.55500490516509,15.0,2.0,74.5550049051651,8.0,1.0,0.0,1.0,0.0
76.0,add_ry,74.57250875028662,15.0,2.0,74.5550049051651,8.0,0.0,1.0,1.0,0.0
77.0,add_rz,74.54550102572799,15.0,2.0,74.5550049051651,8.0,0.0,0.0,2.0,0.0
78.0,delete,74.6206454517192,15.0,2.0,74.5550049051651,7.0,0.0,0.0,1.0,0.0
79.0,swap,74.62234247519805,15.0,2.0,74.5550049051651,7.0,0.0,0.0,2.0,0.0
80.0,delete,74.54076886114981,16.0,1.0,74.62571610889088,7.0,0.0,0.0,0.0,0.0
81.0,add_cx,74.54076886114981,17.0,2.0,74.54076886114981,7.0,0.0,0.0,0.0,1.0
82.0,add_rx,74.54076886114981,17.0,2.0,74.54076886114981,7.0,1.0,0.0,0.0,0.0
83.0,add_ry,74.61266652035854,17.0,2.0,74.54076886114981,7.0,0.0,1.0,0.0,0.0
84.0,add_rz,74.54011522230181,17.0,2.0,74.54076886114981,7.0,0.0,0.0,1.0,0.0
85.0,delete,74.68121064875247,17.0,2.0,74.54076886114981,6.0,0.0,0.0,0.0,0.0
86.0,swap,74.67691179517206,17.0,2.0,74.54076886114981,6.0,0.0,0.0,1.0,0.0
87.0,add_cx,74.68121064875247,18.0,3.0,74.68121064875247,6.0,0.0,0.0,0.0,1.0
88.0,add_rx,74.68121064875247,18.0,3.0,74.68121064875247,6.0,1.0,0.0,0.0,0.0
89.0,add_ry,74.67907604195756,18.0,3.0,74.68121064875247,6.0,0.0,1.0,0.0,0.0
90.0,add_rz,74.67943207798487,18.0,3.0,74.68121064875247,6.0,0.0,0.0,1.0,0.0
91.0,delete,74.60466188651623,18.0,3.0,74.68121064875247,5.0,0.0,0.0,0.0,0.0
92.0,swap,74.5801051915962,18.0,3.0,74.68121064875247,5.0,0.0,0.0,0.0,1.0
93.0,swap,74.44855073044312,19.0,3.0,74.43987805357273,6.0,1.0,0.0,0.0,0.0
94.0,add_cx,74.72544262742117,19.0,3.0,74.43987805357273,6.0,1.0,0.0,0.0,1.0
95.0,add_rx,74.72529391467918,19.0,3.0,74.43987805357273,6.0,2.0,0.0,0.0,0.0
96.0,add_ry,74.46294869402898,19.0,3.0,74.43987805357273,6.0,1.0,1.0,0.0,0.0
97.0,add_rz,74.5018665686147,19.0,3.0,74.43987805357273,6.0,1.0,0.0,1.0,0.0
98.0,delete,74.46459110340078,19.0,3.0,74.43987805357273,6.0,0.0,0.0,0.0,0.0
99.0,swap,74.15935692299378,19.0,3.0,74.43987805357273,5.0,2.0,0.0,0.0,0.0
100.0,add_ry,74.539798370587,20.0,2.0,74.54003579584561,8.0,0.0,1.0,0.0,0.0
101.0,add_cx,74.46579895644243,20.0,2.0,74.54003579584561,8.0,0.0,1.0,0.0,1.0
102.0,add_rx,74.54003579584561,20.0,2.0,74.54003579584561,8.0,1.0,1.0,0.0,0.0
103.0,add_ry,74.52142403428196,20.0,2.0,74.54003579584561,8.0,0.0,2.0,0.0,0.0
104.0,add_rz,74.54003541834604,20.0,2.0,74.54003579584561,8.0,0.0,1.0,1.0,0.0
105.0,delete,74.67614940292908,20.0,2.0,74.54003579584561,7.0,0.0,1.0,0.0,0.0
106.0,swap,74.46264344698913,20.0,2.0,74.54003579584561,7.0,0.0,2.0,0.0,0.0
107.0,swap,74.58252675502665,21.0,1.0,74.49847445507935,7.0,0.0,1.0,0.0,0.0
108.0,add_cx,74.50231233450037,22.0,3.0,74.50231233450037,6.0,0.0,0.0,0.0,1.0
109.0,add_rx,74.50231233450037,22.0,3.0,74.50231233450037,6.0,1.0,0.0,0.0,0.0
110.0,add_ry,74.49135727861479,22.0,3.0,74.50231233450037,6.0,0.0,1.0,0.0,0.0
111.0,add_rz,74.50265832743975,22.0,3.0,74.50231233450037,6.0,0.0,0.0,1.0,0.0
112.0,delete,74.20598530554295,22.0,3.0,74.50231233450037,5.0,0.0,0.0,0.0,0.0
113.0,swap,74.64956724501428,22.0,3.0,74.50231233450037,5.0,0.0,1.0,0.0,0.0
114.0,swap,74.58630263838413,23.0,2.0,74.58252675502665,7.0,0.0,1.0,0.0,0.0
115.0,add_cx,74.58252675502665,23.0,2.0,74.58252675502665,7.0,0.0,1.0,0.0,1.0
116.0,add_rx,74.58252675502663,23.0,2.0,74.58252675502665,7.0,1.0,1.0,0.0,0.0
117.0,add_ry,74.59241752272828,23.0,2.0,74.58252675502665,7.0,0.0,2.0,0.0,0.0
118.0,add_rz,74.6046501497432,23.0,2.0,74.58252675502665,7.0,0.0,1.0,1.0,0.0
119.0,delete,74.58140954133886,23.0,2.0,74.58252675502665,6.0,0.0,1.0,0.0,0.0
120.0,swap,74.54134376574315,23.0,2.0,74.58252675502665,6.0,1.0,1.0,0.0,0.0
121.0,add_cx,74.54609523151876,24.0,1.0,74.57301669378195,8.0,0.0,0.0,0.0,1.0
122.0,add_rz,74.53224091269138,25.0,1.0,74.57260523836055,8.0,0.0,0.0,1.0,0.0
123.0,add_cx,74.54609523151876,26.0,2.0,74.54609523151876,8.0,0.0,0.0,0.0,2.0
124.0,add_rx,74.54609523151875,26.0,2.0,74.54609523151876,8.0,1.0,0.0,0.0,1.0
125.0,add_ry,74.50767449365124,26.0,2.0,74.54609523151876,8.0,0.0,1.0,0.0,1.0
126.0,add_rz,74.54752787154007,26.0,2.0,74.54609523151876,8.0,0.0,0.0,1.0,1.0
127.0,delete,74.56795387548839,26.0,2.0,74.54609523151876,7.0,0.0,0.0,0.0,1.0
128.0,swap,74.53941044906294,26.0,2.0,74.54609523151876,8.0,0.0,1.0,0.0,0.0
129.0,add_cx,74.63342952765278,27.0,3.0,74.63342952765278,6.0,0.0,0.0,0.0,2.0
130.0,add_rx,74.63342952765275,27.0,3.0,74.63342952765278,6.0,1.0,0.0,0.0,1.0
131.0,add_ry,74.67078214046347,27.0,3.0,74.63342952765278,6.0,0.0,1.0,0.0,1.0
132.0,add_rz,74.64368877703214,27.0,3.0,74.63342952765278,6.0,0.0,0.0,1.0,1.0
133.0,delete,74.61090728910447,27.0,3.0,74.63342952765278,5.0,0.0,0.0,0.0,1.0
134.0,swap,74.53895725949079,27.0,3.0,74.63342952765278,5.0,1.0,0.0,0.0,1.0
135.0,swap,74.5928809386341,28.0,3.0,74.58630263838413,7.0,0.0,1.0,0.0,0.0
136.0,add_cx,74.58630263838413,28.0,3.0,74.58630263838413,7.0,0.0,1.0,0.0,1.0
137.0,add_rx,74.58630263838414,28.0,3.0,74.58630263838413,7.0,1.0,1.0,0.0,0.0
138.0,add_ry,74.5914822772547,28.0,3.0,74.58630263838413,7.0,0.0,2.0,0.0,0.0
139.0,add_rz,74.58334297784059,28.0,3.0,74.58630263838413,7.0,0.0,1.0,1.0,0.0
140.0,delete,74.59701981448171,28.0,3.0,74.58630263838413,6.0,0.0,1.0,0.0,0.0
141.0,swap,74.57865787824241,28.0,3.0,74.58630263838413,6.0,0.0,1.0,1.0,0.0
142.0,swap,74.67691179517209,29.0,3.0,74.67691179517206,6.0,0.0,0.0,1.0,0.0
143.0,add_cx,74.67691179517206,29.0,3.0,74.67691179517206,6.0,0.0,0.0,1.0,1.0
144.0,add_rx,74.67691179517207,29.0,3.0,74.67691179517206,6.0,1.0,0.0,1.0,0.0
145.0,add_ry,74.59671475215534,29.0,3.0,74.67691179517206,6.0,0.0,1.0,1.0,0.0
146.0,add_rz,74.65368951759547,29.0,3.0,74.67691179517206,6.0,0.0,0.0,2.0,0.0
147.0,delete,74.58575146162003,29.0,3.0,74.67691179517206,5.0,0.0,0.0,1.0,0.0
148.0,swap,74.67691179517213,29.0,3.0,74.67691179517206,6.0,1.0,0.0,0.0,0.0
149.0,add_ry,74.70180537885484,30.0,3.0,74.70005969807788,7.0,0.0,1.0,0.0,0.0
150.0,add_cx,74.58441393116644,30.0,3.0,74.70005969807788,7.0,0.0,1.0,0.0,1.0
151.0,add_rx,74.41535816748645,30.0,3.0,74.70005969807788,7.0,1.0,1.0,0.0,0.0
152.0,add_ry,74.62277877798287,30.0,3.0,74.70005969807788,7.0,0.0,2.0,0.0,0.0
153.0,add_rz,74.70052669890713,30.0,3.0,74.70005969807788,7.0,0.0,1.0,1.0,0.0
154.0,delete,74.68582262453081,30.0,3.0,74.70005969807788,6.0,0.0,1.0,0.0,0.0
155.0,swap,74.6108763433196,30.0,3.0,74.70005969807788,6.0,1.0,1.0,0.0,0.0
156.0,swap,74.62861363892587,31.0,3.0,74.62861363892588,6.0,1.0,0.0,0.0,1.0
157.0,add_cx,74.73598464627815,31.0,3.0,74.62861363892588,6.0,1.0,0.0,0.0,2.0
158.0,add_rx,74.62861363892588,31.0,3.0,74.62861363892588,6.0,2.0,0.0,0.0,1.0
159.0,add_ry,74.62317211820424,31.0,3.0,74.62861363892588,6.0,1.0,1.0,0.0,1.0
160.0,add_rz,74.62659369439552,31.0,3.0,74.62861363892588,6.0,1.0,0.0,1.0,1.0
161.0,delete,74.57731261942523,31.0,3.0,74.62861363892588,5.0,1.0,0.0,0.0,1.0
162.0,swap,74.67026165113612,31.0,3.0,74.62861363892588,6.0,0.0,0.0,0.0,2.0
163.0,swap,74.62027420950731,32.0,1.0,74.5690361953748,7.0,0.0,0.0,1.0,0.0
164.0,swap,74.62027420950731,33.0,2.0,74.62027420950731,7.0,0.0,0.0,1.0,0.0
165.0,add_cx,74.62359975338903,33.0,2.0,74.62027420950731,7.0,0.0,0.0,1.0,1.0
166.0,add_rx,74.62027420950731,33.0,2.0,74.62027420950731,7.0,1.0,0.0,1.0,0.0
167.0,add_ry,74.68550356209605,33.0,2.0,74.62027420950731,7.0,0.0,1.0,1.0,0.0
168.0,add_rz,74.60494399155023,33.0,2.0,74.62027420950731,7.0,0.0,0.0,2.0,0.0
169.0,delete,74.49168800593678,33.0,2.0,74.62027420950731,6.0,0.0,0.0,1.0,0.0
170.0,swap,74.55795264509541,33.0,2.0,74.62027420950731,7.0,0.0,0.0,0.0,1.0
171.0,delete,74.62861363892588,34.0,2.0,74.65527244918746,6.0,0.0,0.0,0.0,0.0
172.0,add_ry,74.61474106350988,35.0,3.0,74.61266652035854,7.0,0.0,1.0,0.0,0.0
173.0,add_cx,74.61266652035854,35.0,3.0,74.61266652035854,7.0,0.0,1.0,0.0,1.0
174.0,add_rx,74.61266652035854,35.0,3.0,74.61266652035854,7.0,1.0,1.0,0.0,0.0
175.0,add_ry,74.61242747936389,35.0,3.0,74.61266652035854,7.0,0.0,2.0,0.0,0.0
176.0,add_rz,74.61246842216057,35.0,3.0,74.61266652035854,7.0,0.0,1.0,1.0,0.0
177.0,delete,74.61196617921574,35.0,3.0,74.61266652035854,6.0,0.0,1.0,0.0,0.0
178.0,swap,74.59946915088292,35.0,3.0,74.61266652035854,6.0,0.0,1.0,0.0,1.0
179.0,swap,74.62027420950731,36.0,3.0,74.62027420950731,7.0,0.0,0.0,1.0,0.0
180.0,add_cx,74.62027420950731,36.0,3.0,74.62027420950731,7.0,0.0,0.0,1.0,1.0
181.0,add_rx,74.62027420950731,36.0,3.0,74.62027420950731,7.0,1.0,0.0,1.0,0.0
182.0,add_ry,74.67978193583241,36.0,3.0,74.62027420950731,7.0,0.0,1.0,1.0,0.0
183.0,add_rz,74.61937181250191,36.0,3.0,74.62027420950731,7.0,0.0,0.0,2.0,0.0
184.0,delete,74.64494185732735,36.0,3.0,74.62027420950731,6.0,0.0,0.0,1.0,0.0
185.0,swap,74.62804919716206,36.0,3.0,74.62027420950731,6.0,0.0,1.0,1.0,0.0
186.0,add_rx,74.555901547019,37.0,1.0,74.55708814075233,8.0,1.0,0.0,0.0,0.0
187.0,swap,74.68777415136721,38.0,2.0,74.71467477554758,6.0,0.0,0.0,0.0,1.0
188.0,add_cx,74.67774930950794,39.0,3.0,74.68777415136721,6.0,0.0,0.0,0.0,2.0
189.0,add_rx,74.68777415136721,39.0,3.0,74.68777415136721,6.0,1.0,0.0,0.0,1.0
190.0,add_ry,74.66397552394042,39.0,3.0,74.68777415136721,6.0,0.0,1.0,0.0,1.0
191.0,add_rz,74.6877741513672,39.0,3.0,74.68777415136721,6.0,0.0,0.0,1.0,1.0
192.0,delete,74.6237686425121,39.0,3.0,74.68777415136721,5.0,0.0,0.0,0.0,1.0
193.0,swap,74.72701647514945,39.0,3.0,74.68777415136721,5.0,0.0,1.0,0.0,1.0
194.0,swap,74.62757871469495,40.0,2.0,74.6982153739728,6.0,0.0,1.0,0.0,0.0
195.0,swap,74.63562420439571,41.0,3.0,74.62757871469495,6.0,0.0,1.0,0.0,0.0
196.0,add_cx,74.62757871469495,41.0,3.0,74.62757871469495,6.0,0.0,1.0,0.0,1.0
197.0,add_rx,74.62757871469495,41.0,3.0,74.62757871469495,6.0,1.0,1.0,0.0,0.0
198.0,add_ry,74.66058966796965,41.0,3.0,74.62757871469495,6.0,0.0,2.0,0.0,0.0
199.0,add_rz,74.6291414685638,41.0,3.0,74.62757871469495,6.0,0.0,1.0,1.0,0.0
200.0,delete,74.4916880059368,41.0,3.0,74.62757871469495,6.0,0.0,0.0,0.0,0.0
201.0,swap,74.4542471708542,41.0,3.0,74.62757871469495,5.0,0.0,1.0,1.0,0.0
202.0,add_cx,74.55795264509541,42.0,3.0,74.55795264509541,7.0,0.0,0.0,0.0,2.0
203.0,add_rx,74.55795264509541,42.0,3.0,74.55795264509541,7.0,1.0,0.0,0.0,1.0
204.0,add_ry,74.55124419189825,42.0,3.0,74.55795264509541,7.0,0.0,1.0,0.0,1.0
205.0,add_rz,74.58824949709371,42.0,3.0,74.55795264509541,7.0,0.0,0.0,1.0,1.0
206.0,delete,74.42936644152493,42.0,3.0,74.55795264509541,6.0,0.0,0.0,0.0,1.0
207.0,swap,74.69767574259775,42.0,3.0,74.55795264509541,6.0,0.0,0.0,0.0,2.0
208.0,add_rz,74.53195764523781,43.0,2.0,74.53224091269138,8.0,0.0,0.0,1.0,0.0
209.0,add_cx,74.53224091269138,43.0,2.0,74.53224091269138,8.0,0.0,0.0,1.0,1.0
210.0,add_rx,74.54223869757313,43.0,2.0,74.53224091269138,8.0,1.0,0.0,1.0,0.0
211.0,add_ry,74.54424044275251,43.0,2.0,74.53224091269138,8.0,0.0,1.0,1.0,0.0
212.0,add_rz,74.54405887189779,43.0,2.0,74.53224091269138,8.0,0.0,0.0,2.0,0.0
213.0,delete,74.54938964877616,43.0,2.0,74.53224091269138,7.0,0.0,0.0,1.0,0.0
214.0,swap,74.68072080987302,43.0,2.0,74.53224091269138,7.0,0.0,1.0,1.0,0.0
215.0,delete,74.57922355224056,44.0,1.0,74.60864133868465,7.0,0.0,0.0,0.0,0.0
216.0,add_cx,74.71783436204063,45.0,2.0,74.57922355224056,7.0,0.0,0.0,0.0,1.0
217.0,add_rx,74.57922355224056,45.0,2.0,74.57922355224056,7.0,1.0,0.0,0.0,0.0
218.0,add_ry,74.62396943941302,45.0,2.0,74.57922355224056,7.0,0.0,1.0,0.0,0.0
219.0,add_rz,74.58209750657298,45.0,2.0,74.57922355224056,7.0,0.0,0.0,1.0,0.0
220.0,delete,74.44448781867597,45.0,2.0,74.57922355224056,6.0,0.0,0.0,0.0,0.0
221.0,swap,74.61505190167497,45.0,2.0,74.57922355224056,6.0,0.0,1.0,0.0,0.0
222.0,swap,74.57005337655855,46.0,3.0,74.61505190167497,6.0,0.0,1.0,0.0,0.0
223.0,add_cx,74.51614939681379,46.0,3.0,74.61505190167497,6.0,0.0,1.0,0.0,1.0
224.0,add_rx,74.6006118187463,46.0,3.0,74.61505190167497,6.0,1.0,1.0,0.0,0.0
225.0,add_ry,74.35954185837109,46.0,3.0,74.61505190167497,6.0,0.0,2.0,0.0,0.0
226.0,add_rz,74.61505190167496,46.0,3.0,74.61505190167497,6.0,0.0,1.0,1.0,0.0
227.0,delete,74.6662872792294,46.0,3.0,74.61505190167497,5.0,0.0,1.0,0.0,0.0
228.0,swap,74.60592683865951,46.0,3.0,74.61505190167497,6.0,0.0,0.0,1.0,0.0
229.0,add_ry,74.57924564267759,47.0,3.0,74.58925922397361,7.0,0.0,1.0,0.0,1.0
230.0,add_cx,74.75644556319958,47.0,3.0,74.58925922397361,7.0,0.0,1.0,0.0,2.0
231.0,add_rx,74.58925922397361,47.0,3.0,74.58925922397361,7.0,1.0,1.0,0.0,1.0
232.0,add_ry,74.61248322589205,47.0,3.0,74.58925922397361,7.0,0.0,2.0,0.0,1.0
233.0,add_rz,74.58569377524981,47.0,3.0,74.58925922397361,7.0,0.0,1.0,1.0,1.0
234.0,delete,74.57922355224056,47.0,3.0,74.58925922397361,7.0,0.0,0.0,0.0,1.0
235.0,swap,74.68384132397007,47.0,3.0,74.58925922397361,6.0,0.0,1.0,0.0,2.0
236.0,delete,74.5282722049721,48.0,3.0,74.58140954133886,6.0,0.0,1.0,0.0,0.0
237.0,add_cx,74.54281451373062,48.0,3.0,74.58140954133886,6.0,0.0,1.0,0.0,1.0
238.0,add_rx,74.58140954133886,48.0,3.0,74.58140954133886,6.0,1.0,1.0,0.0,0.0
239.0,add_ry,74.50461843979542,48.0,3.0,74.58140954133886,6.0,0.0,2.0,0.0,0.0
240.0,add_rz,74.59156074528848,48.0,3.0,74.58140954133886,6.0,0.0,1.0,1.0,0.0
241.0,delete,74.40820171275094,48.0,3.0,74.58140954133886,5.0,0.0,1.0,0.0,0.0
242.0,swap,74.40820171275094,48.0,3.0,74.58140954133886,5.0,0.0,1.0,0.0,1.0
243.0,add_rx,74.55590154701902,49.0,2.0,74.555901547019,8.0,1.0,0.0,0.0,0.0
244.0,add_cx,74.555901547019,49.0,2.0,74.555901547019,8.0,1.0,0.0,0.0,1.0
245.0,add_rx,74.55590154701902,49.0,2.0,74.555901547019,8.0,2.0,0.0,0.0,0.0
246.0,add_ry,74.57521505632339,49.0,2.0,74.555901547019,8.0,1.0,1.0,0.0,0.0
247.0,add_rz,74.50300649679353,49.0,2.0,74.555901547019,8.0,1.0,0.0,1.0,0.0
248.0,delete,74.55316758757439,49.0,2.0,74.555901547019,7.0,1.0,0.0,0.0,0.0
249.0,swap,74.4979019378984,49.0,2.0,74.555901547019,7.0,1.0,0.0,1.0,0.0
250.0,add_cx,74.44448781867597,50.0,3.0,74.44448781867597,6.0,0.0,0.0,0.0,1.0
251.0,add_rx,74.44448781867594,50.0,3.0,74.44448781867597,6.0,1.0,0.0,0.0,0.0
252.0,add_ry,74.1979030211855,50.0,3.0,74.44448781867597,6.0,0.0,1.0,0.0,0.0
253.0,add_rz,74.5578387552379,50.0,3.0,74.44448781867597,6.0,0.0,0.0,1.0,0.0
254.0,delete,74.60294294120685,50.0,3.0,74.44448781867597,5.0,0.0,0.0,0.0,0.0
255.0,swap,74.60895173652628,50.0,3.0,74.44448781867597,5.0,0.0,1.0,0.0,0.0
256.0,delete,74.49168800593678,51.0,3.0,74.49168800593678,6.0,0.0,0.0,1.0,0.0
257.0,add_cx,74.49168800593678,51.0,3.0,74.49168800593678,6.0,0.0,0.0,1.0,1.0
258.0,add_rx,74.49168800593677,51.0,3.0,74.49168800593678,6.0,1.0,0.0,1.0,0.0
259.0,add_ry,74.64204874084903,51.0,3.0,74.49168800593678,6.0,0.0,1.0,1.0,0.0
260.0,add_rz,74.49168800593678,51.0,3.0,74.49168800593678,6.0,0.0,0.0,2.0,0.0
261.0,delete,74.12346633927797,51.0,3.0,74.49168800593678,5.0,0.0,0.0,1.0,0.0
262.0,swap,74.65311535592258,51.0,3.0,74.49168800593678,5.0,0.0,1.0,1.0,0.0
263.0,swap,74.6262570830412,52.0,2.0,74.65258933840391,6.0,0.0,1.0,0.0,0.0
264.0,add_cx,74.62247048079993,53.0,3.0,74.62861363892588,6.0,0.0,0.0,0.0,1.0
265.0,add_rx,74.62861363892588,53.0,3.0,74.62861363892588,6.0,1.0,0.0,0.0,0.0
266.0,add_ry,74.71515847328818,53.0,3.0,74.62861363892588,6.0,0.0,1.0,0.0,0.0
267.0,add_rz,74.62561000823762,53.0,3.0,74.62861363892588,6.0,0.0,0.0,1.0,0.0
268.0,delete,74.60651697401987,53.0,3.0,74.62861363892588,5.0,0.0,0.0,0.0,0.0
269.0,swap,74.5775892493325,53.0,3.0,74.62861363892588,5.0,0.0,0.0,0.0,1.0
270.0,add_ry,74.60502892128486,54.0,1.0,74.53574015265835,8.0,0.0,1.0,0.0,0.0
271.0,add_rz,74.66585649929986,55.0,3.0,74.65912329646508,7.0,0.0,0.0,1.0,0.0
272.0,add_cx,74.65912329646508,55.0,3.0,74.65912329646508,7.0,0.0,0.0,1.0,1.0
273.0,add_rx,74.65912329646505,55.0,3.0,74.65912329646508,7.0,1.0,0.0,1.0,0.0
274.0,add_ry,74.54500356914988,55.0,3.0,74.65912329646508,7.0,0.0,1.0,1.0,0.0
275.0,add_rz,74.65912329646505,55.0,3.0,74.65912329646508,7.0,0.0,0.0,2.0,0.0
276.0,delete,74.55861519754255,55.0,3.0,74.65912329646508,6.0,0.0,0.0,1.0,0.0
277.0,swap,74.5279541713015,55.0,3.0,74.65912329646508,6.0,0.0,0.0,2.0,0.0
278.0,add_ry,74.60381252296558,56.0,2.0,74.60502892128486,8.0,0.0,1.0,0.0,0.0
279.0,add_cx,74.60497978095975,56.0,2.0,74.60502892128486,8.0,0.0,1.0,0.0,1.0
280.0,add_rx,74.60489638672708,56.0,2.0,74.60502892128486,8.0,1.0,1.0,0.0,0.0
281.0,add_ry,74.46389806372433,56.0,2.0,74.60502892128486,8.0,0.0,2.0,0.0,0.0
282.0,add_rz,74.60495634952183,56.0,2.0,74.60502892128486,8.0,0.0,1.0,1.0,0.0
283.0,delete,74.64784942488883,56.0,2.0,74.60502892128486,7.0,0.0,1.0,0.0,0.0
284.0,swap,74.55590154701902,56.0,2.0,74.60502892128486,8.0,0.0,0.0,0.0,1.0
285.0,delete,74.4916880059368,57.0,2.0,74.58824974639951,6.0,0.0,0.0,0.0,0.0
286.0,swap,74.62479283219072,58.0,3.0,74.6262570830412,6.0,0.0,1.0,0.0,0.0
287.0,add_cx,74.6262570830412,58.0,3.0,74.6262570830412,6.0,0.0,1.0,0.0,1.0
288.0,add_rx,74.6262570830412,58.0,3.0,74.6262570830412,6.0,1.0,1.0,0.0,0.0
289.0,add_ry,74.61426325224232,58.0,3.0,74.6262570830412,6.0,0.0,2.0,0.0,0.0
290.0,add_rz,74.62695705898723,58.0,3.0,74.6262570830412,6.0,0.0,1.0,1.0,0.0
291.0,delete,74.62006126911552,58.0,3.0,74.6262570830412,5.0,0.0,1.0,0.0,0.0
292.0,swap,74.58451937179467,58.0,3.0,74.6262570830412,5.0,0.0,2.0,0.0,0.0
293.0,add_rz,74.62471435697672,59.0,3.0,74.62696538040203,7.0,0.0,0.0,1.0,0.0
294.0,add_cx,74.6707560346973,59.0,3.0,74.62696538040203,7.0,0.0,0.0,1.0,1.0
295.0,add_rx,74.62696538040205,59.0,3.0,74.62696538040203,7.0,1.0,0.0,1.0,0.0
296.0,add_ry,74.57808126663775,59.0,3.0,74.62696538040203,7.0,0.0,1.0,1.0,0.0
297.0,add_rz,74.64331928656405,59.0,3.0,74.62696538040203,7.0,0.0,0.0,2.0,0.0
298.0,delete,74.63787660969366,59.0,3.0,74.62696538040203,6.0,0.0,0.0,1.0,0.0
299.0,swap,74.69064450339285,59.0,3.0,74.62696538040203,6.0,1.0,0.0,1.0,0.0
300.0,delete,74.52482483630283,60.0,2.0,74.65836681136133,6.0,0.0,0.0,0.0,0.0
301.0,add_cx,74.54609523151876,61.0,1.0,74.55799780291231,8.0,0.0,0.0,0.0,1.0
302.0,add_cx,74.4916880059368,62.0,3.0,74.4916880059368,6.0,0.0,0.0,0.0,1.0
303.0,add_rx,74.49168800593678,62.0,3.0,74.4916880059368,6.0,1.0,0.0,0.0,0.0
304.0,add_ry,74.3546484197847,62.0,3.0,74.4916880059368,6.0,0.0,1.0,0.0,0.0
305.0,add_rz,74.51908113150066,62.0,3.0,74.4916880059368,6.0,0.0,0.0,1.0,0.0
306.0,delete,74.62376864251209,62.0,3.0,74.4916880059368,5.0,0.0,0.0,0.0,0.0
307.0,swap,74.62376864251209,62.0,3.0,74.4916880059368,5.0,0.0,0.0,0.0,1.0
308.0,add_rz,74.5630193407482,63.0,1.0,74.5648706155236,8.0,0.0,0.0,1.0,0.0
309.0,add_cx,74.59496513113461,64.0,2.0,74.54609523151876,8.0,0.0,0.0,0.0,2.0
310.0,add_rx,74.54609523151878,64.0,2.0,74.54609523151876,8.0,1.0,0.0,0.0,1.0
311.0,add_ry,74.58951212246731,64.0,2.0,74.54609523151876,8.0,0.0,1.0,0.0,1.0
312.0,add_rz,74.53629634920266,64.0,2.0,74.54609523151876,8.0,0.0,0.0,1.0,1.0
313.0,delete,74.62153148769832,64.0,2.0,74.54609523151876,7.0,0.0,0.0,0.0,1.0
314.0,swap,74.50244661129948,64.0,2.0,74.54609523151876,7.0,1.0,0.0,0.0,1.0
315.0,delete,74.69064450339286,65.0,2.0,74.6422485434173,6.0,0.0,0.0,0.0,0.0
316.0,add_cx,74.69064450339286,66.0,3.0,74.69064450339286,6.0,0.0,0.0,0.0,1.0
317.0,add_rx,74.69064450339285,66.0,3.0,74.69064450339286,6.0,1.0,0.0,0.0,0.0
318.0,add_ry,74.64236531730805,66.0,3.0,74.69064450339286,6.0,0.0,1.0,0.0,0.0
319.0,add_rz,74.69064450339285,66.0,3.0,74.69064450339286,6.0,0.0,0.0,1.0,0.0
320.0,delete,74.67804878238863,66.0,3.0,74.69064450339286,5.0,0.0,0.0,0.0,0.0
321.0,swap,74.61865639318088,66.0,3.0,74.69064450339286,5.0,1.0,0.0,0.0,0.0
322.0,swap,74.4325210910681,67.0,3.0,74.43281774560901,6.0,0.0,0.0,1.0,0.0
323.0,add_cx,74.4917453996967,67.0,3.0,74.43281774560901,6.0,0.0,0.0,1.0,1.0
324.0,add_rx,74.432817745609,67.0,3.0,74.43281774560901,6.0,1.0,0.0,1.0,0.0
325.0,add_ry,74.53197161023314,67.0,3.0,74.43281774560901,6.0,0.0,1.0,1.0,0.0
326.0,add_rz,74.42317717429398,67.0,3.0,74.43281774560901,6.0,0.0,0.0,2.0,0.0
327.0,delete,74.26120377475831,67.0,3.0,74.43281774560901,5.0,0.0,0.0,1.0,0.0
328.0,swap,74.66981121598434,67.0,3.0,74.43281774560901,5.0,0.0,0.0,2.0,0.0
329.0,delete,74.60592683865956,68.0,2.0,74.62351772129274,6.0,0.0,0.0,0.0,1.0
330.0,swap,74.41255267639153,69.0,2.0,74.63989570577712,6.0,0.0,0.0,0.0,2.0
331.0,add_ry,74.5114084647004,70.0,1.0,74.56107776364738,8.0,0.0,1.0,0.0,0.0
332.0,add_rz,74.56255569661587,71.0,2.0,74.5630193407482,8.0,0.0,0.0,1.0,0.0
333.0,add_cx,74.55708101412232,71.0,2.0,74.5630193407482,8.0,0.0,0.0,1.0,1.0
334.0,add_rx,74.5630193407482,71.0,2.0,74.5630193407482,8.0,1.0,0.0,1.0,0.0
335.0,add_ry,74.56451724631025,71.0,2.0,74.5630193407482,8.0,0.0,1.0,1.0,0.0
336.0,add_rz,74.54738486251621,71.0,2.0,74.5630193407482,8.0,0.0,0.0,2.0,0.0
337.0,delete,74.59278010595445,71.0,2.0,74.5630193407482,7.0,0.0,0.0,1.0,0.0
338.0,swap,74.58798171192717,71.0,2.0,74.5630193407482,7.0,0.0,1.0,1.0,0.0
339.0,add_cx,74.60592683865956,72.0,3.0,74.60592683865956,6.0,0.0,0.0,0.0,2.0
340.0,add_rx,74.60592683865954,72.0,3.0,74.60592683865956,6.0,1.0,0.0,0.0,1.0
341.0,add_ry,74.71784860395242,72.0,3.0,74.60592683865956,6.0,0.0,1.0,0.0,1.0
342.0,add_rz,74.6084585953985,72.0,3.0,74.60592683865956,6.0,0.0,0.0,1.0,1.0
343.0,delete,74.57479211943196,72.0,3.0,74.60592683865956,5.0,0.0,0.0,0.0,1.0
344.0,swap,74.57479211943196,72.0,3.0,74.60592683865956,5.0,0.0,0.0,0.0,2.0
345.0,add_cx,74.41255267639153,73.0,3.0,74.41255267639153,6.0,0.0,0.0,0.0,3.0
346.0,add_rx,74.41255267639153,73.0,3.0,74.41255267639153,6.0,1.0,0.0,0.0,2.0
347.0,add_ry,74.60525155770674,73.0,3.0,74.41255267639153,6.0,0.0,1.0,0.0,2.0
348.0,add_rz,74.45696038236332,73.0,3.0,74.41255267639153,6.0,0.0,0.0,1.0,2.0
349.0,delete,74.11631247086439,73.0,3.0,74.41255267639153,5.0,0.0,0.0,0.0,2.0
350.0,swap,74.67468251065615,73.0,3.0,74.41255267639153,5.0,0.0,0.0,1.0,2.0
351.0,add_cx,74.82219812623985,74.0,3.0,74.52482483630283,6.0,0.0,0.0,0.0,1.0
352.0,add_rx,74.52482483630283,74.0,3.0,74.52482483630283,6.0,1.0,0.0,0.0,0.0
353.0,add_ry,74.52494630674451,74.0,3.0,74.52482483630283,6.0,0.0,1.0,0.0,0.0
354.0,add_rz,74.52482483630281,74.0,3.0,74.52482483630283,6.0,0.0,0.0,1.0,0.0
355.0,delete,74.22641515629772,74.0,3.0,74.52482483630283,5.0,0.0,0.0,0.0,0.0
356.0,swap,74.6588850610636,74.0,3.0,74.52482483630283,5.0,0.0,0.0,1.0,0.0
357.0,add_ry,74.51601877134506,75.0,2.0,74.5114084647004,8.0,0.0,1.0,0.0,0.0
358.0,add_cx,74.5114084647004,75.0,2.0,74.5114084647004,8.0,0.0,1.0,0.0,1.0
359.0,add_rx,74.5114084647004,75.0,2.0,74.5114084647004,8.0,1.0,1.0,0.0,0.0
360.0,add_ry,74.54895646530622,75.0,2.0,74.5114084647004,8.0,0.0,2.0,0.0,0.0
361.0,add_rz,74.51516574433774,75.0,2.0,74.5114084647004,8.0,0.0,1.0,1.0,0.0
362.0,delete,74.5246832121665,75.0,2.0,74.5114084647004,7.0,0.0,1.0,0.0,0.0
363.0,swap,74.69042076583753,75.0,2.0,74.5114084647004,7.0,0.0,1.0,1.0,0.0
364.0,swap,74.69064450339285,76.0,2.0,74.63562998379282,6.0,0.0,0.0,1.0,0.0
365.0,swap,74.69064450339285,77.0,3.0,74.69064450339285,6.0,0.0,0.0,1.0,0.0
366.0,add_cx,74.69064450339285,77.0,3.0,74.69064450339285,6.0,0.0,0.0,1.0,1.0
367.0,add_rx,74.69064450339285,77.0,3.0,74.69064450339285,6.0,1.0,0.0,1.0,0.0
368.0,add_ry,74.72297292965571,77.0,3.0,74.69064450339285,6.0,0.0,1.0,1.0,0.0
369.0,add_rz,74.70425550854164,77.0,3.0,74.69064450339285,6.0,0.0,0.0,2.0,0.0
370.0,delete,74.62376864251212,77.0,3.0,74.69064450339285,5.0,0.0,0.0,1.0,0.0
371.0,swap,74.67394263379197,77.0,3.0,74.69064450339285,6.0,0.0,1.0,0.0,0.0
372.0,add_cx,74.54279308451432,78.0,3.0,74.54076886114981,7.0,0.0,0.0,0.0,2.0
373.0,add_rx,74.54076886114981,78.0,3.0,74.54076886114981,7.0,1.0,0.0,0.0,1.0
374.0,add_ry,74.46329931529783,78.0,3.0,74.54076886114981,7.0,0.0,1.0,0.0,1.0
375.0,add_rz,74.54186900386502,78.0,3.0,74.54076886114981,7.0,0.0,0.0,1.0,1.0
376.0,delete,74.68121064875247,78.0,3.0,74.54076886114981,6.0,0.0,0.0,0.0,1.0
377.0,swap,74.30497790108326,78.0,3.0,74.54076886114981,6.0,0.0,1.0,0.0,1.0
378.0,add_cx,74.57922355224056,79.0,3.0,74.71783436204063,7.0,0.0,0.0,0.0,2.0
379.0,add_rx,74.37307336088509,79.0,3.0,74.71783436204063,7.0,1.0,0.0,0.0,1.0
380.0,add_ry,74.71787463089268,79.0,3.0,74.71783436204063,7.0,0.0,1.0,0.0,1.0
381.0,add_rz,74.71782972991487,79.0,3.0,74.71783436204063,7.0,0.0,0.0,1.0,1.0
382.0,delete,74.75015567724921,79.0,3.0,74.71783436204063,6.0,0.0,0.0,0.0,1.0
383.0,swap,74.70793968577031,79.0,3.0,74.71783436204063,6.0,0.0,0.0,1.0,1.0
384.0,add_ry,74.63053648059766,80.0,3.0,74.62396943941302,7.0,0.0,1.0,0.0,0.0
385.0,add_cx,74.62396943941302,80.0,3.0,74.62396943941302,7.0,0.0,1.0,0.0,1.0
386.0,add_rx,74.62396943941303,80.0,3.0,74.62396943941302,7.0,1.0,1.0,0.0,0.0
387.0,add_ry,74.66779887790287,80.0,3.0,74.62396943941302,7.0,0.0,2.0,0.0,0.0
388.0,add_rz,74.64165504515958,80.0,3.0,74.62396943941302,7.0,0.0,1.0,1.0,0.0
389.0,delete,74.63238811043685,80.0,3.0,74.62396943941302,6.0,0.0,1.0,0.0,0.0
390.0,swap,74.59744438855286,80.0,3.0,74.62396943941302,6.0,0.0,1.0,0.0,1.0
391.0,swap,74.70647430034983,81.0,4.0,74.70656522288837,6.0,1.0,0.0,0.0,0.0
392.0,add_cx,74.448576099653,81.0,4.0,74.70656522288837,6.0,1.0,0.0,0.0,1.0
393.0,add_rx,74.70656522288839,81.0,4.0,74.70656522288837,6.0,2.0,0.0,0.0,0.0
394.0,add_ry,74.71834783716388,81.0,4.0,74.70656522288837,6.0,1.0,1.0,0.0,0.0
395.0,add_rz,74.73932387619219,81.0,4.0,74.70656522288837,6.0,1.0,0.0,1.0,0.0
396.0,delete,74.6182873196036,81.0,4.0,74.70656522288837,5.0,1.0,0.0,0.0,0.0
397.0,swap,74.62544062767029,81.0,4.0,74.70656522288837,5.0,1.0,0.0,0.0,1.0
398.0,add_cx,74.66782217547781,82.0,3.0,74.62234247519807,7.0,0.0,0.0,0.0,2.0
399.0,add_rx,74.62234247519807,82.0,3.0,74.62234247519807,7.0,1.0,0.0,0.0,1.0
400.0,add_ry,74.64936865009143,82.0,3.0,74.62234247519807,7.0,0.0,1.0,0.0,1.0
401.0,add_rz,74.6223677178869,82.0,3.0,74.62234247519807,7.0,0.0,0.0,1.0,1.0
402.0,delete,74.44448781867597,82.0,3.0,74.62234247519807,6.0,0.0,0.0,0.0,1.0
403.0,swap,74.5806843717745,82.0,3.0,74.62234247519807,6.0,0.0,1.0,0.0,1.0
404.0,delete,74.63416553902071,83.0,1.0,74.60008763099226,7.0,0.0,0.0,0.0,0.0
405.0,add_cx,74.63416553902071,84.0,2.0,74.63416553902071,7.0,0.0,0.0,0.0,1.0
406.0,add_rx,74.63416553902071,84.0,2.0,74.63416553902071,7.0,1.0,0.0,0.0,0.0
407.0,add_ry,74.53621337475109,84.0,2.0,74.63416553902071,7.0,0.0,1.0,0.0,0.0
408.0,add_rz,74.63407015108814,84.0,2.0,74.63416553902071,7.0,0.0,0.0,1.0,0.0
409.0,delete,74.68121064875247,84.0,2.0,74.63416553902071,6.0,0.0,0.0,0.0,0.0
410.0,swap,74.6177285781772,84.0,2.0,74.63416553902071,6.0,0.0,1.0,0.0,0.0
411.0,add_cx,74.69538647589552,85.0,3.0,74.68121064875247,6.0,0.0,0.0,0.0,1.0
412.0,add_rx,74.68121064875247,85.0,3.0,74.68121064875247,6.0,1.0,0.0,0.0,0.0
413.0,add_ry,74.66590143225156,85.0,3.0,74.68121064875247,6.0,0.0,1.0,0.0,0.0
414.0,add_rz,74.67515768933917,85.0,3.0,74.68121064875247,6.0,0.0,0.0,1.0,0.0
415.0,delete,74.61673415361831,85.0,3.0,74.68121064875247,5.0,0.0,0.0,0.0,0.0
416.0,swap,74.66974130608716,85.0,3.0,74.68121064875247,5.0,0.0,0.0,1.0,0.0
417.0,swap,74.61403540014807,86.0,3.0,74.6177285781772,6.0,0.0,1.0,0.0,0.0
418.0,add_cx,74.6177285781772,86.0,3.0,74.6177285781772,6.0,0.0,1.0,0.0,1.0
419.0,add_rx,74.46280875512852,86.0,3.0,74.6177285781772,6.0,1.0,1.0,0.0,0.0
420.0,add_ry,74.58481136968882,86.0,3.0,74.6177285781772,6.0,0.0,2.0,0.0,0.0
421.0,add_rz,74.61672935019462,86.0,3.0,74.6177285781772,6.0,0.0,1.0,1.0,0.0
422.0,delete,74.67560497072995,86.0,3.0,74.6177285781772,6.0,0.0,0.0,0.0,0.0
423.0,swap,74.67560497072994,86.0,3.0,74.6177285781772,6.0,0.0,0.0,1.0,0.0
424.0,add_cx,74.63416553902071,87.0,3.0,74.63416553902071,7.0,0.0,0.0,0.0,2.0
425.0,add_rx,74.63416553902071,87.0,3.0,74.63416553902071,7.0,1.0,0.0,0.0,1.0
426.0,add_ry,74.56226633747109,87.0,3.0,74.63416553902071,7.0,0.0,1.0,0.0,1.0
427.0,add_rz,74.56233894533881,87.0,3.0,74.63416553902071,7.0,0.0,0.0,1.0,1.0
428.0,delete,74.46841073917928,87.0,3.0,74.63416553902071,6.0,0.0,0.0,0.0,1.0
429.0,swap,74.41255267639153,87.0,3.0,74.63416553902071,6.0,0.0,0.0,0.0,2.0
430.0,add_rx,74.55590154701902,88.0,1.0,74.55060014954277,8.0,1.0,0.0,0.0,0.0
431.0,add_rx,74.55590154701902,89.0,2.0,74.55590154701902,8.0,1.0,0.0,0.0,0.0
432.0,add_cx,74.55590154701902,89.0,2.0,74.55590154701902,8.0,1.0,0.0,0.0,1.0
433.0,add_rx,74.555901547019,89.0,2.0,74.55590154701902,8.0,2.0,0.0,0.0,0.0
434.0,add_ry,74.52720989215362,89.0,2.0,74.55590154701902,8.0,1.0,1.0,0.0,0.0
435.0,add_rz,74.56613918414257,89.0,2.0,74.55590154701902,8.0,1.0,0.0,1.0,0.0
436.0,delete,74.55590154701902,89.0,2.0,74.55590154701902,8.0,0.0,0.0,0.0,0.0
437.0,swap,74.5301435366257,89.0,2.0,74.55590154701902,7.0,1.0,1.0,0.0,0.0
438.0,delete,74.71381164012091,90.0,2.0,74.66933462209953,6.0,0.0,0.0,0.0,0.0
439.0,add_cx,74.71381164012091,91.0,3.0,74.71381164012091,6.0,0.0,0.0,0.0,1.0
440.0,add_rx,74.71381164012091,91.0,3.0,74.71381164012091,6.0,1.0,0.0,0.0,0.0
441.0,add_ry,74.69910619202875,91.0,3.0,74.71381164012091,6.0,0.0,1.0,0.0,0.0
442.0,add_rz,74.70778932217314,91.0,3.0,74.71381164012091,6.0,0.0,0.0,1.0,0.0
443.0,delete,74.62153164711681,91.0,3.0,74.71381164012091,5.0,0.0,0.0,0.0,0.0
444.0,swap,74.6869539043358,91.0,3.0,74.71381164012091,5.0,0.0,0.0,1.0,0.0
445.0,delete,74.46841073917928,92.0,2.0,74.68158273862241,6.0,0.0,0.0,0.0,0.0
446.0,swap,74.6091745966114,93.0,2.0,74.60813149662181,6.0,1.0,0.0,0.0,0.0
447.0,add_cx,74.46841073917928,94.0,3.0,74.46841073917928,6.0,0.0,0.0,0.0,1.0
448.0,add_rx,74.46841073917928,94.0,3.0,74.46841073917928,6.0,1.0,0.0,0.0,0.0
449.0,add_ry,74.59885588172754,94.0,3.0,74.46841073917928,6.0,0.0,1.0,0.0,0.0
450.0,add_rz,74.46841073917928,94.0,3.0,74.46841073917928,6.0,0.0,0.0,1.0,0.0
451.0,delete,74.6325418451039,94.0,3.0,74.46841073917928,5.0,0.0,0.0,0.0,0.0
452.0,swap,74.60645165500058,94.0,3.0,74.46841073917928,5.0,1.0,0.0,0.0,0.0
453.0,swap,74.54134376574315,95.0,3.0,74.54134376574315,6.0,1.0,1.0,0.0,0.0
454.0,add_cx,74.54134376574315,95.0,3.0,74.54134376574315,6.0,1.0,1.0,0.0,1.0
455.0,add_rx,74.54134376574316,95.0,3.0,74.54134376574315,6.0,2.0,1.0,0.0,0.0
456.0,add_ry,74.58278029201307,95.0,3.0,74.54134376574315,6.0,1.0,2.0,0.0,0.0
457.0,add_rz,74.54595411352437,95.0,3.0,74.54134376574315,6.0,1.0,1.0,1.0,0.0
458.0,delete,74.54134376574315,95.0,3.0,74.54134376574315,6.0,0.0,1.0,0.0,0.0
459.0,swap,74.55683629739187,95.0,3.0,74.54134376574315,5.0,1.0,2.0,0.0,0.0
460.0,swap,74.61033173962352,96.0,3.0,74.6091745966114,6.0,1.0,0.0,0.0,0.0
461.0,add_cx,74.6091745966114,96.0,3.0,74.6091745966114,6.0,1.0,0.0,0.0,1.0
462.0,add_rx,74.6091745966114,96.0,3.0,74.6091745966114,6.0,2.0,0.0,0.0,0.0
463.0,add_ry,74.56454090546887,96.0,3.0,74.6091745966114,6.0,1.0,1.0,0.0,0.0
464.0,add_rz,74.61167824077906,96.0,3.0,74.6091745966114,6.0,1.0,0.0,1.0,0.0
465.0,delete,74.45205573065806,96.0,3.0,74.6091745966114,5.0,1.0,0.0,0.0,0.0
466.0,swap,74.7141612995704,96.0,3.0,74.6091745966114,5.0,2.0,0.0,0.0,0.0
467.0,swap,74.60990331848214,97.0,2.0,74.56858429646607,6.0,0.0,0.0,1.0,0.0
468.0,add_rx,74.63416553902071,98.0,3.0,74.63416553902071,7.0,1.0,0.0,0.0,0.0
469.0,add_cx,74.76217460049916,98.0,3.0,74.63416553902071,7.0,1.0,0.0,0.0,1.0
470.0,add_rx,74.6274555481689,98.0,3.0,74.63416553902071,7.0,2.0,0.0,0.0,0.0
471.0,add_ry,74.68307845833014,98.0,3.0,74.63416553902071,7.0,1.0,1.0,0.0,0.0
472.0,add_rz,74.63416553902074,98.0,3.0,74.63416553902071,7.0,1.0,0.0,1.0,0.0
473.0,delete,74.71381164012091,98.0,3.0,74.63416553902071,6.0,1.0,0.0,0.0,0.0
474.0,swap,74.64549591060509,98.0,3.0,74.63416553902071,6.0,1.0,1.0,0.0,0.0
475.0,add_cx,74.67804878238863,99.0,4.0,74.67804878238863,5.0,0.0,0.0,0.0,1.0
476.0,add_rx,74.67814296545438,99.0,4.0,74.67804878238863,5.0,1.0,0.0,0.0,0.0
477.0,add_ry,74.6803192384918,99.0,4.0,74.67804878238863,5.0,0.0,1.0,0.0,0.0
478.0,add_rz,74.6783973194581,99.0,4.0,74.67804878238863,5.0,0.0,0.0,1.0,0.0
479.0,delete,74.5159073226545,99.0,4.0,74.67804878238863,4.0,0.0,0.0,0.0,0.0
480.0,swap,74.54818331830256,99.0,4.0,74.67804878238863,4.0,0.0,1.0,0.0,0.0
481.0,swap,74.61012359485527,100.0,3.0,74.60990331848214,6.0,0.0,0.0,1.0,0.0
482.0,add_cx,74.60990331848214,100.0,3.0,74.60990331848214,6.0,0.0,0.0,1.0,1.0
483.0,add_rx,74.57705648755756,100.0,3.0,74.60990331848214,6.0,1.0,0.0,1.0,0.0
484.0,add_ry,74.55998069533082,100.0,3.0,74.60990331848214,6.0,0.0,1.0,1.0,0.0
485.0,add_rz,74.60601270181894,100.0,3.0,74.60990331848214,6.0,0.0,0.0,2.0,0.0
486.0,delete,74.57876859925453,100.0,3.0,74.60990331848214,5.0,0.0,0.0,1.0,0.0
487.0,swap,74.57581005116282,100.0,3.0,74.60990331848214,5.0,0.0,0.0,1.0,1.0
488.0,add_rz,74.63404884853956,101.0,3.0,74.63407015108814,7.0,0.0,0.0,1.0,0.0
489.0,add_cx,74.63407015108814,101.0,3.0,74.63407015108814,7.0,0.0,0.0,1.0,1.0
490.0,add_rx,74.63407015108814,101.0,3.0,74.63407015108814,7.0,1.0,0.0,1.0,0.0
491.0,add_ry,74.52022661892113,101.0,3.0,74.63407015108814,7.0,0.0,1.0,1.0,0.0
492.0,add_rz,74.60255189437096,101.0,3.0,74.63407015108814,7.0,0.0,0.0,2.0,0.0
493.0,delete,74.71374615404378,101.0,3.0,74.63407015108814,6.0,0.0,0.0,1.0,0.0
494.0,swap,74.52468815492027,101.0,3.0,74.63407015108814,6.0,0.0,0.0,1.0,1.0
495.0,add_ry,74.63783601976809,102.0,3.0,74.65468798522613,7.0,0.0,1.0,0.0,0.0
496.0,add_cx,74.58983064401703,102.0,3.0,74.65468798522613,7.0,0.0,1.0,0.0,1.0
497.0,add_rx,74.65468798522613,102.0,3.0,74.65468798522613,7.0,1.0,1.0,0.0,0.0
498.0,add_ry,74.70838634314649,102.0,3.0,74.65468798522613,7.0,0.0,2.0,0.0,0.0
499.0,add_rz,74.65439735391926,102.0,3.0,74.65468798522613,7.0,0.0,1.0,1.0,0.0
500.0,delete,74.68567909510926,102.0,3.0,74.65468798522613,6.0,0.0,1.0,0.0,0.0
501.0,swap,74.68018845467056,102.0,3.0,74.65468798522613,6.0,1.0,1.0,0.0,0.0
502.0,add_rx,74.62027420950734,103.0,3.0,74.62027420950734,7.0,1.0,0.0,0.0,0.0
503.0,add_cx,74.62027420950734,103.0,3.0,74.62027420950734,7.0,1.0,0.0,0.0,1.0
504.0,add_rx,74.62027420950733,103.0,3.0,74.62027420950734,7.0,2.0,0.0,0.0,0.0
505.0,add_ry,74.68310032278876,103.0,3.0,74.62027420950734,7.0,1.0,1.0,0.0,0.0
506.0,add_rz,74.62027420950734,103.0,3.0,74.62027420950734,7.0,1.0,0.0,1.0,0.0
507.0,delete,74.62027420950731,103.0,3.0,74.62027420950734,7.0,0.0,0.0,0.0,0.0
508.0,swap,74.70347268680065,103.0,3.0,74.62027420950734,6.0,1.0,0.0,1.0,0.0
509.0,swap,74.69064450339283,104.0,4.0,74.69064450339285,6.0,0.0,0.0,1.0,0.0
510.0,add_cx,74.69064450339285,104.0,4.0,74.69064450339285,6.0,0.0,0.0,1.0,1.0
511.0,add_rx,74.69064450339285,104.0,4.0,74.69064450339285,6.0,1.0,0.0,1.0,0.0
512.0,add_ry,74.59839261253025,104.0,4.0,74.69064450339285,6.0,0.0,1.0,1.0,0.0
513.0,add_rz,74.69064450339286,104.0,4.0,74.69064450339285,6.0,0.0,0.0,2.0,0.0
514.0,delete,74.57731261942523,104.0,4.0,74.69064450339285,5.0,0.0,0.0,1.0,0.0
515.0,swap,74.57731261942524,104.0,4.0,74.69064450339285,5.0,0.0,0.0,2.0,0.0
516.0,delete,74.68854868443462,105.0,2.0,74.60110620277024,6.0,0.0,0.0,0.0,0.0
517.0,add_cx,74.68854868443462,106.0,3.0,74.68854868443462,6.0,0.0,0.0,0.0,1.0
518.0,add_rx,74.68854868443461,106.0,3.0,74.68854868443462,6.0,1.0,0.0,0.0,0.0
519.0,add_ry,74.72354499229081,106.0,3.0,74.68854868443462,6.0,0.0,1.0,0.0,0.0
520.0,add_rz,74.68578713852786,106.0,3.0,74.68854868443462,6.0,0.0,0.0,1.0,0.0
521.0,delete,74.61280097809771,106.0,3.0,74.68854868443462,5.0,0.0,0.0,0.0,0.0
522.0,swap,74.6125791836674,106.0,3.0,74.68854868443462,5.0,0.0,0.0,1.0,0.0
523.0,add_cx,74.61280097809771,107.0,4.0,74.61280097809771,5.0,0.0,0.0,0.0,1.0
524.0,add_rx,74.61280097809771,107.0,4.0,74.61280097809771,5.0,1.0,0.0,0.0,0.0
525.0,add_ry,74.69141884862135,107.0,4.0,74.61280097809771,5.0,0.0,1.0,0.0,0.0
526.0,add_rz,74.61280097809775,107.0,4.0,74.61280097809771,5.0,0.0,0.0,1.0,0.0
527.0,delete,74.61825001055863,107.0,4.0,74.61280097809771,4.0,0.0,0.0,0.0,0.0
528.0,swap,74.43270896576682,107.0,4.0,74.61280097809771,4.0,0.0,1.0,0.0,0.0
529.0,swap,74.72576299568462,108.0,4.0,74.72701647514945,5.0,0.0,1.0,0.0,1.0
530.0,add_cx,74.56580560014962,108.0,4.0,74.72701647514945,5.0,0.0,1.0,0.0,2.0
531.0,add_rx,74.61254984816665,108.0,4.0,74.72701647514945,5.0,1.0,1.0,0.0,1.0
532.0,add_ry,74.70551499321364,108.0,4.0,74.72701647514945,5.0,0.0,2.0,0.0,1.0
533.0,add_rz,74.72701647514951,108.0,4.0,74.72701647514945,5.0,0.0,1.0,1.0,1.0
534.0,delete,74.64238472673914,108.0,4.0,74.72701647514945,4.0,0.0,1.0,0.0,1.0
535.0,swap,74.63927103042636,108.0,4.0,74.72701647514945,4.0,0.0,1.0,1.0,1.0
536.0,add_cx,74.60466188651623,109.0,4.0,74.60466188651623,5.0,0.0,0.0,0.0,1.0
537.0,add_rx,74.6046618865162,109.0,4.0,74.60466188651623,5.0,1.0,0.0,0.0,0.0
538.0,add_ry,74.57800146081108,109.0,4.0,74.60466188651623,5.0,0.0,1.0,0.0,0.0
539.0,add_rz,74.55504175873804,109.0,4.0,74.60466188651623,5.0,0.0,0.0,1.0,0.0
540.0,delete,74.59981900225557,109.0,4.0,74.60466188651623,4.0,0.0,0.0,0.0,0.0
541.0,swap,74.67767754867533,109.0,4.0,74.60466188651623,4.0,0.0,0.0,1.0,0.0
542.0,swap,74.6869539043358,110.0,4.0,74.6869539043358,5.0,0.0,0.0,1.0,0.0
543.0,add_cx,74.6869539043358,110.0,4.0,74.6869539043358,5.0,0.0,0.0,1.0,1.0
544.0,add_rx,74.69467752725365,110.0,4.0,74.6869539043358,5.0,1.0,0.0,1.0,0.0
545.0,add_ry,74.71070295155785,110.0,4.0,74.6869539043358,5.0,0.0,1.0,1.0,0.0
546.0,add_rz,74.68695390433582,110.0,4.0,74.6869539043358,5.0,0.0,0.0,2.0,0.0
547.0,delete,74.72631828436602,110.0,4.0,74.6869539043358,4.0,0.0,0.0,1.0,0.0
548.0,swap,74.73332810180163,110.0,4.0,74.6869539043358,4.0,0.0,0.0,2.0,0.0
549.0,swap,74.46986852906238,111.0,2.0,74.60283397993179,6.0,0.0,0.0,0.0,1.0
550.0,swap,74.70442279891755,112.0,4.0,74.70593824323296,6.0,0.0,1.0,0.0,0.0
551.0,add_cx,74.70593824323296,112.0,4.0,74.70593824323296,6.0,0.0,1.0,0.0,1.0
552.0,add_rx,74.4059583743876,112.0,4.0,74.70593824323296,6.0,1.0,1.0,0.0,0.0
553.0,add_ry,74.67196118258994,112.0,4.0,74.70593824323296,6.0,0.0,2.0,0.0,0.0
554.0,add_rz,74.70092662245467,112.0,4.0,74.70593824323296,6.0,0.0,1.0,1.0,0.0
555.0,delete,74.82913212326318,112.0,4.0,74.70593824323296,5.0,0.0,1.0,0.0,0.0
556.0,swap,74.64393857899043,112.0,4.0,74.70593824323296,5.0,0.0,2.0,0.0,0.0
557.0,swap,74.66974130608715,113.0,4.0,74.66974130608716,5.0,0.0,0.0,1.0,0.0
558.0,add_cx,74.67080221326447,113.0,4.0,74.66974130608716,5.0,0.0,0.0,1.0,1.0
559.0,add_rx,74.72711433247552,113.0,4.0,74.66974130608716,5.0,1.0,0.0,1.0,0.0
560.0,add_ry,74.73089933173112,113.0,4.0,74.66974130608716,5.0,0.0,1.0,1.0,0.0
561.0,add_rz,74.68217387677866,113.0,4.0,74.66974130608716,5.0,0.0,0.0,2.0,0.0
562.0,delete,74.71192933587177,113.0,4.0,74.66974130608716,4.0,0.0,0.0,1.0,0.0
563.0,swap,74.67767754867535,113.0,4.0,74.66974130608716,4.0,0.0,0.0,1.0,1.0
564.0,add_cx,74.6225925542941,114.0,4.0,74.62153164711681,5.0,0.0,0.0,0.0,1.0
565.0,add_rx,74.62153164711681,114.0,4.0,74.62153164711681,5.0,1.0,0.0,0.0,0.0
566.0,add_ry,74.55286999445984,114.0,4.0,74.62153164711681,5.0,0.0,1.0,0.0,0.0
567.0,add_rz,74.62176418536566,114.0,4.0,74.62153164711681,5.0,0.0,0.0,1.0,0.0
568.0,delete,74.6210417010447,114.0,4.0,74.62153164711681,4.0,0.0,0.0,0.0,0.0
569.0,swap,74.61857598977983,114.0,4.0,74.62153164711681,4.0,0.0,0.0,1.0,0.0
570.0,add_rx,74.62234247519807,115.0,3.0,74.62234247519807,7.0,1.0,0.0,0.0,0.0
571.0,add_cx,74.62234247519807,115.0,3.0,74.62234247519807,7.0,1.0,0.0,0.0,1.0
572.0,add_rx,74.55820814377056,115.0,3.0,74.62234247519807,7.0,2.0,0.0,0.0,0.0
573.0,add_ry,74.58290657386743,115.0,3.0,74.62234247519807,7.0,1.0,1.0,0.0,0.0
574.0,add_rz,74.62234247519808,115.0,3.0,74.62234247519807,7.0,1.0,0.0,1.0,0.0
575.0,delete,74.4916880059368,115.0,3.0,74.62234247519807,6.0,1.0,0.0,0.0,0.0
576.0,swap,74.70086219795927,115.0,3.0,74.62234247519807,6.0,2.0,0.0,0.0,0.0
577.0,add_rz,74.58213754291602,116.0,3.0,74.58209750657298,7.0,0.0,0.0,1.0,0.0
578.0,add_cx,74.58209750657298,116.0,3.0,74.58209750657298,7.0,0.0,0.0,1.0,1.0
579.0,add_rx,74.58209750657298,116.0,3.0,74.58209750657298,7.0,1.0,0.0,1.0,0.0
580.0,add_ry,74.65880235942268,116.0,3.0,74.58209750657298,7.0,0.0,1.0,1.0,0.0
581.0,add_rz,74.58103271675473,116.0,3.0,74.58209750657298,7.0,0.0,0.0,2.0,0.0
582.0,delete,74.6328299021836,116.0,3.0,74.58209750657298,6.0,0.0,0.0,1.0,0.0
583.0,swap,74.61048618672302,116.0,3.0,74.58209750657298,6.0,0.0,0.0,2.0,0.0
584.0,add_cx,74.46986852906238,117.0,3.0,74.46986852906238,6.0,0.0,0.0,0.0,2.0
585.0,add_rx,74.46986852906237,117.0,3.0,74.46986852906238,6.0,1.0,0.0,0.0,1.0
586.0,add_ry,74.4829249809558,117.0,3.0,74.46986852906238,6.0,0.0,1.0,0.0,1.0
587.0,add_rz,74.46986852906238,117.0,3.0,74.46986852906238,6.0,0.0,0.0,1.0,1.0
588.0,delete,74.36455922509587,117.0,3.0,74.46986852906238,5.0,0.0,0.0,0.0,1.0
589.0,swap,74.67023267383762,117.0,3.0,74.46986852906238,5.0,0.0,0.0,1.0,1.0
590.0,swap,74.63204172649462,118.0,3.0,74.63209145076732,7.0,0.0,0.0,1.0,1.0
591.0,add_cx,74.63209145076732,118.0,3.0,74.63209145076732,7.0,0.0,0.0,1.0,2.0
592.0,add_rx,74.63209145076729,118.0,3.0,74.63209145076732,7.0,1.0,0.0,1.0,1.0
593.0,add_ry,74.61557955725146,118.0,3.0,74.63209145076732,7.0,0.0,1.0,1.0,1.0
594.0,add_rz,74.63209145076728,118.0,3.0,74.63209145076732,7.0,0.0,0.0,2.0,1.0
595.0,delete,74.52357867964214,118.0,3.0,74.63209145076732,6.0,0.0,0.0,1.0,1.0
596.0,swap,74.52729511537991,118.0,3.0,74.63209145076732,6.0,0.0,0.0,2.0,1.0
597.0,swap,74.67691179517209,119.0,4.0,74.67691179517213,6.0,1.0,0.0,0.0,0.0
598.0,add_cx,74.60749144615758,119.0,4.0,74.67691179517213,6.0,1.0,0.0,0.0,1.0
599.0,add_rx,74.43046206782688,119.0,4.0,74.67691179517213,6.0,2.0,0.0,0.0,0.0
600.0,add_ry,74.65048112761306,119.0,4.0,74.67691179517213,6.0,1.0,1.0,0.0,0.0
601.0,add_rz,74.67691179517215,119.0,4.0,74.67691179517213,6.0,1.0,0.0,1.0,0.0
602.0,delete,74.67982438787189,119.0,4.0,74.67691179517213,5.0,1.0,0.0,0.0,0.0
603.0,swap,74.61930061093003,119.0,4.0,74.67691179517213,5.0,1.0,0.0,0.0,1.0
604.0,delete,74.49605353349591,120.0,1.0,74.61096891016949,7.0,0.0,0.0,0.0,0.0
605.0,swap,74.62234247519804,121.0,3.0,74.62234247519805,7.0,0.0,0.0,2.0,0.0
606.0,add_cx,74.62234247519805,121.0,3.0,74.62234247519805,7.0,0.0,0.0,2.0,1.0
607.0,add_rx,74.62234247519805,121.0,3.0,74.62234247519805,7.0,1.0,0.0,2.0,0.0
608.0,add_ry,74.6270767460558,121.0,3.0,74.62234247519805,7.0,0.0,1.0,2.0,0.0
609.0,add_rz,74.55712782369804,121.0,3.0,74.62234247519805,7.0,0.0,0.0,3.0,0.0
610.0,delete,74.52605412102984,121.0,3.0,74.62234247519805,6.0,0.0,0.0,2.0,0.0
611.0,swap,74.49168800593677,121.0,3.0,74.62234247519805,6.0,0.0,0.0,3.0,0.0
612.0,add_cx,74.49807775686047,122.0,2.0,74.49605353349591,7.0,0.0,0.0,0.0,1.0
613.0,add_rx,74.49605353349591,122.0,2.0,74.49605353349591,7.0,1.0,0.0,0.0,0.0
614.0,add_ry,74.45335163137995,122.0,2.0,74.49605353349591,7.0,0.0,1.0,0.0,0.0
615.0,add_rz,74.49318495513057,122.0,2.0,74.49605353349591,7.0,0.0,0.0,1.0,0.0
616.0,delete,74.64840748163569,122.0,2.0,74.49605353349591,6.0,0.0,0.0,0.0,0.0
617.0,swap,74.6427607354691,122.0,2.0,74.49605353349591,6.0,1.0,0.0,0.0,0.0
618.0,swap,74.54076886114979,123.0,1.0,74.5630246404797,7.0,0.0,0.0,1.0,0.0
619.0,swap,74.54076886114979,124.0,2.0,74.54076886114979,7.0,0.0,0.0,1.0,0.0
620.0,add_cx,74.54279308451433,124.0,2.0,74.54076886114979,7.0,0.0,0.0,1.0,1.0
621.0,add_rx,74.54076886114981,124.0,2.0,74.54076886114979,7.0,1.0,0.0,1.0,0.0
622.0,add_ry,74.59414991355207,124.0,2.0,74.54076886114979,7.0,0.0,1.0,1.0,0.0
623.0,add_rz,74.53763554209064,124.0,2.0,74.54076886114979,7.0,0.0,0.0,2.0,0.0
624.0,delete,74.44691945793974,124.0,2.0,74.54076886114979,6.0,0.0,0.0,1.0,0.0
625.0,swap,74.46891968950929,124.0,2.0,74.54076886114979,6.0,0.0,1.0,1.0,0.0
626.0,add_cx,74.65358031594263,125.0,3.0,74.64840748163569,6.0,0.0,0.0,0.0,1.0
627.0,add_rx,74.64840748163569,125.0,3.0,74.64840748163569,6.0,1.0,0.0,0.0,0.0
628.0,add_ry,74.65839824631655,125.0,3.0,74.64840748163569,6.0,0.0,1.0,0.0,0.0
629.0,add_rz,74.7101686504043,125.0,3.0,74.64840748163569,6.0,0.0,0.0,1.0,0.0
630.0,delete,74.62153164711681,125.0,3.0,74.64840748163569,5.0,0.0,0.0,0.0,0.0
631.0,swap,74.7017600060429,125.0,3.0,74.64840748163569,5.0,0.0,1.0,0.0,0.0
632.0,swap,74.64100888966021,126.0,3.0,74.6427607354691,6.0,1.0,0.0,0.0,0.0
633.0,add_cx,74.6427607354691,126.0,3.0,74.6427607354691,6.0,1.0,0.0,0.0,1.0
634.0,add_rx,74.6427607354691,126.0,3.0,74.6427607354691,6.0,2.0,0.0,0.0,0.0
635.0,add_ry,74.59664629579305,126.0,3.0,74.6427607354691,6.0,1.0,1.0,0.0,0.0
636.0,add_rz,74.63912553894498,126.0,3.0,74.6427607354691,6.0,1.0,0.0,1.0,0.0
637.0,delete,74.62219738450169,126.0,3.0,74.6427607354691,5.0,1.0,0.0,0.0,0.0
638.0,swap,74.67207742345887,126.0,3.0,74.6427607354691,5.0,2.0,0.0,0.0,0.0
639.0,delete,74.64494185732738,127.0,2.0,74.66317911844207,6.0,0.0,0.0,0.0,0.0
640.0,add_cx,74.64494185732738,128.0,3.0,74.64494185732738,6.0,0.0,0.0,0.0,1.0
641.0,add_rx,74.64494185732737,128.0,3.0,74.64494185732738,6.0,1.0,0.0,0.0,0.0
642.0,add_ry,74.63465934648823,128.0,3.0,74.64494185732738,6.0,0.0,1.0,0.0,0.0
643.0,add_rz,74.66594262851042,128.0,3.0,74.64494185732738,6.0,0.0,0.0,1.0,0.0
644.0,delete,74.58324984723382,128.0,3.0,74.64494185732738,5.0,0.0,0.0,0.0,0.0
645.0,swap,74.61257918366738,128.0,3.0,74.64494185732738,5.0,0.0,0.0,1.0,0.0
646.0,swap,74.53481600060552,129.0,2.0,74.63741721734576,6.0,1.0,0.0,0.0,0.0
647.0,swap,74.55581492717995,130.0,3.0,74.53481600060552,6.0,1.0,0.0,0.0,0.0
648.0,add_cx,74.52714081510773,130.0,3.0,74.53481600060552,6.0,1.0,0.0,0.0,1.0
649.0,add_rx,74.5348160006055,130.0,3.0,74.53481600060552,6.0,2.0,0.0,0.0,0.0
650.0,add_ry,74.4514731078424,130.0,3.0,74.53481600060552,6.0,1.0,1.0,0.0,0.0
651.0,add_rz,74.54633865786494,130.0,3.0,74.53481600060552,6.0,1.0,0.0,1.0,0.0
652.0,delete,74.64591230205919,130.0,3.0,74.53481600060552,5.0,1.0,0.0,0.0,0.0
653.0,swap,74.42162476276006,130.0,3.0,74.53481600060552,5.0,1.0,0.0,1.0,0.0
654.0,add_cx,74.62153148769832,131.0,3.0,74.62153148769832,7.0,0.0,0.0,0.0,2.0
655.0,add_rx,74.62153148769832,131.0,3.0,74.62153148769832,7.0,1.0,0.0,0.0,1.0
656.0,add_ry,74.63839359625,131.0,3.0,74.62153148769832,7.0,0.0,1.0,0.0,1.0
657.0,add_rz,74.62153148769832,131.0,3.0,74.62153148769832,7.0,0.0,0.0,1.0,1.0
658.0,delete,74.70619436858553,131.0,3.0,74.62153148769832,6.0,0.0,0.0,0.0,1.0
659.0,swap,74.64475614501129,131.0,3.0,74.62153148769832,6.0,0.0,1.0,0.0,1.0
660.0,delete,74.64711075281839,132.0,3.0,74.64784942488883,7.0,0.0,1.0,0.0,0.0
661.0,add_cx,74.64780028456376,132.0,3.0,74.64784942488883,7.0,0.0,1.0,0.0,1.0
662.0,add_rx,74.64784942488883,132.0,3.0,74.64784942488883,7.0,1.0,1.0,0.0,0.0
663.0,add_ry,74.61483022870102,132.0,3.0,74.64784942488883,7.0,0.0,2.0,0.0,0.0
664.0,add_rz,74.6649114129658,132.0,3.0,74.64784942488883,7.0,0.0,1.0,1.0,0.0
665.0,delete,74.72281346155869,132.0,3.0,74.64784942488883,6.0,0.0,1.0,0.0,0.0
666.0,swap,74.6927109076492,132.0,3.0,74.64784942488883,6.0,0.0,1.0,1.0,0.0
667.0,add_ry,74.60386323271314,133.0,3.0,74.60381252296558,8.0,0.0,1.0,0.0,0.0
668.0,add_cx,74.60331786663075,133.0,3.0,74.60381252296558,8.0,0.0,1.0,0.0,1.0
669.0,add_rx,74.56756532763285,133.0,3.0,74.60381252296558,8.0,1.0,1.0,0.0,0.0
670.0,add_ry,74.64080541185308,133.0,3.0,74.60381252296558,8.0,0.0,2.0,0.0,0.0
671.0,add_rz,74.59806330018567,133.0,3.0,74.60381252296558,8.0,0.0,1.0,1.0,0.0
672.0,delete,74.55590154701902,133.0,3.0,74.60381252296558,8.0,0.0,0.0,0.0,0.0
673.0,swap,74.5694917258474,133.0,3.0,74.60381252296558,7.0,1.0,1.0,0.0,0.0
674.0,add_cx,74.56795387548839,134.0,3.0,74.56795387548839,7.0,0.0,0.0,0.0,2.0
675.0,add_rx,74.56795387548836,134.0,3.0,74.56795387548839,7.0,1.0,0.0,0.0,1.0
676.0,add_ry,74.70193781479243,134.0,3.0,74.56795387548839,7.0,0.0,1.0,0.0,1.0
677.0,add_rz,74.61149304051794,134.0,3.0,74.56795387548839,7.0,0.0,0.0,1.0,1.0
678.0,delete,74.6444129370013,134.0,3.0,74.56795387548839,6.0,0.0,0.0,0.0,1.0
679.0,swap,74.57922355224056,134.0,3.0,74.56795387548839,7.0,0.0,0.0,0.0,1.0
680.0,delete,74.62234247519807,135.0,3.0,74.62234247519805,7.0,1.0,0.0,0.0,0.0
681.0,add_cx,74.62234247519805,135.0,3.0,74.62234247519805,7.0,1.0,0.0,0.0,1.0
682.0,add_rx,74.60727070777642,135.0,3.0,74.62234247519805,7.0,2.0,0.0,0.0,0.0
683.0,add_ry,74.58624279678337,135.0,3.0,74.62234247519805,7.0,1.0,1.0,0.0,0.0
684.0,add_rz,74.62233905181486,135.0,3.0,74.62234247519805,7.0,1.0,0.0,1.0,0.0
685.0,delete,74.69520564932562,135.0,3.0,74.62234247519805,6.0,1.0,0.0,0.0,0.0
686.0,swap,74.44448781867595,135.0,3.0,74.62234247519805,6.0,1.0,0.0,0.0,1.0
687.0,delete,74.59137382723983,136.0,3.0,74.59278010595445,7.0,0.0,0.0,1.0,0.0
688.0,add_cx,74.59278010595445,136.0,3.0,74.59278010595445,7.0,0.0,0.0,1.0,1.0
689.0,add_rx,74.59278010595445,136.0,3.0,74.59278010595445,7.0,1.0,0.0,1.0,0.0
690.0,add_ry,74.47915424072926,136.0,3.0,74.59278010595445,7.0,0.0,1.0,1.0,0.0
691.0,add_rz,74.57871559756285,136.0,3.0,74.59278010595445,7.0,0.0,0.0,2.0,0.0
692.0,delete,74.65642499256568,136.0,3.0,74.59278010595445,6.0,0.0,0.0,1.0,0.0
693.0,swap,74.50542741441167,136.0,3.0,74.59278010595445,6.0,1.0,0.0,1.0,0.0
694.0,add_cx,74.55590154701902,137.0,1.0,74.58676486262883,8.0,0.0,0.0,0.0,1.0
695.0,swap,74.70923922643358,138.0,3.0,74.69042076583753,7.0,0.0,1.0,1.0,0.0
696.0,add_cx,74.69042076583753,138.0,3.0,74.69042076583753,7.0,0.0,1.0,1.0,1.0
697.0,add_rx,74.69042076583754,138.0,3.0,74.69042076583753,7.0,1.0,1.0,1.0,0.0
698.0,add_ry,74.7381996810733,138.0,3.0,74.69042076583753,7.0,0.0,2.0,1.0,0.0
699.0,add_rz,74.69042076583753,138.0,3.0,74.69042076583753,7.0,0.0,1.0,2.0,0.0
700.0,delete,74.62027420950731,138.0,3.0,74.69042076583753,7.0,0.0,0.0,1.0,0.0
701.0,swap,74.5826056390104,138.0,3.0,74.69042076583753,6.0,1.0,1.0,1.0,0.0
702.0,add_ry,74.53563865230393,139.0,1.0,74.59567401133374,8.0,0.0,1.0,0.0,0.0
703.0,add_ry,74.54828737149441,140.0,2.0,74.53563865230393,8.0,0.0,1.0,0.0,0.0
704.0,add_cx,74.52498122154925,140.0,2.0,74.53563865230393,8.0,0.0,1.0,0.0,1.0
705.0,add_rx,74.53563865230393,140.0,2.0,74.53563865230393,8.0,1.0,1.0,0.0,0.0
706.0,add_ry,74.58526844246387,140.0,2.0,74.53563865230393,8.0,0.0,2.0,0.0,0.0
707.0,add_rz,74.45919659131353,140.0,2.0,74.53563865230393,8.0,0.0,1.0,1.0,0.0
708.0,delete,74.48474543463388,140.0,2.0,74.53563865230393,7.0,0.0,1.0,0.0,0.0
709.0,swap,74.67238309813338,140.0,2.0,74.53563865230393,7.0,0.0,1.0,1.0,0.0
710.0,add_cx,74.49605353349591,141.0,3.0,74.49807775686047,7.0,0.0,0.0,0.0,2.0
711.0,add_rx,74.49807775686043,141.0,3.0,74.49807775686047,7.0,1.0,0.0,0.0,1.0
712.0,add_ry,74.44858667407745,141.0,3.0,74.49807775686047,7.0,0.0,1.0,0.0,1.0
713.0,add_rz,74.49825311214013,141.0,3.0,74.49807775686047,7.0,0.0,0.0,1.0,1.0
714.0,delete,74.63114092273666,141.0,3.0,74.49807775686047,6.0,0.0,0.0,0.0,1.0
715.0,swap,74.66381301274407,141.0,3.0,74.49807775686047,6.0,1.0,0.0,0.0,1.0
716.0,add_cx,74.60234456348591,142.0,2.0,74.55590154701902,8.0,0.0,0.0,0.0,2.0
717.0,add_rx,74.55590154701902,142.0,2.0,74.55590154701902,8.0,1.0,0.0,0.0,1.0
718.0,add_ry,74.51941421437438,142.0,2.0,74.55590154701902,8.0,0.0,1.0,0.0,1.0
719.0,add_rz,74.54545978247927,142.0,2.0,74.55590154701902,8.0,0.0,0.0,1.0,1.0
720.0,delete,74.57922355224056,142.0,2.0,74.55590154701902,7.0,0.0,0.0,0.0,1.0
721.0,swap,74.52485871638959,142.0,2.0,74.55590154701902,7.0,0.0,1.0,0.0,1.0
722.0,delete,74.50231233450037,143.0,2.0,74.6481078862126,6.0,0.0,0.0,0.0,0.0
723.0,add_cx,74.50231233450037,144.0,3.0,74.50231233450037,6.0,0.0,0.0,0.0,1.0
724.0,add_rx,74.50231233450037,144.0,3.0,74.50231233450037,6.0,1.0,0.0,0.0,0.0
725.0,add_ry,74.54975184888241,144.0,3.0,74.50231233450037,6.0,0.0,1.0,0.0,0.0
726.0,add_rz,74.50241390766546,144.0,3.0,74.50231233450037,6.0,0.0,0.0,1.0,0.0
727.0,delete,74.72627947502461,144.0,3.0,74.50231233450037,5.0,0.0,0.0,0.0,0.0
728.0,swap,74.61237513054854,144.0,3.0,74.50231233450037,5.0,0.0,1.0,0.0,0.0
729.0,swap,74.54076886114983,145.0,3.0,74.54076886114979,7.0,0.0,0.0,1.0,0.0
730.0,add_cx,74.54279308451432,145.0,3.0,74.54076886114979,7.0,0.0,0.0,1.0,1.0
731.0,add_rx,74.54076886114979,145.0,3.0,74.54076886114979,7.0,1.0,0.0,1.0,0.0
732.0,add_ry,74.58795571701266,145.0,3.0,74.54076886114979,7.0,0.0,1.0,1.0,0.0
733.0,add_rz,74.54076886114979,145.0,3.0,74.54076886114979,7.0,0.0,0.0,2.0,0.0
734.0,delete,74.38736636893563,145.0,3.0,74.54076886114979,6.0,0.0,0.0,1.0,0.0
735.0,swap,74.61477108059691,145.0,3.0,74.54076886114979,6.0,0.0,1.0,1.0,0.0
736.0,add_cx,74.62027420950731,146.0,3.0,74.62027420950731,7.0,0.0,0.0,0.0,2.0
737.0,add_rx,74.62027420950731,146.0,3.0,74.62027420950731,7.0,1.0,0.0,0.0,1.0
738.0,add_ry,74.58071765641247,146.0,3.0,74.62027420950731,7.0,0.0,1.0,0.0,1.0
739.0,add_rz,74.60902395697428,146.0,3.0,74.62027420950731,7.0,0.0,0.0,1.0,1.0
740.0,delete,74.46459110340078,146.0,3.0,74.62027420950731,6.0,0.0,0.0,0.0,1.0
741.0,swap,74.65819739340834,146.0,3.0,74.62027420950731,6.0,0.0,1.0,0.0,1.0
742.0,add_cx,74.55590154701902,147.0,3.0,74.55590154701902,8.0,0.0,0.0,0.0,1.0
743.0,add_rx,74.55590154701902,147.0,3.0,74.55590154701902,8.0,1.0,0.0,0.0,0.0
744.0,add_ry,74.56769001727461,147.0,3.0,74.55590154701902,8.0,0.0,1.0,0.0,0.0
745.0,add_rz,74.55087041444678,147.0,3.0,74.55590154701902,8.0,0.0,0.0,1.0,0.0
746.0,delete,74.62027420950731,147.0,3.0,74.55590154701902,7.0,0.0,0.0,0.0,0.0
747.0,swap,74.62027420950731,147.0,3.0,74.55590154701902,7.0,0.0,0.0,1.0,0.0
748.0,swap,74.60315033934549,148.0,2.0,74.66070127609736,6.0,0.0,1.0,0.0,0.0
749.0,swap,74.60792935808146,149.0,3.0,74.60315033934549,6.0,0.0,1.0,0.0,0.0
750.0,add_cx,74.60315033934549,149.0,3.0,74.60315033934549,6.0,0.0,1.0,0.0,1.0
751.0,add_rx,74.60315033934548,149.0,3.0,74.60315033934549,6.0,1.0,1.0,0.0,0.0
752.0,add_ry,74.68910027707072,149.0,3.0,74.60315033934549,6.0,0.0,2.0,0.0,0.0
753.0,add_rz,74.60315033934548,149.0,3.0,74.60315033934549,6.0,0.0,1.0,1.0,0.0
754.0,delete,74.64482884730897,149.0,3.0,74.60315033934549,5.0,0.0,1.0,0.0,0.0
755.0,swap,74.57303885785754,149.0,3.0,74.60315033934549,5.0,1.0,1.0,0.0,0.0
756.0,add_cx,74.60651697401987,150.0,4.0,74.60651697401987,5.0,0.0,0.0,0.0,1.0
757.0,add_rx,74.61768116551323,150.0,4.0,74.60651697401987,5.0,1.0,0.0,0.0,0.0
758.0,add_ry,74.64857983425793,150.0,4.0,74.60651697401987,5.0,0.0,1.0,0.0,0.0
759.0,add_rz,74.59648022162379,150.0,4.0,74.60651697401987,5.0,0.0,0.0,1.0,0.0
760.0,delete,74.47182982210562,150.0,4.0,74.60651697401987,4.0,0.0,0.0,0.0,0.0
761.0,swap,74.29668541718532,150.0,4.0,74.60651697401987,4.0,0.0,0.0,0.0,1.0
762.0,swap,74.68143916614176,151.0,3.0,74.68072080987302,7.0,0.0,1.0,1.0,0.0
763.0,add_cx,74.68072080987302,151.0,3.0,74.68072080987302,7.0,0.0,1.0,1.0,1.0
764.0,add_rx,74.68072080987302,151.0,3.0,74.68072080987302,7.0,1.0,1.0,1.0,0.0
765.0,add_ry,74.66733415372215,151.0,3.0,74.68072080987302,7.0,0.0,2.0,1.0,0.0
766.0,add_rz,74.68034760942781,151.0,3.0,74.68072080987302,7.0,0.0,1.0,2.0,0.0
767.0,delete,74.65483172965756,151.0,3.0,74.68072080987302,6.0,0.0,1.0,1.0,0.0
768.0,swap,74.60892988548287,151.0,3.0,74.68072080987302,7.0,0.0,0.0,2.0,0.0
769.0,add_rz,74.54296892772219,152.0,1.0,74.58436052751625,8.0,0.0,0.0,1.0,0.0
770.0,add_rz,74.54302346661498,153.0,2.0,74.54296892772219,8.0,0.0,0.0,1.0,0.0
771.0,add_cx,74.53337801225182,153.0,2.0,74.54296892772219,8.0,0.0,0.0,1.0,1.0
772.0,add_rx,74.53920113769655,153.0,2.0,74.54296892772219,8.0,1.0,0.0,1.0,0.0
773.0,add_ry,74.50660688036923,153.0,2.0,74.54296892772219,8.0,0.0,1.0,1.0,0.0
774.0,add_rz,74.52303043200763,153.0,2.0,74.54296892772219,8.0,0.0,0.0,2.0,0.0
775.0,delete,74.60863040407273,153.0,2.0,74.54296892772219,7.0,0.0,0.0,1.0,0.0
776.0,swap,74.5010071098059,153.0,2.0,74.54296892772219,7.0,0.0,0.0,2.0,0.0
777.0,add_rx,74.57922355224056,154.0,3.0,74.57922355224056,7.0,1.0,0.0,0.0,0.0
778.0,add_cx,74.71783436204063,154.0,3.0,74.57922355224056,7.0,1.0,0.0,0.0,1.0
779.0,add_rx,74.57922355224056,154.0,3.0,74.57922355224056,7.0,2.0,0.0,0.0,0.0
780.0,add_ry,74.50656841048091,154.0,3.0,74.57922355224056,7.0,1.0,1.0,0.0,0.0
781.0,add_rz,74.6631381263584,154.0,3.0,74.57922355224056,7.0,1.0,0.0,1.0,0.0
782.0,delete,74.63342952765275,154.0,3.0,74.57922355224056,6.0,1.0,0.0,0.0,0.0
783.0,swap,74.60592683865953,154.0,3.0,74.57922355224056,6.0,1.0,0.0,1.0,0.0
784.0,swap,74.60486423077961,155.0,2.0,74.49099107689429,6.0,0.0,0.0,0.0,1.0
785.0,add_cx,74.60486423077961,156.0,3.0,74.60486423077961,6.0,0.0,0.0,0.0,2.0
786.0,add_rx,74.6048642307796,156.0,3.0,74.60486423077961,6.0,1.0,0.0,0.0,1.0
787.0,add_ry,74.57868598262452,156.0,3.0,74.60486423077961,6.0,0.0,1.0,0.0,1.0
788.0,add_rz,74.6048642307796,156.0,3.0,74.60486423077961,6.0,0.0,0.0,1.0,1.0
789.0,delete,74.54771829983758,156.0,3.0,74.60486423077961,5.0,0.0,0.0,0.0,1.0
790.0,swap,74.75006568192055,156.0,3.0,74.60486423077961,5.0,0.0,0.0,1.0,1.0
791.0,delete,74.69520564932562,157.0,2.0,74.55100564849404,6.0,0.0,0.0,0.0,0.0
792.0,add_cx,74.69520564932562,158.0,3.0,74.69520564932562,6.0,0.0,0.0,0.0,1.0
793.0,add_rx,74.37550998703666,158.0,3.0,74.69520564932562,6.0,1.0,0.0,0.0,0.0
794.0,add_ry,74.66492222713235,158.0,3.0,74.69520564932562,6.0,0.0,1.0,0.0,0.0
795.0,add_rz,74.695205580886,158.0,3.0,74.69520564932562,6.0,0.0,0.0,1.0,0.0
796.0,delete,74.72627947502461,158.0,3.0,74.69520564932562,5.0,0.0,0.0,0.0,0.0
797.0,swap,74.65810108530192,158.0,3.0,74.69520564932562,5.0,0.0,0.0,1.0,0.0
798.0,swap,74.75969143847642,159.0,4.0,74.7017600060429,5.0,0.0,1.0,0.0,0.0
799.0,add_cx,74.58053530977135,159.0,4.0,74.7017600060429,5.0,0.0,1.0,0.0,1.0
800.0,add_rx,74.66785637056451,159.0,4.0,74.7017600060429,5.0,1.0,1.0,0.0,0.0
801.0,add_ry,74.70542930628145,159.0,4.0,74.7017600060429,5.0,0.0,2.0,0.0,0.0
802.0,add_rz,74.70550391026003,159.0,4.0,74.7017600060429,5.0,0.0,1.0,1.0,0.0
803.0,delete,74.52411328743744,159.0,4.0,74.7017600060429,4.0,0.0,1.0,0.0,0.0
804.0,swap,74.73164501085496,159.0,4.0,74.7017600060429,4.0,0.0,1.0,1.0,0.0
805.0,swap,74.39117341243687,160.0,2.0,74.58232964454946,6.0,0.0,0.0,1.0,0.0
806.0,delete,74.64505859171956,161.0,4.0,74.64482884730897,5.0,0.0,1.0,0.0,0.0
807.0,add_cx,74.64482884730897,161.0,4.0,74.64482884730897,5.0,0.0,1.0,0.0,1.0
808.0,add_rx,74.64482884730897,161.0,4.0,74.64482884730897,5.0,1.0,1.0,0.0,0.0
809.0,add_ry,74.58647891175808,161.0,4.0,74.64482884730897,5.0,0.0,2.0,0.0,0.0
810.0,add_rz,74.66624219103515,161.0,4.0,74.64482884730897,5.0,0.0,1.0,1.0,0.0
811.0,delete,74.56982251919051,161.0,4.0,74.64482884730897,4.0,0.0,1.0,0.0,0.0
812.0,swap,74.65252724484425,161.0,4.0,74.64482884730897,4.0,0.0,2.0,0.0,0.0
813.0,add_ry,74.53202108550842,162.0,3.0,74.53621337475109,7.0,0.0,1.0,0.0,0.0
814.0,add_cx,74.53621337475109,162.0,3.0,74.53621337475109,7.0,0.0,1.0,0.0,1.0
815.0,add_rx,74.53621337475109,162.0,3.0,74.53621337475109,7.0,1.0,1.0,0.0,0.0
816.0,add_ry,74.49401945134171,162.0,3.0,74.53621337475109,7.0,0.0,2.0,0.0,0.0
817.0,add_rz,74.53259941609002,162.0,3.0,74.53621337475109,7.0,0.0,1.0,1.0,0.0
818.0,delete,74.67637620112927,162.0,3.0,74.53621337475109,6.0,0.0,1.0,0.0,0.0
819.0,swap,74.45707997731695,162.0,3.0,74.53621337475109,6.0,0.0,2.0,0.0,0.0
820.0,add_cx,74.57922355224056,163.0,3.0,74.57922355224056,7.0,0.0,0.0,0.0,2.0
821.0,add_rx,74.57922355224058,163.0,3.0,74.57922355224056,7.0,1.0,0.0,0.0,1.0
822.0,add_ry,74.60293982207551,163.0,3.0,74.57922355224056,7.0,0.0,1.0,0.0,1.0
823.0,add_rz,74.52884407653457,163.0,3.0,74.57922355224056,7.0,0.0,0.0,1.0,1.0
824.0,delete,74.46459110340078,163.0,3.0,74.57922355224056,6.0,0.0,0.0,0.0,1.0
825.0,swap,74.44448781867592,163.0,3.0,74.57922355224056,6.0,0.0,0.0,1.0,1.0
826.0,add_cx,74.65399045576501,164.0,4.0,74.65399045576501,5.0,0.0,0.0,0.0,1.0
827.0,add_rx,74.65636707922987,164.0,4.0,74.65399045576501,5.0,1.0,0.0,0.0,0.0
828.0,add_ry,74.67898610010973,164.0,4.0,74.65399045576501,5.0,0.0,1.0,0.0,0.0
829.0,add_rz,74.65399045576501,164.0,4.0,74.65399045576501,5.0,0.0,0.0,1.0,0.0
830.0,delete,74.71192933587174,164.0,4.0,74.65399045576501,4.0,0.0,0.0,0.0,0.0
831.0,swap,74.56849713564822,164.0,4.0,74.65399045576501,4.0,0.0,1.0,0.0,0.0
832.0,swap,74.46841073917928,165.0,2.0,74.57976457116705,6.0,0.0,0.0,0.0,1.0
833.0,add_ry,74.75018972509825,166.0,2.0,74.65821173513537,7.0,0.0,1.0,0.0,0.0
834.0,add_ry,74.75072632176011,167.0,3.0,74.75018972509825,7.0,0.0,1.0,0.0,0.0
835.0,add_cx,74.75018972509825,167.0,3.0,74.75018972509825,7.0,0.0,1.0,0.0,1.0
836.0,add_rx,74.75018972509828,167.0,3.0,74.75018972509825,7.0,1.0,1.0,0.0,0.0
837.0,add_ry,74.69501720916197,167.0,3.0,74.75018972509825,7.0,0.0,2.0,0.0,0.0
838.0,add_rz,74.74731976863183,167.0,3.0,74.75018972509825,7.0,0.0,1.0,1.0,0.0
839.0,delete,74.70475407561841,167.0,3.0,74.75018972509825,6.0,0.0,1.0,0.0,0.0
840.0,swap,74.69334829409786,167.0,3.0,74.75018972509825,6.0,0.0,1.0,0.0,1.0
841.0,add_rx,74.62027420950734,168.0,2.0,74.63852728332918,7.0,1.0,0.0,0.0,0.0
842.0,add_rx,74.62027420950731,169.0,3.0,74.62027420950734,7.0,1.0,0.0,0.0,0.0
843.0,add_cx,74.67029289524328,169.0,3.0,74.62027420950734,7.0,1.0,0.0,0.0,1.0
844.0,add_rx,74.62027420950736,169.0,3.0,74.62027420950734,7.0,2.0,0.0,0.0,0.0
845.0,add_ry,74.566224667165,169.0,3.0,74.62027420950734,7.0,1.0,1.0,0.0,0.0
846.0,add_rz,74.62027420950733,169.0,3.0,74.62027420950734,7.0,1.0,0.0,1.0,0.0
847.0,delete,74.68854868443461,169.0,3.0,74.62027420950734,6.0,1.0,0.0,0.0,0.0
848.0,swap,74.58160468742408,169.0,3.0,74.62027420950734,6.0,1.0,1.0,0.0,0.0
849.0,swap,74.62376864251212,170.0,4.0,74.62376864251212,5.0,0.0,0.0,1.0,0.0
850.0,add_cx,74.31389914307096,170.0,4.0,74.62376864251212,5.0,0.0,0.0,1.0,1.0
851.0,add_rx,74.62376864251213,170.0,4.0,74.62376864251212,5.0,1.0,0.0,1.0,0.0
852.0,add_ry,74.64204669302896,170.0,4.0,74.62376864251212,5.0,0.0,1.0,1.0,0.0
853.0,add_rz,74.62376864251213,170.0,4.0,74.62376864251212,5.0,0.0,0.0,2.0,0.0
854.0,delete,74.63872539913534,170.0,4.0,74.62376864251212,4.0,0.0,0.0,1.0,0.0
855.0,swap,74.67204718970906,170.0,4.0,74.62376864251212,4.0,0.0,0.0,1.0,1.0
856.0,swap,74.6125791836674,171.0,4.0,74.61257918366738,5.0,0.0,0.0,1.0,0.0
857.0,add_cx,74.61257918366738,171.0,4.0,74.61257918366738,5.0,0.0,0.0,1.0,1.0
858.0,add_rx,74.61257918366738,171.0,4.0,74.61257918366738,5.0,1.0,0.0,1.0,0.0
859.0,add_ry,74.5589923519612,171.0,4.0,74.61257918366738,5.0,0.0,1.0,1.0,0.0
860.0,add_rz,74.60745018791188,171.0,4.0,74.61257918366738,5.0,0.0,0.0,2.0,0.0
861.0,delete,74.61825001055863,171.0,4.0,74.61257918366738,4.0,0.0,0.0,1.0,0.0
862.0,swap,74.60561853876658,171.0,4.0,74.61257918366738,4.0,0.0,1.0,1.0,0.0
863.0,swap,74.62659654819203,172.0,4.0,74.62479283219072,6.0,0.0,1.0,0.0,0.0
864.0,add_cx,74.62479283219075,172.0,4.0,74.62479283219072,6.0,0.0,1.0,0.0,1.0
865.0,add_rx,74.62479283219072,172.0,4.0,74.62479283219072,6.0,1.0,1.0,0.0,0.0
866.0,add_ry,74.3881690973445,172.0,4.0,74.62479283219072,6.0,0.0,2.0,0.0,0.0
867.0,add_rz,74.6246171932947,172.0,4.0,74.62479283219072,6.0,0.0,1.0,1.0,0.0
868.0,delete,74.60078744587337,172.0,4.0,74.62479283219072,5.0,0.0,1.0,0.0,0.0
869.0,swap,74.57951066795503,172.0,4.0,74.62479283219072,5.0,0.0,1.0,1.0,0.0
870.0,swap,74.4689196895093,173.0,3.0,74.46891968950929,6.0,0.0,1.0,1.0,0.0
871.0,add_cx,74.45972942352047,173.0,3.0,74.46891968950929,6.0,0.0,1.0,1.0,1.0
872.0,add_rx,74.46891968950932,173.0,3.0,74.46891968950929,6.0,1.0,1.0,1.0,0.0
873.0,add_ry,74.31765518005271,173.0,3.0,74.46891968950929,6.0,0.0,2.0,1.0,0.0
874.0,add_rz,74.48486858691298,173.0,3.0,74.46891968950929,6.0,0.0,1.0,2.0,0.0
875.0,delete,74.39864635262859,173.0,3.0,74.46891968950929,5.0,0.0,1.0,1.0,0.0
876.0,swap,74.60920540570163,173.0,3.0,74.46891968950929,5.0,1.0,1.0,1.0,0.0
877.0,add_rz,74.62159132644753,174.0,2.0,74.63741535234581,7.0,0.0,0.0,1.0,0.0
878.0,add_cx,74.58364287325185,175.0,4.0,74.72627947502461,5.0,0.0,0.0,0.0,1.0
879.0,add_rx,74.7262794750246,175.0,4.0,74.72627947502461,5.0,1.0,0.0,0.0,0.0
880.0,add_ry,74.69101375955807,175.0,4.0,74.72627947502461,5.0,0.0,1.0,0.0,0.0
881.0,add_rz,74.72627947502463,175.0,4.0,74.72627947502461,5.0,0.0,0.0,1.0,0.0
882.0,delete,74.49071076297918,175.0,4.0,74.72627947502461,4.0,0.0,0.0,0.0,0.0
883.0,swap,74.68474653321948,175.0,4.0,74.72627947502461,4.0,0.0,0.0,0.0,1.0
884.0,delete,74.63342952765278,176.0,2.0,74.47158570145491,6.0,0.0,0.0,0.0,0.0
885.0,add_ry,74.5717719602495,177.0,2.0,74.62770520254077,7.0,0.0,1.0,0.0,0.0
886.0,add_cx,74.62433660866222,178.0,3.0,74.63342952765278,6.0,0.0,0.0,0.0,1.0
887.0,add_rx,74.63342952765275,178.0,3.0,74.63342952765278,6.0,1.0,0.0,0.0,0.0
888.0,add_ry,74.63039861811211,178.0,3.0,74.63342952765278,6.0,0.0,1.0,0.0,0.0
889.0,add_rz,74.69677765716375,178.0,3.0,74.63342952765278,6.0,0.0,0.0,1.0,0.0
890.0,delete,74.60651697401987,178.0,3.0,74.63342952765278,5.0,0.0,0.0,0.0,0.0
891.0,swap,74.60651697401985,178.0,3.0,74.63342952765278,5.0,1.0,0.0,0.0,0.0
892.0,add_rz,74.62155021078284,179.0,3.0,74.62159132644753,7.0,0.0,0.0,1.0,0.0
893.0,add_cx,74.62159132644753,179.0,3.0,74.62159132644753,7.0,0.0,0.0,1.0,1.0
894.0,add_rx,74.62159132644753,179.0,3.0,74.62159132644753,7.0,1.0,0.0,1.0,0.0
895.0,add_ry,74.60921440537065,179.0,3.0,74.62159132644753,7.0,0.0,1.0,1.0,0.0
896.0,add_rz,74.62159132644753,179.0,3.0,74.62159132644753,7.0,0.0,0.0,2.0,0.0
897.0,delete,74.5295070484891,179.0,3.0,74.62159132644753,6.0,0.0,0.0,1.0,0.0
898.0,swap,74.70580093413554,179.0,3.0,74.62159132644753,6.0,0.0,0.0,1.0,1.0
899.0,swap,74.76574226844777,180.0,2.0,74.54825703351038,6.0,0.0,0.0,0.0,1.0
900.0,add_cx,74.76574226844777,181.0,3.0,74.76574226844777,6.0,0.0,0.0,0.0,2.0
901.0,add_rx,74.52667633196668,181.0,3.0,74.76574226844777,6.0,1.0,0.0,0.0,1.0
902.0,add_ry,74.45691782359705,181.0,3.0,74.76574226844777,6.0,0.0,1.0,0.0,1.0
903.0,add_rz,74.76574226844777,181.0,3.0,74.76574226844777,6.0,0.0,0.0,1.0,1.0
904.0,delete,74.71233760452718,181.0,3.0,74.76574226844777,5.0,0.0,0.0,0.0,1.0
905.0,swap,74.75656022014982,181.0,3.0,74.76574226844777,5.0,0.0,1.0,0.0,1.0
906.0,swap,74.75697634584387,182.0,4.0,74.75656022014982,5.0,0.0,1.0,0.0,1.0
907.0,add_cx,74.75656022014982,182.0,4.0,74.75656022014982,5.0,0.0,1.0,0.0,2.0
908.0,add_rx,74.23046623472044,182.0,4.0,74.75656022014982,5.0,1.0,1.0,0.0,1.0
909.0,add_ry,74.21716195721105,182.0,4.0,74.75656022014982,5.0,0.0,2.0,0.0,1.0
910.0,add_rz,74.75635975814528,182.0,4.0,74.75656022014982,5.0,0.0,1.0,1.0,1.0
911.0,delete,74.88448198898567,182.0,4.0,74.75656022014982,4.0,0.0,1.0,0.0,1.0
912.0,swap,74.66489096130755,182.0,4.0,74.75656022014982,4.0,0.0,1.0,1.0,1.0
913.0,add_cx,74.7739619338414,183.0,3.0,74.46841073917928,6.0,0.0,0.0,0.0,2.0
914.0,add_rx,74.47516442720531,183.0,3.0,74.46841073917928,6.0,1.0,0.0,0.0,1.0
915.0,add_ry,74.69690672281699,183.0,3.0,74.46841073917928,6.0,0.0,1.0,0.0,1.0
916.0,add_rz,74.46841073917928,183.0,3.0,74.46841073917928,6.0,0.0,0.0,1.0,1.0
917.0,delete,74.56874366169167,183.0,3.0,74.46841073917928,5.0,0.0,0.0,0.0,1.0
918.0,swap,74.46841073917925,183.0,3.0,74.46841073917928,6.0,1.0,0.0,0.0,0.0
919.0,add_ry,74.63463750789934,184.0,3.0,74.67330038808772,7.0,0.0,1.0,0.0,0.0
920.0,add_cx,74.67330038808772,184.0,3.0,74.67330038808772,7.0,0.0,1.0,0.0,1.0
921.0,add_rx,74.67330038808771,184.0,3.0,74.67330038808772,7.0,1.0,1.0,0.0,0.0
922.0,add_ry,74.57592331797484,184.0,3.0,74.67330038808772,7.0,0.0,2.0,0.0,0.0
923.0,add_rz,74.67242117532663,184.0,3.0,74.67330038808772,7.0,0.0,1.0,1.0,0.0
924.0,delete,74.53988496986294,184.0,3.0,74.67330038808772,7.0,0.0,0.0,0.0,0.0
925.0,swap,74.49448322428603,184.0,3.0,74.67330038808772,6.0,0.0,1.0,0.0,1.0
926.0,add_rx,74.49605353349591,185.0,3.0,74.49605353349591,7.0,1.0,0.0,0.0,0.0
927.0,add_cx,74.49605353349591,185.0,3.0,74.49605353349591,7.0,1.0,0.0,0.0,1.0
928.0,add_rx,74.49605353349591,185.0,3.0,74.49605353349591,7.0,2.0,0.0,0.0,0.0
929.0,add_ry,74.42128973982398,185.0,3.0,74.49605353349591,7.0,1.0,1.0,0.0,0.0
930.0,add_rz,74.55698375561363,185.0,3.0,74.49605353349591,7.0,1.0,0.0,1.0,0.0
931.0,delete,74.64494185732737,185.0,3.0,74.49605353349591,6.0,1.0,0.0,0.0,0.0
932.0,swap,74.54551782526583,185.0,3.0,74.49605353349591,6.0,1.0,0.0,1.0,0.0
933.0,add_rx,74.55590154701902,186.0,3.0,74.55590154701902,8.0,1.0,0.0,0.0,0.0
934.0,add_cx,74.54609523151875,186.0,3.0,74.55590154701902,8.0,1.0,0.0,0.0,1.0
935.0,add_rx,74.555901547019,186.0,3.0,74.55590154701902,8.0,2.0,0.0,0.0,0.0
936.0,add_ry,74.55746759816667,186.0,3.0,74.55590154701902,8.0,1.0,1.0,0.0,0.0
937.0,add_rz,74.5536568009448,186.0,3.0,74.55590154701902,8.0,1.0,0.0,1.0,0.0
938.0,delete,74.63416553902074,186.0,3.0,74.55590154701902,7.0,1.0,0.0,0.0,0.0
939.0,swap,74.73596687341065,186.0,3.0,74.55590154701902,7.0,1.0,1.0,0.0,0.0
940.0,add_rz,74.54334891594358,187.0,3.0,74.54828040128261,7.0,0.0,0.0,1.0,0.0
941.0,add_cx,74.5475959517419,187.0,3.0,74.54828040128261,7.0,0.0,0.0,1.0,1.0
942.0,add_rx,74.5482804012826,187.0,3.0,74.54828040128261,7.0,1.0,0.0,1.0,0.0
943.0,add_ry,74.55492819715312,187.0,3.0,74.54828040128261,7.0,0.0,1.0,1.0,0.0
944.0,add_rz,74.54008357288268,187.0,3.0,74.54828040128261,7.0,0.0,0.0,2.0,0.0
945.0,delete,74.50443410939224,187.0,3.0,74.54828040128261,6.0,0.0,0.0,1.0,0.0
946.0,swap,74.70635107116068,187.0,3.0,74.54828040128261,6.0,1.0,0.0,1.0,0.0
947.0,swap,74.67238309813338,188.0,3.0,74.67238309813338,7.0,0.0,1.0,1.0,0.0
948.0,add_cx,74.67238309813338,188.0,3.0,74.67238309813338,7.0,0.0,1.0,1.0,1.0
949.0,add_rx,74.67238309813337,188.0,3.0,74.67238309813338,7.0,1.0,1.0,1.0,0.0
950.0,add_ry,74.64057989887101,188.0,3.0,74.67238309813338,7.0,0.0,2.0,1.0,0.0
951.0,add_rz,74.67548084499266,188.0,3.0,74.67238309813338,7.0,0.0,1.0,2.0,0.0
952.0,delete,74.65176942917762,188.0,3.0,74.67238309813338,6.0,0.0,1.0,1.0,0.0
953.0,swap,74.65342984108207,188.0,3.0,74.67238309813338,6.0,1.0,1.0,1.0,0.0
954.0,delete,74.67903814500745,189.0,3.0,74.67614940292908,7.0,0.0,1.0,0.0,0.0
955.0,add_cx,74.67614940292908,189.0,3.0,74.67614940292908,7.0,0.0,1.0,0.0,1.0
956.0,add_rx,74.67614940292908,189.0,3.0,74.67614940292908,7.0,1.0,1.0,0.0,0.0
957.0,add_ry,74.62476576775691,189.0,3.0,74.67614940292908,7.0,0.0,2.0,0.0,0.0
958.0,add_rz,74.67514957629226,189.0,3.0,74.67614940292908,7.0,0.0,1.0,1.0,0.0
959.0,delete,74.63416553902071,189.0,3.0,74.67614940292908,7.0,0.0,0.0,0.0,0.0
960.0,swap,74.63734920933172,189.0,3.0,74.67614940292908,6.0,0.0,2.0,0.0,0.0
961.0,delete,74.52871873720508,190.0,3.0,74.5246832121665,7.0,0.0,1.0,0.0,0.0
962.0,add_cx,74.5246832121665,190.0,3.0,74.5246832121665,7.0,0.0,1.0,0.0,1.0
963.0,add_rx,74.5246832121665,190.0,3.0,74.5246832121665,7.0,1.0,1.0,0.0,0.0
964.0,add_ry,74.5542708194331,190.0,3.0,74.5246832121665,7.0,0.0,2.0,0.0,0.0
965.0,add_rz,74.53415999785008,190.0,3.0,74.5246832121665,7.0,0.0,1.0,1.0,0.0
966.0,delete,74.74568956397847,190.0,3.0,74.5246832121665,6.0,0.0,1.0,0.0,0.0
967.0,swap,74.34103119123678,190.0,3.0,74.5246832121665,6.0,0.0,2.0,0.0,0.0
968.0,add_rx,74.55590154701902,191.0,1.0,74.5687022908488,8.0,1.0,0.0,0.0,0.0
969.0,add_rx,74.55590154701902,192.0,2.0,74.55590154701902,8.0,1.0,0.0,0.0,0.0
970.0,add_cx,74.55590154701902,192.0,2.0,74.55590154701902,8.0,1.0,0.0,0.0,1.0
971.0,add_rx,74.55590154701902,192.0,2.0,74.55590154701902,8.0,2.0,0.0,0.0,0.0
972.0,add_ry,74.48214667071159,192.0,2.0,74.55590154701902,8.0,1.0,1.0,0.0,0.0
973.0,add_rz,74.49994809672494,192.0,2.0,74.55590154701902,8.0,1.0,0.0,1.0,0.0
974.0,delete,74.53988496986294,192.0,2.0,74.55590154701902,7.0,1.0,0.0,0.0,0.0
975.0,swap,74.55590154701902,192.0,2.0,74.55590154701902,8.0,1.0,0.0,0.0,0.0
976.0,swap,74.74923785422767,193.0,4.0,74.75650939438445,5.0,0.0,1.0,0.0,0.0
977.0,add_cx,74.75650939438445,193.0,4.0,74.75650939438445,5.0,0.0,1.0,0.0,1.0
978.0,add_rx,74.75650939438448,193.0,4.0,74.75650939438445,5.0,1.0,1.0,0.0,0.0
979.0,add_ry,74.76464956678574,193.0,4.0,74.75650939438445,5.0,0.0,2.0,0.0,0.0
980.0,add_rz,74.70445285736285,193.0,4.0,74.75650939438445,5.0,0.0,1.0,1.0,0.0
981.0,delete,74.65653394482554,193.0,4.0,74.75650939438445,5.0,0.0,0.0,0.0,0.0
982.0,swap,74.6813572280905,193.0,4.0,74.75650939438445,4.0,0.0,2.0,0.0,0.0
983.0,add_cx,74.60894252470644,194.0,4.0,74.60894252470644,5.0,0.0,0.0,0.0,1.0
984.0,add_rx,74.6089425247064,194.0,4.0,74.60894252470644,5.0,1.0,0.0,0.0,0.0
985.0,add_ry,74.65164070315845,194.0,4.0,74.60894252470644,5.0,0.0,1.0,0.0,0.0
986.0,add_rz,74.62543144880205,194.0,4.0,74.60894252470644,5.0,0.0,0.0,1.0,0.0
987.0,delete,74.37632307692178,194.0,4.0,74.60894252470644,4.0,0.0,0.0,0.0,0.0
988.0,swap,74.42818067785969,194.0,4.0,74.60894252470644,4.0,1.0,0.0,0.0,0.0
989.0,add_rx,74.54076886114979,195.0,3.0,74.54076886114981,7.0,1.0,0.0,0.0,0.0
990.0,add_cx,74.54076886114981,195.0,3.0,74.54076886114981,7.0,1.0,0.0,0.0,1.0
991.0,add_rx,74.54076886114981,195.0,3.0,74.54076886114981,7.0,2.0,0.0,0.0,0.0
992.0,add_ry,74.60777171877824,195.0,3.0,74.54076886114981,7.0,1.0,1.0,0.0,0.0
993.0,add_rz,74.5414615502877,195.0,3.0,74.54076886114981,7.0,1.0,0.0,1.0,0.0
994.0,delete,74.6769117951721,195.0,3.0,74.54076886114981,6.0,1.0,0.0,0.0,0.0
995.0,swap,74.67691179517209,195.0,3.0,74.54076886114981,6.0,1.0,0.0,1.0,0.0
996.0,add_rz,74.61461536343299,196.0,2.0,74.61674032789426,7.0,0.0,0.0,1.0,0.0
997.0,add_cx,74.62027420950731,197.0,2.0,74.59619324838825,7.0,0.0,0.0,0.0,1.0
998.0,delete,74.67560497072995,198.0,2.0,74.65142081156569,6.0,0.0,0.0,0.0,0.0
999.0,add_cx,74.67560497072995,199.0,3.0,74.67560497072995,6.0,0.0,0.0,0.0,1.0
1000.0,add_rx,74.67560497072994,199.0,3.0,74.67560497072995,6.0,1.0,0.0,0.0,0.0
1001.0,add_ry,74.7272637223281,199.0,3.0,74.67560497072995,6.0,0.0,1.0,0.0,0.0
1002.0,add_rz,74.6856316873037,199.0,3.0,74.67560497072995,6.0,0.0,0.0,1.0,0.0
1003.0,delete,74.71212229150537,199.0,3.0,74.67560497072995,5.0,0.0,0.0,0.0,0.0
1004.0,swap,74.65552739295674,199.0,3.0,74.67560497072995,5.0,1.0,0.0,0.0,0.0
1005.0,add_cx,74.71212229150537,200.0,4.0,74.71212229150537,5.0,0.0,0.0,0.0,1.0
1006.0,add_rx,74.68483287595025,200.0,4.0,74.71212229150537,5.0,1.0,0.0,0.0,0.0
1007.0,add_ry,74.6625360341033,200.0,4.0,74.71212229150537,5.0,0.0,1.0,0.0,0.0
1008.0,add_rz,74.68998933813845,200.0,4.0,74.71212229150537,5.0,0.0,0.0,1.0,0.0
1009.0,delete,74.76153708585959,200.0,4.0,74.71212229150537,4.0,0.0,0.0,0.0,0.0
1010.0,swap,74.92561204912018,200.0,4.0,74.71212229150537,4.0,0.0,0.0,0.0,1.0
1011.0,swap,74.65552739295671,201.0,4.0,74.65552739295674,5.0,1.0,0.0,0.0,0.0
1012.0,add_cx,74.65552739295674,201.0,4.0,74.65552739295674,5.0,1.0,0.0,0.0,1.0
1013.0,add_rx,74.65552739295673,201.0,4.0,74.65552739295674,5.0,2.0,0.0,0.0,0.0
1014.0,add_ry,74.70156040596302,201.0,4.0,74.65552739295674,5.0,1.0,1.0,0.0,0.0
1015.0,add_rz,74.65552739295674,201.0,4.0,74.65552739295674,5.0,1.0,0.0,1.0,0.0
1016.0,delete,74.57120866004297,201.0,4.0,74.65552739295674,4.0,1.0,0.0,0.0,0.0
1017.0,swap,74.69586998572953,201.0,4.0,74.65552739295674,4.0,2.0,0.0,0.0,0.0
1018.0,delete,74.55316758757442,202.0,1.0,74.61184055040998,7.0,0.0,0.0,0.0,0.0
1019.0,add_cx,74.55316758757442,203.0,2.0,74.55316758757442,7.0,0.0,0.0,0.0,1.0
1020.0,add_rx,74.55316758757442,203.0,2.0,74.55316758757442,7.0,1.0,0.0,0.0,0.0
1021.0,add_ry,74.58149773005088,203.0,2.0,74.55316758757442,7.0,0.0,1.0,0.0,0.0
1022.0,add_rz,74.55029163086932,203.0,2.0,74.55316758757442,7.0,0.0,0.0,1.0,0.0
1023.0,delete,74.70086219795931,203.0,2.0,74.55316758757442,6.0,0.0,0.0,0.0,0.0
1024.0,swap,74.49128247019031,203.0,2.0,74.55316758757442,6.0,0.0,1.0,0.0,0.0
1025.0,add_cx,74.70086219795931,204.0,3.0,74.70086219795931,6.0,0.0,0.0,0.0,1.0
1026.0,add_rx,74.70086219795928,204.0,3.0,74.70086219795931,6.0,1.0,0.0,0.0,0.0
1027.0,add_ry,74.68712894245142,204.0,3.0,74.70086219795931,6.0,0.0,1.0,0.0,0.0
1028.0,add_rz,74.70615930295295,204.0,3.0,74.70086219795931,6.0,0.0,0.0,1.0,0.0
1029.0,delete,74.64348763633299,204.0,3.0,74.70086219795931,5.0,0.0,0.0,0.0,0.0
1030.0,swap,74.72964400568401,204.0,3.0,74.70086219795931,5.0,1.0,0.0,0.0,0.0
1031.0,swap,74.51183135247204,205.0,3.0,74.49128247019031,6.0,0.0,1.0,0.0,0.0
1032.0,add_cx,74.5138097718161,205.0,3.0,74.49128247019031,6.0,0.0,1.0,0.0,1.0
1033.0,add_rx,74.56206111438395,205.0,3.0,74.49128247019031,6.0,1.0,1.0,0.0,0.0
1034.0,add_ry,74.5153316652544,205.0,3.0,74.49128247019031,6.0,0.0,2.0,0.0,0.0
1035.0,add_rz,74.49128247019033,205.0,3.0,74.49128247019031,6.0,0.0,1.0,1.0,0.0
1036.0,delete,74.66683124494787,205.0,3.0,74.49128247019031,5.0,0.0,1.0,0.0,0.0
1037.0,swap,74.65298418755295,205.0,3.0,74.49128247019031,5.0,1.0,1.0,0.0,0.0
1038.0,delete,74.65642499256568,206.0,2.0,74.69557235447132,6.0,0.0,0.0,0.0,0.0
1039.0,add_cx,74.65642499256568,207.0,3.0,74.65642499256568,6.0,0.0,0.0,0.0,1.0
1040.0,add_rx,74.65642499256566,207.0,3.0,74.65642499256568,6.0,1.0,0.0,0.0,0.0
1041.0,add_ry,74.62775038493984,207.0,3.0,74.65642499256568,6.0,0.0,1.0,0.0,0.0
1042.0,add_rz,74.65634330432954,207.0,3.0,74.65642499256568,6.0,0.0,0.0,1.0,0.0
1043.0,delete,74.57479211943196,207.0,3.0,74.65642499256568,5.0,0.0,0.0,0.0,0.0
1044.0,swap,74.6303194344416,207.0,3.0,74.65642499256568,5.0,0.0,1.0,0.0,0.0
1045.0,add_ry,74.57279017799337,208.0,3.0,74.58149773005088,7.0,0.0,1.0,0.0,0.0
1046.0,add_cx,74.58149773005088,208.0,3.0,74.58149773005088,7.0,0.0,1.0,0.0,1.0
1047.0,add_rx,74.58149773005087,208.0,3.0,74.58149773005088,7.0,1.0,1.0,0.0,0.0
1048.0,add_ry,74.57748099639527,208.0,3.0,74.58149773005088,7.0,0.0,2.0,0.0,0.0
1049.0,add_rz,74.54149476139085,208.0,3.0,74.58149773005088,7.0,0.0,1.0,1.0,0.0
1050.0,delete,74.55971353649521,208.0,3.0,74.58149773005088,6.0,0.0,1.0,0.0,0.0
1051.0,swap,74.53827607433439,208.0,3.0,74.58149773005088,6.0,1.0,1.0,0.0,0.0
1052.0,delete,74.68854868443462,209.0,2.0,74.66624905015281,6.0,0.0,0.0,0.0,0.0
1053.0,add_cx,74.5807519196733,210.0,3.0,74.68854868443462,6.0,0.0,0.0,0.0,1.0
1054.0,add_rx,74.43674914684246,210.0,3.0,74.68854868443462,6.0,1.0,0.0,0.0,0.0
1055.0,add_ry,74.64964688735253,210.0,3.0,74.68854868443462,6.0,0.0,1.0,0.0,0.0
1056.0,add_rz,74.68344359621656,210.0,3.0,74.68854868443462,6.0,0.0,0.0,1.0,0.0
1057.0,delete,74.61280097809771,210.0,3.0,74.68854868443462,5.0,0.0,0.0,0.0,0.0
1058.0,swap,74.67387916017505,210.0,3.0,74.68854868443462,5.0,0.0,0.0,1.0,0.0
1059.0,swap,74.70254787463992,211.0,2.0,74.550676784601,6.0,1.0,0.0,0.0,0.0
1060.0,swap,74.70247182363518,212.0,3.0,74.70254787463992,6.0,1.0,0.0,0.0,0.0
1061.0,add_cx,74.56314469469504,212.0,3.0,74.70254787463992,6.0,1.0,0.0,0.0,1.0
1062.0,add_rx,74.70254787463992,212.0,3.0,74.70254787463992,6.0,2.0,0.0,0.0,0.0
1063.0,add_ry,74.72298429414134,212.0,3.0,74.70254787463992,6.0,1.0,1.0,0.0,0.0
1064.0,add_rz,74.70254787463992,212.0,3.0,74.70254787463992,6.0,1.0,0.0,1.0,0.0
1065.0,delete,74.7367458677036,212.0,3.0,74.70254787463992,5.0,1.0,0.0,0.0,0.0
1066.0,swap,74.71400156304712,212.0,3.0,74.70254787463992,5.0,1.0,1.0,0.0,0.0
1067.0,swap,74.76670204912747,213.0,4.0,74.72964400568401,5.0,1.0,0.0,0.0,0.0
1068.0,add_cx,74.72964400568401,213.0,4.0,74.72964400568401,5.0,1.0,0.0,0.0,1.0
1069.0,add_rx,74.60407716500268,213.0,4.0,74.72964400568401,5.0,2.0,0.0,0.0,0.0
1070.0,add_ry,74.69362535759643,213.0,4.0,74.72964400568401,5.0,1.0,1.0,0.0,0.0
1071.0,add_rz,74.72964400568401,213.0,4.0,74.72964400568401,5.0,1.0,0.0,1.0,0.0
1072.0,delete,74.77368456121349,213.0,4.0,74.72964400568401,4.0,1.0,0.0,0.0,0.0
1073.0,swap,74.76538864099625,213.0,4.0,74.72964400568401,4.0,2.0,0.0,0.0,0.0
1074.0,swap,74.57064722876687,214.0,2.0,74.62202538399687,6.0,0.0,1.0,0.0,0.0
1075.0,swap,74.62158252068728,215.0,4.0,74.6303194344416,5.0,0.0,1.0,0.0,0.0
1076.0,add_cx,74.63884194469782,215.0,4.0,74.6303194344416,5.0,0.0,1.0,0.0,1.0
1077.0,add_rx,74.48767345930153,215.0,4.0,74.6303194344416,5.0,1.0,1.0,0.0,0.0
1078.0,add_ry,74.6334115552458,215.0,4.0,74.6303194344416,5.0,0.0,2.0,0.0,0.0
1079.0,add_rz,74.63031943444159,215.0,4.0,74.6303194344416,5.0,0.0,1.0,1.0,0.0
1080.0,delete,74.57209965804876,215.0,4.0,74.6303194344416,4.0,0.0,1.0,0.0,0.0
1081.0,swap,74.65138245021974,215.0,4.0,74.6303194344416,4.0,0.0,1.0,0.0,1.0
1082.0,swap,74.61014534775502,216.0,3.0,74.57064722876687,6.0,0.0,1.0,0.0,0.0
1083.0,add_cx,74.56893011508984,216.0,3.0,74.57064722876687,6.0,0.0,1.0,0.0,1.0
1084.0,add_rx,74.57064722876686,216.0,3.0,74.57064722876687,6.0,1.0,1.0,0.0,0.0
1085.0,add_ry,74.67554248843095,216.0,3.0,74.57064722876687,6.0,0.0,2.0,0.0,0.0
1086.0,add_rz,74.58874334843141,216.0,3.0,74.57064722876687,6.0,0.0,1.0,1.0,0.0
1087.0,delete,74.67143952169671,216.0,3.0,74.57064722876687,5.0,0.0,1.0,0.0,0.0
1088.0,swap,74.37474102252723,216.0,3.0,74.57064722876687,5.0,0.0,1.0,0.0,1.0
1089.0,add_cx,74.49545476858152,217.0,3.0,74.55316758757442,7.0,0.0,0.0,0.0,2.0
1090.0,add_rx,74.55316758757442,217.0,3.0,74.55316758757442,7.0,1.0,0.0,0.0,1.0
1091.0,add_ry,74.58475011787486,217.0,3.0,74.55316758757442,7.0,0.0,1.0,0.0,1.0
1092.0,add_rz,74.60487124043772,217.0,3.0,74.55316758757442,7.0,0.0,0.0,1.0,1.0
1093.0,delete,74.71381164012091,217.0,3.0,74.55316758757442,6.0,0.0,0.0,0.0,1.0
1094.0,swap,74.5530332561828,217.0,3.0,74.55316758757442,6.0,1.0,0.0,0.0,1.0
1095.0,add_cx,74.64348763633299,218.0,4.0,74.64348763633299,5.0,0.0,0.0,0.0,1.0
1096.0,add_rx,74.64348763633302,218.0,4.0,74.64348763633299,5.0,1.0,0.0,0.0,0.0
1097.0,add_ry,74.35716907633082,218.0,4.0,74.64348763633299,5.0,0.0,1.0,0.0,0.0
1098.0,add_rz,74.64348763633302,218.0,4.0,74.64348763633299,5.0,0.0,0.0,1.0,0.0
1099.0,delete,74.44337724194759,218.0,4.0,74.64348763633299,4.0,0.0,0.0,0.0,0.0
1100.0,swap,74.63692635833785,218.0,4.0,74.64348763633299,4.0,0.0,0.0,0.0,1.0
1101.0,delete,74.73760588268007,219.0,4.0,74.7367458677036,5.0,1.0,0.0,0.0,0.0
1102.0,add_cx,74.7367458677036,219.0,4.0,74.7367458677036,5.0,1.0,0.0,0.0,1.0
1103.0,add_rx,74.68126542267898,219.0,4.0,74.7367458677036,5.0,2.0,0.0,0.0,0.0
1104.0,add_ry,74.7392434198822,219.0,4.0,74.7367458677036,5.0,1.0,1.0,0.0,0.0
1105.0,add_rz,74.7367458677036,219.0,4.0,74.7367458677036,5.0,1.0,0.0,1.0,0.0
1106.0,delete,74.79404579696006,219.0,4.0,74.7367458677036,4.0,1.0,0.0,0.0,0.0
1107.0,swap,74.74802590478113,219.0,4.0,74.7367458677036,4.0,1.0,1.0,0.0,0.0
1108.0,swap,74.71258812700931,220.0,4.0,74.71400156304712,5.0,1.0,1.0,0.0,0.0
1109.0,add_cx,74.71400156304712,220.0,4.0,74.71400156304712,5.0,1.0,1.0,0.0,1.0
1110.0,add_rx,74.73263290045581,220.0,4.0,74.71400156304712,5.0,2.0,1.0,0.0,0.0
1111.0,add_ry,74.60779873892604,220.0,4.0,74.71400156304712,5.0,1.0,2.0,0.0,0.0
1112.0,add_rz,74.71099712396712,220.0,4.0,74.71400156304712,5.0,1.0,1.0,1.0,0.0
1113.0,delete,74.57349388261277,220.0,4.0,74.71400156304712,4.0,1.0,1.0,0.0,0.0
1114.0,swap,74.57349388261274,220.0,4.0,74.71400156304712,4.0,2.0,1.0,0.0,0.0
1115.0,swap,74.70262953418754,221.0,4.0,74.70247182363518,6.0,1.0,0.0,0.0,0.0
1116.0,add_cx,74.69893173280613,221.0,4.0,74.70247182363518,6.0,1.0,0.0,0.0,1.0
1117.0,add_rx,74.70247182363515,221.0,4.0,74.70247182363518,6.0,2.0,0.0,0.0,0.0
1118.0,add_ry,74.73517203990927,221.0,4.0,74.70247182363518,6.0,1.0,1.0,0.0,0.0
1119.0,add_rz,74.70372109257787,221.0,4.0,74.70247182363518,6.0,1.0,0.0,1.0,0.0
1120.0,delete,74.64066113128123,221.0,4.0,74.70247182363518,5.0,1.0,0.0,0.0,0.0
1121.0,swap,74.70086219795927,221.0,4.0,74.70247182363518,6.0,0.0,0.0,1.0,0.0
1122.0,add_rx,74.55316758757442,222.0,3.0,74.55316758757442,7.0,1.0,0.0,0.0,0.0
1123.0,add_cx,74.5207365566401,222.0,3.0,74.55316758757442,7.0,1.0,0.0,0.0,1.0
1124.0,add_rx,74.55316758757442,222.0,3.0,74.55316758757442,7.0,2.0,0.0,0.0,0.0
1125.0,add_ry,74.5854055752373,222.0,3.0,74.55316758757442,7.0,1.0,1.0,0.0,0.0
1126.0,add_rz,74.54987056418874,222.0,3.0,74.55316758757442,7.0,1.0,0.0,1.0,0.0
1127.0,delete,74.39011618121262,222.0,3.0,74.55316758757442,6.0,1.0,0.0,0.0,0.0
1128.0,swap,74.69636125585521,222.0,3.0,74.55316758757442,6.0,2.0,0.0,0.0,0.0
1129.0,swap,74.48865180638276,223.0,2.0,74.6503639195287,6.0,0.0,0.0,0.0,1.0
1130.0,delete,74.43742733154501,224.0,2.0,74.64193462118277,6.0,0.0,0.0,0.0,0.0
1131.0,add_cx,74.61673415361831,225.0,4.0,74.61673415361831,5.0,0.0,0.0,0.0,1.0
1132.0,add_rx,74.70555780123203,225.0,4.0,74.61673415361831,5.0,1.0,0.0,0.0,0.0
1133.0,add_ry,74.61892412102635,225.0,4.0,74.61673415361831,5.0,0.0,1.0,0.0,0.0
1134.0,add_rz,74.61726039141492,225.0,4.0,74.61673415361831,5.0,0.0,0.0,1.0,0.0
1135.0,delete,74.51601026190075,225.0,4.0,74.61673415361831,4.0,0.0,0.0,0.0,0.0
1136.0,swap,74.62409993843062,225.0,4.0,74.61673415361831,4.0,0.0,1.0,0.0,0.0
1137.0,add_cx,74.43742733154501,226.0,3.0,74.48865180638276,6.0,0.0,0.0,0.0,2.0
1138.0,add_rx,74.48865180638275,226.0,3.0,74.48865180638276,6.0,1.0,0.0,0.0,1.0
1139.0,add_ry,74.54261964632272,226.0,3.0,74.48865180638276,6.0,0.0,1.0,0.0,1.0
1140.0,add_rz,74.49076294005276,226.0,3.0,74.48865180638276,6.0,0.0,0.0,1.0,1.0
1141.0,delete,74.4400181239259,226.0,3.0,74.48865180638276,5.0,0.0,0.0,0.0,1.0
1142.0,swap,74.64672913017118,226.0,3.0,74.48865180638276,5.0,0.0,0.0,0.0,2.0
1143.0,add_ry,74.73520684309375,227.0,4.0,74.7272637223281,6.0,0.0,1.0,0.0,0.0
1144.0,add_cx,74.71720748715035,227.0,4.0,74.7272637223281,6.0,0.0,1.0,0.0,1.0
1145.0,add_rx,74.68170243207884,227.0,4.0,74.7272637223281,6.0,1.0,1.0,0.0,0.0
1146.0,add_ry,74.59626518128593,227.0,4.0,74.7272637223281,6.0,0.0,2.0,0.0,0.0
1147.0,add_rz,74.71896389823334,227.0,4.0,74.7272637223281,6.0,0.0,1.0,1.0,0.0
1148.0,delete,74.70349879390106,227.0,4.0,74.7272637223281,5.0,0.0,1.0,0.0,0.0
1149.0,swap,74.6993841253602,227.0,4.0,74.7272637223281,5.0,1.0,1.0,0.0,0.0
1150.0,add_cx,74.71381164012091,228.0,4.0,74.71381164012091,6.0,0.0,0.0,0.0,2.0
1151.0,add_rx,74.71381164012091,228.0,4.0,74.71381164012091,6.0,1.0,0.0,0.0,1.0
1152.0,add_ry,74.6658259126993,228.0,4.0,74.71381164012091,6.0,0.0,1.0,0.0,1.0
1153.0,add_rz,74.7081572862797,228.0,4.0,74.71381164012091,6.0,0.0,0.0,1.0,1.0
1154.0,delete,74.6325418451039,228.0,4.0,74.71381164012091,5.0,0.0,0.0,0.0,1.0
1155.0,swap,74.68698316693867,228.0,4.0,74.71381164012091,5.0,0.0,1.0,0.0,1.0
1156.0,delete,74.65552739295673,229.0,3.0,74.73553599516893,5.0,0.0,0.0,0.0,0.0
1157.0,add_cx,74.58474298260498,230.0,4.0,74.69538647589552,6.0,0.0,0.0,0.0,2.0
1158.0,add_rx,74.69538647589548,230.0,4.0,74.69538647589552,6.0,1.0,0.0,0.0,1.0
1159.0,add_ry,74.64496079172157,230.0,4.0,74.69538647589552,6.0,0.0,1.0,0.0,1.0
1160.0,add_rz,74.69443386127305,230.0,4.0,74.69538647589552,6.0,0.0,0.0,1.0,1.0
1161.0,delete,74.83613239118043,230.0,4.0,74.69538647589552,5.0,0.0,0.0,0.0,1.0
1162.0,swap,74.68231692163035,230.0,4.0,74.69538647589552,5.0,0.0,0.0,0.0,2.0
1163.0,add_cx,74.59697788013783,231.0,4.0,74.65552739295673,5.0,0.0,0.0,0.0,1.0
1164.0,add_rx,74.65552739295674,231.0,4.0,74.65552739295673,5.0,1.0,0.0,0.0,0.0
1165.0,add_ry,74.70789034591455,231.0,4.0,74.65552739295673,5.0,0.0,1.0,0.0,0.0
1166.0,add_rz,74.65552739295671,231.0,4.0,74.65552739295673,5.0,0.0,0.0,1.0,0.0
1167.0,delete,74.50229278621732,231.0,4.0,74.65552739295673,4.0,0.0,0.0,0.0,0.0
1168.0,swap,74.61400916099129,231.0,4.0,74.65552739295673,4.0,1.0,0.0,0.0,0.0
1169.0,add_cx,74.43156360370857,232.0,4.0,74.6325418451039,5.0,0.0,0.0,0.0,1.0
1170.0,add_rx,74.77808778426177,232.0,4.0,74.6325418451039,5.0,1.0,0.0,0.0,0.0
1171.0,add_ry,74.51463464128612,232.0,4.0,74.6325418451039,5.0,0.0,1.0,0.0,0.0
1172.0,add_rz,74.61504796149411,232.0,4.0,74.6325418451039,5.0,0.0,0.0,1.0,0.0
1173.0,delete,74.67767754867533,232.0,4.0,74.6325418451039,4.0,0.0,0.0,0.0,0.0
1174.0,swap,74.45775670855647,232.0,4.0,74.6325418451039,4.0,0.0,0.0,1.0,0.0
1175.0,add_ry,74.68095284238105,233.0,2.0,74.69421429535299,7.0,0.0,1.0,0.0,0.0
1176.0,add_ry,74.68092948542228,234.0,3.0,74.68095284238105,7.0,0.0,1.0,0.0,0.0
1177.0,add_cx,74.68095284238105,234.0,3.0,74.68095284238105,7.0,0.0,1.0,0.0,1.0
1178.0,add_rx,74.68095284238105,234.0,3.0,74.68095284238105,7.0,1.0,1.0,0.0,0.0
1179.0,add_ry,74.37738731204755,234.0,3.0,74.68095284238105,7.0,0.0,2.0,0.0,0.0
1180.0,add_rz,74.68095284238103,234.0,3.0,74.68095284238105,7.0,0.0,1.0,1.0,0.0
1181.0,delete,74.73806057332621,234.0,3.0,74.68095284238105,6.0,0.0,1.0,0.0,0.0
1182.0,swap,74.64066219982583,234.0,3.0,74.68095284238105,6.0,0.0,2.0,0.0,0.0
1183.0,add_cx,74.6237686425121,235.0,4.0,74.6237686425121,5.0,0.0,0.0,0.0,2.0
1184.0,add_rx,74.467457144846,235.0,4.0,74.6237686425121,5.0,1.0,0.0,0.0,1.0
1185.0,add_ry,74.5835489686166,235.0,4.0,74.6237686425121,5.0,0.0,1.0,0.0,1.0
1186.0,add_rz,74.6237686425121,235.0,4.0,74.6237686425121,5.0,0.0,0.0,1.0,1.0
1187.0,delete,74.63872539913534,235.0,4.0,74.6237686425121,4.0,0.0,0.0,0.0,1.0
1188.0,swap,74.5860162977018,235.0,4.0,74.6237686425121,4.0,1.0,0.0,0.0,1.0
1189.0,add_rz,74.61130021487362,236.0,3.0,74.61461536343299,7.0,0.0,0.0,1.0,0.0
1190.0,add_cx,74.61461536343299,236.0,3.0,74.61461536343299,7.0,0.0,0.0,1.0,1.0
1191.0,add_rx,74.64339792414928,236.0,3.0,74.61461536343299,7.0,1.0,0.0,1.0,0.0
1192.0,add_ry,74.67168394715785,236.0,3.0,74.61461536343299,7.0,0.0,1.0,1.0,0.0
1193.0,add_rz,74.59593716511439,236.0,3.0,74.61461536343299,7.0,0.0,0.0,2.0,0.0
1194.0,delete,74.67298724716734,236.0,3.0,74.61461536343299,6.0,0.0,0.0,1.0,0.0
1195.0,swap,74.4748586041098,236.0,3.0,74.61461536343299,6.0,0.0,0.0,1.0,1.0
1196.0,delete,74.60592683865956,237.0,2.0,74.55232184267626,6.0,0.0,0.0,0.0,0.0
1197.0,add_rx,74.63416553902073,238.0,2.0,74.66681409684828,7.0,1.0,0.0,0.0,0.0
1198.0,swap,74.62768642643177,239.0,2.0,74.63519651514434,6.0,0.0,0.0,1.0,0.0
1199.0,add_cx,74.57922355224056,240.0,2.0,74.65199014271333,7.0,0.0,0.0,0.0,1.0
1200.0,add_rx,74.6341655390207,241.0,3.0,74.63416553902073,7.0,1.0,0.0,0.0,0.0
1201.0,add_cx,74.63416553902073,241.0,3.0,74.63416553902073,7.0,1.0,0.0,0.0,1.0
1202.0,add_rx,74.61797239548582,241.0,3.0,74.63416553902073,7.0,2.0,0.0,0.0,0.0
1203.0,add_ry,74.65613884841471,241.0,3.0,74.63416553902073,7.0,1.0,1.0,0.0,0.0
1204.0,add_rz,74.65322850450566,241.0,3.0,74.63416553902073,7.0,1.0,0.0,1.0,0.0
1205.0,delete,74.67560497072995,241.0,3.0,74.63416553902073,6.0,1.0,0.0,0.0,0.0
1206.0,swap,74.52605412102984,241.0,3.0,74.63416553902073,6.0,1.0,0.0,1.0,0.0
1207.0,swap,74.6274327964525,242.0,3.0,74.62768642643177,6.0,0.0,0.0,1.0,0.0
1208.0,add_cx,74.62768642643177,242.0,3.0,74.62768642643177,6.0,0.0,0.0,1.0,1.0
1209.0,add_rx,74.62768642643177,242.0,3.0,74.62768642643177,6.0,1.0,0.0,1.0,0.0
1210.0,add_ry,74.71437528393281,242.0,3.0,74.62768642643177,6.0,0.0,1.0,1.0,0.0
1211.0,add_rz,74.62768642643177,242.0,3.0,74.62768642643177,6.0,0.0,0.0,2.0,0.0
1212.0,delete,74.61469963548551,242.0,3.0,74.62768642643177,5.0,0.0,0.0,1.0,0.0
1213.0,swap,74.53068536452795,242.0,3.0,74.62768642643177,5.0,0.0,1.0,1.0,0.0
1214.0,add_cx,74.51954915025426,243.0,3.0,74.60592683865956,6.0,0.0,0.0,0.0,1.0
1215.0,add_rx,74.50353207301193,243.0,3.0,74.60592683865956,6.0,1.0,0.0,0.0,0.0
1216.0,add_ry,74.60362770746292,243.0,3.0,74.60592683865956,6.0,0.0,1.0,0.0,0.0
1217.0,add_rz,74.64922066920268,243.0,3.0,74.60592683865956,6.0,0.0,0.0,1.0,0.0
1218.0,delete,74.57479211943196,243.0,3.0,74.60592683865956,5.0,0.0,0.0,0.0,0.0
1219.0,swap,74.67330033402447,243.0,3.0,74.60592683865956,5.0,0.0,1.0,0.0,0.0
1220.0,add_cx,74.62234247519807,244.0,2.0,74.60134509775753,7.0,0.0,0.0,0.0,1.0
1221.0,add_cx,74.44237300333484,245.0,3.0,74.43742733154501,6.0,0.0,0.0,0.0,1.0
1222.0,add_rx,74.43742733154498,245.0,3.0,74.43742733154501,6.0,1.0,0.0,0.0,0.0
1223.0,add_ry,74.66801843419756,245.0,3.0,74.43742733154501,6.0,0.0,1.0,0.0,0.0
1224.0,add_rz,74.4373276735255,245.0,3.0,74.43742733154501,6.0,0.0,0.0,1.0,0.0
1225.0,delete,74.23229971765696,245.0,3.0,74.43742733154501,5.0,0.0,0.0,0.0,0.0
1226.0,swap,74.21886833716363,245.0,3.0,74.43742733154501,5.0,0.0,0.0,0.0,1.0
1227.0,delete,74.6082729194648,246.0,3.0,74.60863040407273,7.0,0.0,0.0,1.0,0.0
1228.0,add_cx,74.60863040407273,246.0,3.0,74.60863040407273,7.0,0.0,0.0,1.0,1.0
1229.0,add_rx,74.60863040407274,246.0,3.0,74.60863040407273,7.0,1.0,0.0,1.0,0.0
1230.0,add_ry,74.69521221758406,246.0,3.0,74.60863040407273,7.0,0.0,1.0,1.0,0.0
1231.0,add_rz,74.61472184890076,246.0,3.0,74.60863040407273,7.0,0.0,0.0,2.0,0.0
1232.0,delete,74.69520564932563,246.0,3.0,74.60863040407273,6.0,0.0,0.0,1.0,0.0
1233.0,swap,74.68266626760138,246.0,3.0,74.60863040407273,7.0,0.0,1.0,0.0,0.0
1234.0,delete,74.54967858091564,247.0,3.0,74.54938964877616,7.0,0.0,0.0,1.0,0.0
1235.0,add_cx,74.54938964877616,247.0,3.0,74.54938964877616,7.0,0.0,0.0,1.0,1.0
1236.0,add_rx,74.54938964877617,247.0,3.0,74.54938964877616,7.0,1.0,0.0,1.0,0.0
1237.0,add_ry,74.46978516969139,247.0,3.0,74.54938964877616,7.0,0.0,1.0,1.0,0.0
1238.0,add_rz,74.54690479648505,247.0,3.0,74.54938964877616,7.0,0.0,0.0,2.0,0.0
1239.0,delete,74.40183734851827,247.0,3.0,74.54938964877616,6.0,0.0,0.0,1.0,0.0
1240.0,swap,74.4483420752972,247.0,3.0,74.54938964877616,6.0,0.0,0.0,2.0,0.0
1241.0,add_ry,74.58749288621283,248.0,3.0,74.5717719602495,7.0,0.0,1.0,0.0,0.0
1242.0,add_cx,74.5717719602495,248.0,3.0,74.5717719602495,7.0,0.0,1.0,0.0,1.0
1243.0,add_rx,74.61748464936586,248.0,3.0,74.5717719602495,7.0,1.0,1.0,0.0,0.0
1244.0,add_ry,74.61175373845151,248.0,3.0,74.5717719602495,7.0,0.0,2.0,0.0,0.0
1245.0,add_rz,74.58542545371866,248.0,3.0,74.5717719602495,7.0,0.0,1.0,1.0,0.0
1246.0,delete,74.77089817176038,248.0,3.0,74.5717719602495,6.0,0.0,1.0,0.0,0.0
1247.0,swap,74.70351601762945,248.0,3.0,74.5717719602495,6.0,0.0,2.0,0.0,0.0
1248.0,delete,74.64494185732738,249.0,2.0,74.61896027146952,6.0,0.0,0.0,0.0,0.0
1249.0,swap,74.75006568192056,250.0,4.0,74.75006568192055,5.0,0.0,0.0,1.0,1.0
1250.0,add_cx,74.75006568192055,250.0,4.0,74.75006568192055,5.0,0.0,0.0,1.0,2.0
1251.0,add_rx,74.61382040685228,250.0,4.0,74.75006568192055,5.0,1.0,0.0,1.0,1.0
1252.0,add_ry,74.72061893237624,250.0,4.0,74.75006568192055,5.0,0.0,1.0,1.0,1.0
1253.0,add_rz,74.75006568192052,250.0,4.0,74.75006568192055,5.0,0.0,0.0,2.0,1.0
1254.0,delete,74.76929452650465,250.0,4.0,74.75006568192055,4.0,0.0,0.0,1.0,1.0
1255.0,swap,74.6930833327217,250.0,4.0,74.75006568192055,4.0,0.0,0.0,1.0,2.0
1256.0,add_cx,74.46840385679265,251.0,4.0,74.54771829983758,5.0,0.0,0.0,0.0,2.0
1257.0,add_rx,74.68493098247343,251.0,4.0,74.54771829983758,5.0,1.0,0.0,0.0,1.0
1258.0,add_ry,74.44498582188851,251.0,4.0,74.54771829983758,5.0,0.0,1.0,0.0,1.0
1259.0,add_rz,74.54771829983758,251.0,4.0,74.54771829983758,5.0,0.0,0.0,1.0,1.0
1260.0,delete,74.50408796321975,251.0,4.0,74.54771829983758,4.0,0.0,0.0,0.0,1.0
1261.0,swap,74.72838692078426,251.0,4.0,74.54771829983758,4.0,1.0,0.0,0.0,1.0
1262.0,add_cx,74.67560497072995,252.0,4.0,74.67560497072995,6.0,0.0,0.0,0.0,1.0
1263.0,add_rx,74.67560497072994,252.0,4.0,74.67560497072995,6.0,1.0,0.0,0.0,0.0
1264.0,add_ry,74.49032619114911,252.0,4.0,74.67560497072995,6.0,0.0,1.0,0.0,0.0
1265.0,add_rz,74.724106634592,252.0,4.0,74.67560497072995,6.0,0.0,0.0,1.0,0.0
1266.0,delete,74.65552739295673,252.0,4.0,74.67560497072995,5.0,0.0,0.0,0.0,0.0
1267.0,swap,74.5546468074119,252.0,4.0,74.67560497072995,5.0,0.0,1.0,0.0,0.0
1268.0,delete,74.3902664150441,253.0,2.0,74.62384010357076,6.0,0.0,0.0,0.0,0.0
1269.0,swap,74.65006217190846,254.0,4.0,74.63562420439571,6.0,0.0,1.0,0.0,0.0
1270.0,add_cx,74.63562420439571,254.0,4.0,74.63562420439571,6.0,0.0,1.0,0.0,1.0
1271.0,add_rx,74.63437408510372,254.0,4.0,74.63562420439571,6.0,1.0,1.0,0.0,0.0
1272.0,add_ry,74.66093256723312,254.0,4.0,74.63562420439571,6.0,0.0,2.0,0.0,0.0
1273.0,add_rz,74.60983560105848,254.0,4.0,74.63562420439571,6.0,0.0,1.0,1.0,0.0
1274.0,delete,74.66095289381346,254.0,4.0,74.63562420439571,5.0,0.0,1.0,0.0,0.0
1275.0,swap,74.7039709867126,254.0,4.0,74.63562420439571,5.0,1.0,1.0,0.0,0.0
1276.0,swap,74.68234664534407,255.0,3.0,74.70160531029029,5.0,1.0,0.0,0.0,0.0
1277.0,swap,74.68510395886271,256.0,4.0,74.68234664534407,5.0,1.0,0.0,0.0,0.0
1278.0,add_cx,74.68234664534407,256.0,4.0,74.68234664534407,5.0,1.0,0.0,0.0,1.0
1279.0,add_rx,74.68234664534407,256.0,4.0,74.68234664534407,5.0,2.0,0.0,0.0,0.0
1280.0,add_ry,74.66452850330387,256.0,4.0,74.68234664534407,5.0,1.0,1.0,0.0,0.0
1281.0,add_rz,74.6795895316826,256.0,4.0,74.68234664534407,5.0,1.0,0.0,1.0,0.0
1282.0,delete,74.655267531086,256.0,4.0,74.68234664534407,4.0,1.0,0.0,0.0,0.0
1283.0,swap,74.65552739295673,256.0,4.0,74.68234664534407,5.0,0.0,0.0,0.0,1.0
1284.0,swap,74.704780078951,257.0,4.0,74.7141612995704,5.0,2.0,0.0,0.0,0.0
1285.0,add_cx,74.72568407120961,257.0,4.0,74.7141612995704,5.0,2.0,0.0,0.0,1.0
1286.0,add_rx,74.7141612995704,257.0,4.0,74.7141612995704,5.0,3.0,0.0,0.0,0.0
1287.0,add_ry,74.7008099130201,257.0,4.0,74.7141612995704,5.0,2.0,1.0,0.0,0.0
1288.0,add_rz,74.71416129957039,257.0,4.0,74.7141612995704,5.0,2.0,0.0,1.0,0.0
1289.0,delete,74.6215316471168,257.0,4.0,74.7141612995704,5.0,1.0,0.0,0.0,0.0
1290.0,swap,74.72982877828471,257.0,4.0,74.7141612995704,5.0,2.0,0.0,0.0,0.0
1291.0,swap,74.60263893049256,258.0,4.0,74.61033173962352,6.0,1.0,0.0,0.0,0.0
1292.0,add_cx,74.7878405724512,258.0,4.0,74.61033173962352,6.0,1.0,0.0,0.0,1.0
1293.0,add_rx,74.61033173962353,258.0,4.0,74.61033173962352,6.0,2.0,0.0,0.0,0.0
1294.0,add_ry,74.46107452024981,258.0,4.0,74.61033173962352,6.0,1.0,1.0,0.0,0.0
1295.0,add_rz,74.60144333131328,258.0,4.0,74.61033173962352,6.0,1.0,0.0,1.0,0.0
1296.0,delete,74.71381164012091,258.0,4.0,74.61033173962352,6.0,0.0,0.0,0.0,0.0
1297.0,swap,74.70299723193973,258.0,4.0,74.61033173962352,6.0,0.0,0.0,1.0,0.0
1298.0,swap,74.648428297098,259.0,2.0,74.60952201619841,6.0,0.0,0.0,1.0,0.0
1299.0,add_cx,74.53844841481151,260.0,3.0,74.64494185732738,6.0,0.0,0.0,0.0,1.0
1300.0,add_rx,74.64494185732737,260.0,3.0,74.64494185732738,6.0,1.0,0.0,0.0,0.0
1301.0,add_ry,74.61828196204878,260.0,3.0,74.64494185732738,6.0,0.0,1.0,0.0,0.0
1302.0,add_rz,74.64494185732738,260.0,3.0,74.64494185732738,6.0,0.0,0.0,1.0,0.0
1303.0,delete,74.61257918366739,260.0,3.0,74.64494185732738,5.0,0.0,0.0,0.0,0.0
1304.0,swap,74.61930061093,260.0,3.0,74.64494185732738,5.0,0.0,0.0,1.0,0.0
1305.0,add_rz,74.64647206775243,261.0,2.0,74.61218401550751,7.0,0.0,0.0,1.0,0.0
1306.0,swap,74.64842875872402,262.0,3.0,74.648428297098,6.0,0.0,0.0,1.0,0.0
1307.0,add_cx,74.648428297098,262.0,3.0,74.648428297098,6.0,0.0,0.0,1.0,1.0
1308.0,add_rx,74.64842829709798,262.0,3.0,74.648428297098,6.0,1.0,0.0,1.0,0.0
1309.0,add_ry,74.6250708744797,262.0,3.0,74.648428297098,6.0,0.0,1.0,1.0,0.0
1310.0,add_rz,74.64842829709798,262.0,3.0,74.648428297098,6.0,0.0,0.0,2.0,0.0
1311.0,delete,74.61675496908062,262.0,3.0,74.648428297098,5.0,0.0,0.0,1.0,0.0
1312.0,swap,74.54862067582128,262.0,3.0,74.648428297098,5.0,1.0,0.0,1.0,0.0
1313.0,delete,74.70086219795931,263.0,2.0,74.61239732020557,6.0,0.0,0.0,0.0,0.0
1314.0,add_cx,74.70619436858553,264.0,3.0,74.70086219795931,6.0,0.0,0.0,0.0,1.0
1315.0,add_rx,74.66668458805678,264.0,3.0,74.70086219795931,6.0,1.0,0.0,0.0,0.0
1316.0,add_ry,74.72794420775558,264.0,3.0,74.70086219795931,6.0,0.0,1.0,0.0,0.0
1317.0,add_rz,74.7008621979593,264.0,3.0,74.70086219795931,6.0,0.0,0.0,1.0,0.0
1318.0,delete,74.68695390433581,264.0,3.0,74.70086219795931,5.0,0.0,0.0,0.0,0.0
1319.0,swap,74.64348763633299,264.0,3.0,74.70086219795931,5.0,0.0,0.0,1.0,0.0
1320.0,add_cx,74.68695390433581,265.0,4.0,74.68695390433581,5.0,0.0,0.0,0.0,1.0
1321.0,add_rx,74.69202152876707,265.0,4.0,74.68695390433581,5.0,1.0,0.0,0.0,0.0
1322.0,add_ry,74.66066706450547,265.0,4.0,74.68695390433581,5.0,0.0,1.0,0.0,0.0
1323.0,add_rz,74.68697575845125,265.0,4.0,74.68695390433581,5.0,0.0,0.0,1.0,0.0
1324.0,delete,74.66991035749255,265.0,4.0,74.68695390433581,4.0,0.0,0.0,0.0,0.0
1325.0,swap,74.55409523050086,265.0,4.0,74.68695390433581,4.0,0.0,1.0,0.0,0.0
1326.0,delete,74.60920688147786,266.0,4.0,74.60632268668235,5.0,0.0,1.0,0.0,0.0
1327.0,add_cx,74.60387084452708,266.0,4.0,74.60632268668235,5.0,0.0,1.0,0.0,1.0
1328.0,add_rx,74.60632268668236,266.0,4.0,74.60632268668235,5.0,1.0,1.0,0.0,0.0
1329.0,add_ry,74.80052152080876,266.0,4.0,74.60632268668235,5.0,0.0,2.0,0.0,0.0
1330.0,add_rz,74.60299877676934,266.0,4.0,74.60632268668235,5.0,0.0,1.0,1.0,0.0
1331.0,delete,74.61304723775838,266.0,4.0,74.60632268668235,5.0,0.0,0.0,0.0,0.0
1332.0,swap,74.71180402406694,266.0,4.0,74.60632268668235,4.0,1.0,1.0,0.0,0.0
1333.0,delete,74.69767574259775,267.0,2.0,74.47950073715899,6.0,0.0,0.0,0.0,0.0
1334.0,add_cx,74.69767574259775,268.0,3.0,74.69767574259775,6.0,0.0,0.0,0.0,1.0
1335.0,add_rx,74.6689181783213,268.0,3.0,74.69767574259775,6.0,1.0,0.0,0.0,0.0
1336.0,add_ry,74.61324828183922,268.0,3.0,74.69767574259775,6.0,0.0,1.0,0.0,0.0
1337.0,add_rz,74.64183769072942,268.0,3.0,74.69767574259775,6.0,0.0,0.0,1.0,0.0
1338.0,delete,74.66622653865164,268.0,3.0,74.69767574259775,5.0,0.0,0.0,0.0,0.0
1339.0,swap,74.61626709084783,268.0,3.0,74.69767574259775,5.0,1.0,0.0,0.0,0.0
1340.0,delete,74.3902664150441,269.0,2.0,74.56845388754985,6.0,0.0,0.0,0.0,0.0
1341.0,swap,74.64348763633299,270.0,4.0,74.64348763633299,5.0,0.0,0.0,1.0,0.0
1342.0,add_cx,74.4679072131686,270.0,4.0,74.64348763633299,5.0,0.0,0.0,1.0,1.0
1343.0,add_rx,74.74213568175715,270.0,4.0,74.64348763633299,5.0,1.0,0.0,1.0,0.0
1344.0,add_ry,74.37206115672268,270.0,4.0,74.64348763633299,5.0,0.0,1.0,1.0,0.0
1345.0,add_rz,74.63906844449996,270.0,4.0,74.64348763633299,5.0,0.0,0.0,2.0,0.0
1346.0,delete,74.35520136944382,270.0,4.0,74.64348763633299,4.0,0.0,0.0,1.0,0.0
1347.0,swap,74.3093495872225,270.0,4.0,74.64348763633299,4.0,0.0,0.0,1.0,1.0
1348.0,add_cx,74.3902664150441,271.0,3.0,74.3902664150441,6.0,0.0,0.0,0.0,1.0
1349.0,add_rx,74.3902664150441,271.0,3.0,74.3902664150441,6.0,1.0,0.0,0.0,0.0
1350.0,add_ry,74.3059057468172,271.0,3.0,74.3902664150441,6.0,0.0,1.0,0.0,0.0
1351.0,add_rz,74.38538964253198,271.0,3.0,74.3902664150441,6.0,0.0,0.0,1.0,0.0
1352.0,delete,74.60904903502525,271.0,3.0,74.3902664150441,5.0,0.0,0.0,0.0,0.0
1353.0,swap,74.58825405522272,271.0,3.0,74.3902664150441,5.0,1.0,0.0,0.0,0.0
1354.0,add_cx,74.53868748352679,272.0,3.0,74.53988496986294,7.0,0.0,0.0,0.0,2.0
1355.0,add_rx,74.53988496986292,272.0,3.0,74.53988496986294,7.0,1.0,0.0,0.0,1.0
1356.0,add_ry,74.53594383055923,272.0,3.0,74.53988496986294,7.0,0.0,1.0,0.0,1.0
1357.0,add_rz,74.53349288472651,272.0,3.0,74.53988496986294,7.0,0.0,0.0,1.0,1.0
1358.0,delete,74.3902664150441,272.0,3.0,74.53988496986294,6.0,0.0,0.0,0.0,1.0
1359.0,swap,74.50296168791516,272.0,3.0,74.53988496986294,6.0,1.0,0.0,0.0,1.0
1360.0,add_ry,74.68409277607417,273.0,3.0,74.68550356209605,7.0,0.0,1.0,1.0,0.0
1361.0,add_cx,74.68550356209605,273.0,3.0,74.68550356209605,7.0,0.0,1.0,1.0,1.0
1362.0,add_rx,74.53525077592288,273.0,3.0,74.68550356209605,7.0,1.0,1.0,1.0,0.0
1363.0,add_ry,74.75610839128439,273.0,3.0,74.68550356209605,7.0,0.0,2.0,1.0,0.0
1364.0,add_rz,74.6840490639544,273.0,3.0,74.68550356209605,7.0,0.0,1.0,2.0,0.0
1365.0,delete,74.62027420950731,273.0,3.0,74.68550356209605,7.0,0.0,0.0,1.0,0.0
1366.0,swap,74.65757743888449,273.0,3.0,74.68550356209605,6.0,0.0,1.0,1.0,1.0
1367.0,change,74.62027420950731,274.0,2.0,74.63165520510663,7.0,0.0,0.0,1.0,0.0
1368.0,change,74.62027420950731,275.0,3.0,74.62027420950731,7.0,0.0,0.0,1.0,0.0
1369.0,add_cx,74.62027420950731,275.0,3.0,74.62027420950731,7.0,0.0,0.0,1.0,1.0
1370.0,add_rx,74.62027420950731,275.0,3.0,74.62027420950731,7.0,1.0,0.0,1.0,0.0
1371.0,add_ry,74.54093704047467,275.0,3.0,74.62027420950731,7.0,0.0,1.0,1.0,0.0
1372.0,add_rz,74.62208073655553,275.0,3.0,74.62027420950731,7.0,0.0,0.0,2.0,0.0
1373.0,delete,74.64494185732737,275.0,3.0,74.62027420950731,6.0,0.0,0.0,1.0,0.0
1374.0,swap,74.68854868443461,275.0,3.0,74.62027420950731,6.0,0.0,0.0,1.0,1.0
1375.0,add_cx,74.62359975338903,276.0,3.0,74.62359975338903,7.0,0.0,0.0,1.0,1.0
1376.0,add_cx,74.62027420950731,276.0,3.0,74.62359975338903,7.0,0.0,0.0,1.0,2.0
1377.0,add_rx,74.62359975338902,276.0,3.0,74.62359975338903,7.0,1.0,0.0,1.0,1.0
1378.0,add_ry,74.63788057439584,276.0,3.0,74.62359975338903,7.0,0.0,1.0,1.0,1.0
1379.0,add_rz,74.66406690233494,276.0,3.0,74.62359975338903,7.0,0.0,0.0,2.0,1.0
1380.0,delete,74.49168800593678,276.0,3.0,74.62359975338903,6.0,0.0,0.0,1.0,1.0
1381.0,swap,74.6168391114289,276.0,3.0,74.62359975338903,7.0,0.0,1.0,1.0,0.0
1382.0,swap,74.59646195085142,277.0,3.0,74.61150694786053,6.0,0.0,2.0,0.0,0.0
1383.0,add_cx,74.61150694786053,277.0,3.0,74.61150694786053,6.0,0.0,2.0,0.0,1.0
1384.0,add_rx,74.61150694786053,277.0,3.0,74.61150694786053,6.0,1.0,2.0,0.0,0.0
1385.0,add_ry,74.59992850225296,277.0,3.0,74.61150694786053,6.0,0.0,3.0,0.0,0.0
1386.0,add_rz,74.61506282476265,277.0,3.0,74.61150694786053,6.0,0.0,2.0,1.0,0.0
1387.0,delete,74.87571083822795,277.0,3.0,74.61150694786053,5.0,0.0,2.0,0.0,0.0
1388.0,swap,74.66415921967958,277.0,3.0,74.61150694786053,5.0,1.0,2.0,0.0,0.0
1389.0,swap,74.39917884006596,278.0,3.0,74.40532211323742,7.0,0.0,1.0,0.0,0.0
1390.0,add_cx,74.40532211323742,278.0,3.0,74.40532211323742,7.0,0.0,1.0,0.0,1.0
1391.0,add_rx,74.40532211323742,278.0,3.0,74.40532211323742,7.0,1.0,1.0,0.0,0.0
1392.0,add_ry,74.45720272827201,278.0,3.0,74.40532211323742,7.0,0.0,2.0,0.0,0.0
1393.0,add_rz,74.4004951016423,278.0,3.0,74.40532211323742,7.0,0.0,1.0,1.0,0.0
1394.0,delete,74.2494660678095,278.0,3.0,74.40532211323742,6.0,0.0,1.0,0.0,0.0
1395.0,swap,74.66923378112834,278.0,3.0,74.40532211323742,6.0,0.0,1.0,1.0,0.0
1396.0,delete,74.64840748163569,279.0,2.0,74.65983634931825,6.0,0.0,0.0,0.0,0.0
1397.0,add_cx,74.57922355224056,280.0,3.0,74.57922355224056,7.0,0.0,0.0,0.0,2.0
1398.0,add_rx,74.57922355224056,280.0,3.0,74.57922355224056,7.0,1.0,0.0,0.0,1.0
1399.0,add_ry,74.59422865612139,280.0,3.0,74.57922355224056,7.0,0.0,1.0,0.0,1.0
1400.0,add_rz,74.591518772171,280.0,3.0,74.57922355224056,7.0,0.0,0.0,1.0,1.0
1401.0,delete,74.46841073917928,280.0,3.0,74.57922355224056,6.0,0.0,0.0,0.0,1.0
1402.0,swap,74.6444129370013,280.0,3.0,74.57922355224056,6.0,0.0,0.0,0.0,2.0
1403.0,add_ry,74.54288979720116,281.0,3.0,74.54828737149441,8.0,0.0,1.0,0.0,0.0
1404.0,add_cx,74.54828737149441,281.0,3.0,74.54828737149441,8.0,0.0,1.0,0.0,1.0
1405.0,add_rx,74.54828737149438,281.0,3.0,74.54828737149441,8.0,1.0,1.0,0.0,0.0
1406.0,add_ry,74.62048570296213,281.0,3.0,74.54828737149441,8.0,0.0,2.0,0.0,0.0
1407.0,add_rz,74.55295193709551,281.0,3.0,74.54828737149441,8.0,0.0,1.0,1.0,0.0
1408.0,delete,74.53427170294044,281.0,3.0,74.54828737149441,7.0,0.0,1.0,0.0,0.0
1409.0,swap,74.6827810044333,281.0,3.0,74.54828737149441,7.0,1.0,1.0,0.0,0.0
1410.0,add_rz,74.64235393921938,282.0,3.0,74.64647206775243,7.0,0.0,0.0,1.0,0.0
1411.0,add_cx,74.64647206775243,282.0,3.0,74.64647206775243,7.0,0.0,0.0,1.0,1.0
1412.0,add_rx,74.64647206775243,282.0,3.0,74.64647206775243,7.0,1.0,0.0,1.0,0.0
1413.0,add_ry,74.66100732498302,282.0,3.0,74.64647206775243,7.0,0.0,1.0,1.0,0.0
1414.0,add_rz,74.64594702229617,282.0,3.0,74.64647206775243,7.0,0.0,0.0,2.0,0.0
1415.0,delete,74.71381164012091,282.0,3.0,74.64647206775243,6.0,0.0,0.0,1.0,0.0
1416.0,swap,74.47795503654031,282.0,3.0,74.64647206775243,6.0,1.0,0.0,1.0,0.0
1417.0,add_cx,74.62027420950731,283.0,3.0,74.62027420950731,7.0,0.0,0.0,0.0,2.0
1418.0,add_rx,74.62027420950733,283.0,3.0,74.62027420950731,7.0,1.0,0.0,0.0,1.0
1419.0,add_ry,74.57919465816948,283.0,3.0,74.62027420950731,7.0,0.0,1.0,0.0,1.0
1420.0,add_rz,74.61740962839102,283.0,3.0,74.62027420950731,7.0,0.0,0.0,1.0,1.0
1421.0,delete,74.53844841481151,283.0,3.0,74.62027420950731,6.0,0.0,0.0,0.0,1.0
1422.0,swap,74.4814624574191,283.0,3.0,74.62027420950731,6.0,0.0,1.0,0.0,1.0
1423.0,swap,74.39130265548917,284.0,3.0,74.39117341243687,6.0,0.0,0.0,1.0,0.0
1424.0,add_cx,74.44210884411899,284.0,3.0,74.39117341243687,6.0,0.0,0.0,1.0,1.0
1425.0,add_rx,74.63860001411284,284.0,3.0,74.39117341243687,6.0,1.0,0.0,1.0,0.0
1426.0,add_ry,74.39476487727468,284.0,3.0,74.39117341243687,6.0,0.0,1.0,1.0,0.0
1427.0,add_rz,74.39117341243686,284.0,3.0,74.39117341243687,6.0,0.0,0.0,2.0,0.0
1428.0,delete,74.61585304177736,284.0,3.0,74.39117341243687,5.0,0.0,0.0,1.0,0.0
1429.0,swap,74.39011618121262,284.0,3.0,74.39117341243687,6.0,1.0,0.0,0.0,0.0
1430.0,swap,74.50244661129949,285.0,3.0,74.50244661129948,7.0,1.0,0.0,0.0,1.0
1431.0,add_cx,74.50244661129948,285.0,3.0,74.50244661129948,7.0,1.0,0.0,0.0,2.0
1432.0,add_rx,74.53281662081574,285.0,3.0,74.50244661129948,7.0,2.0,0.0,0.0,1.0
1433.0,add_ry,74.46575511701492,285.0,3.0,74.50244661129948,7.0,1.0,1.0,0.0,1.0
1434.0,add_rz,74.53877544944459,285.0,3.0,74.50244661129948,7.0,1.0,0.0,1.0,1.0
1435.0,delete,74.50271478857505,285.0,3.0,74.50244661129948,6.0,1.0,0.0,0.0,1.0
1436.0,swap,74.5391667738222,285.0,3.0,74.50244661129948,7.0,0.0,0.0,0.0,2.0
1437.0,add_cx,74.57922355224056,286.0,3.0,74.57922355224056,7.0,0.0,0.0,0.0,3.0
1438.0,add_rx,74.57922355224056,286.0,3.0,74.57922355224056,7.0,1.0,0.0,0.0,2.0
1439.0,add_ry,74.70100295667007,286.0,3.0,74.57922355224056,7.0,0.0,1.0,0.0,2.0
1440.0,add_rz,74.52729774477942,286.0,3.0,74.57922355224056,7.0,0.0,0.0,1.0,2.0
1441.0,delete,74.6825863243282,286.0,3.0,74.57922355224056,6.0,0.0,0.0,0.0,2.0
1442.0,swap,74.51174040643009,286.0,3.0,74.57922355224056,7.0,0.0,1.0,0.0,1.0
1443.0,add_cx,74.64840748163569,287.0,3.0,74.64840748163569,6.0,0.0,0.0,0.0,1.0
1444.0,add_rx,74.61453439049919,287.0,3.0,74.64840748163569,6.0,1.0,0.0,0.0,0.0
1445.0,add_ry,74.62886663431217,287.0,3.0,74.64840748163569,6.0,0.0,1.0,0.0,0.0
1446.0,add_rz,74.64919315858843,287.0,3.0,74.64840748163569,6.0,0.0,0.0,1.0,0.0
1447.0,delete,74.60894252470644,287.0,3.0,74.64840748163569,5.0,0.0,0.0,0.0,0.0
1448.0,swap,74.61673415361831,287.0,3.0,74.64840748163569,5.0,0.0,0.0,0.0,1.0
1449.0,add_cx,74.61465857049483,288.0,4.0,74.61673415361831,5.0,0.0,0.0,0.0,2.0
1450.0,add_rx,74.44119196225672,288.0,4.0,74.61673415361831,5.0,1.0,0.0,0.0,1.0
1451.0,add_ry,74.79262812257211,288.0,4.0,74.61673415361831,5.0,0.0,1.0,0.0,1.0
1452.0,add_rz,74.61673415361832,288.0,4.0,74.61673415361831,5.0,0.0,0.0,1.0,1.0
1453.0,delete,74.61866467614502,288.0,4.0,74.61673415361831,4.0,0.0,0.0,0.0,1.0
1454.0,swap,74.51707055589398,288.0,4.0,74.61673415361831,4.0,0.0,0.0,1.0,1.0
1455.0,add_rz,74.61578514174329,289.0,3.0,74.6046501497432,7.0,0.0,1.0,1.0,0.0
1456.0,add_cx,74.6046501497432,289.0,3.0,74.6046501497432,7.0,0.0,1.0,1.0,1.0
1457.0,add_rx,74.60465014974318,289.0,3.0,74.6046501497432,7.0,1.0,1.0,1.0,0.0
1458.0,add_ry,74.70995793093526,289.0,3.0,74.6046501497432,7.0,0.0,2.0,1.0,0.0
1459.0,add_rz,74.60473085635329,289.0,3.0,74.6046501497432,7.0,0.0,1.0,2.0,0.0
1460.0,delete,74.5943110933522,289.0,3.0,74.6046501497432,6.0,0.0,1.0,1.0,0.0
1461.0,swap,74.42415268434246,289.0,3.0,74.6046501497432,6.0,0.0,1.0,1.0,1.0
1462.0,swap,74.61930061092998,290.0,4.0,74.61930061093,5.0,0.0,0.0,1.0,0.0
1463.0,add_cx,74.61930061093,290.0,4.0,74.61930061093,5.0,0.0,0.0,1.0,1.0
1464.0,add_rx,74.61720050488694,290.0,4.0,74.61930061093,5.0,1.0,0.0,1.0,0.0
1465.0,add_ry,74.57609356135572,290.0,4.0,74.61930061093,5.0,0.0,1.0,1.0,0.0
1466.0,add_rz,74.61842345194543,290.0,4.0,74.61930061093,5.0,0.0,0.0,2.0,0.0
1467.0,delete,74.50720509303954,290.0,4.0,74.61930061093,4.0,0.0,0.0,1.0,0.0
1468.0,swap,74.67555314539489,290.0,4.0,74.61930061093,4.0,0.0,0.0,2.0,0.0
1469.0,add_cx,74.63416553902071,291.0,2.0,74.55829504506326,7.0,0.0,0.0,0.0,1.0
1470.0,swap,74.64842131117221,292.0,4.0,74.64842875872402,6.0,0.0,0.0,1.0,0.0
1471.0,add_cx,74.70417705360529,292.0,4.0,74.64842875872402,6.0,0.0,0.0,1.0,1.0
1472.0,add_rx,74.64842875872402,292.0,4.0,74.64842875872402,6.0,1.0,0.0,1.0,0.0
1473.0,add_ry,74.57371405583271,292.0,4.0,74.64842875872402,6.0,0.0,1.0,1.0,0.0
1474.0,add_rz,74.64853079205284,292.0,4.0,74.64842875872402,6.0,0.0,0.0,2.0,0.0
1475.0,delete,74.6295889739201,292.0,4.0,74.64842875872402,5.0,0.0,0.0,1.0,0.0
1476.0,swap,74.57388992947067,292.0,4.0,74.64842875872402,5.0,0.0,0.0,2.0,0.0
1477.0,add_cx,74.62234247519807,293.0,3.0,74.62234247519807,7.0,0.0,0.0,0.0,2.0
1478.0,add_rx,74.62234247519805,293.0,3.0,74.62234247519807,7.0,1.0,0.0,0.0,1.0
1479.0,add_ry,74.75263061706941,293.0,3.0,74.62234247519807,7.0,0.0,1.0,0.0,1.0
1480.0,add_rz,74.59807361929494,293.0,3.0,74.62234247519807,7.0,0.0,0.0,1.0,1.0
1481.0,delete,74.63114092273666,293.0,3.0,74.62234247519807,6.0,0.0,0.0,0.0,1.0
1482.0,swap,74.47889499587008,293.0,3.0,74.62234247519807,6.0,1.0,0.0,0.0,1.0
1483.0,add_ry,74.61237416295589,294.0,2.0,74.63021640261111,7.0,0.0,1.0,0.0,0.0
1484.0,swap,74.60971965304901,295.0,4.0,74.61012359485527,6.0,0.0,0.0,1.0,0.0
1485.0,add_cx,74.61012359485527,295.0,4.0,74.61012359485527,6.0,0.0,0.0,1.0,1.0
1486.0,add_rx,74.61012359485527,295.0,4.0,74.61012359485527,6.0,1.0,0.0,1.0,0.0
1487.0,add_ry,74.68505201704741,295.0,4.0,74.61012359485527,6.0,0.0,1.0,1.0,0.0
1488.0,add_rz,74.61490354156346,295.0,4.0,74.61012359485527,6.0,0.0,0.0,2.0,0.0
1489.0,delete,74.60592683865956,295.0,4.0,74.61012359485527,6.0,0.0,0.0,0.0,0.0
1490.0,swap,74.70952940443388,295.0,4.0,74.61012359485527,5.0,0.0,1.0,1.0,0.0
1491.0,add_cx,74.63416553902071,296.0,3.0,74.63416553902071,7.0,0.0,0.0,0.0,2.0
1492.0,add_rx,74.63416553902071,296.0,3.0,74.63416553902071,7.0,1.0,0.0,0.0,1.0
1493.0,add_ry,74.68355240707481,296.0,3.0,74.63416553902071,7.0,0.0,1.0,0.0,1.0
1494.0,add_rz,74.63082170821018,296.0,3.0,74.63416553902071,7.0,0.0,0.0,1.0,1.0
1495.0,delete,74.64840748163569,296.0,3.0,74.63416553902071,6.0,0.0,0.0,0.0,1.0
1496.0,swap,74.46841073917925,296.0,3.0,74.63416553902071,6.0,1.0,0.0,0.0,1.0
1497.0,swap,74.46459110340075,297.0,2.0,74.56291340120013,6.0,0.0,0.0,2.0,0.0
1498.0,swap,74.67078734604017,298.0,2.0,74.61109523437658,6.0,1.0,0.0,0.0,0.0
1499.0,swap,74.67057808640557,299.0,3.0,74.67078734604017,6.0,1.0,0.0,0.0,0.0
1500.0,add_cx,74.67078734604017,299.0,3.0,74.67078734604017,6.0,1.0,0.0,0.0,1.0
1501.0,add_rx,74.66041835797515,299.0,3.0,74.67078734604017,6.0,2.0,0.0,0.0,0.0
1502.0,add_ry,74.68756690600452,299.0,3.0,74.67078734604017,6.0,1.0,1.0,0.0,0.0
1503.0,add_rz,74.67518153798093,299.0,3.0,74.67078734604017,6.0,1.0,0.0,1.0,0.0
1504.0,delete,74.60693748715273,299.0,3.0,74.67078734604017,5.0,1.0,0.0,0.0,0.0
1505.0,swap,74.64697141439743,299.0,3.0,74.67078734604017,5.0,2.0,0.0,0.0,0.0
1506.0,swap,74.67329986652122,300.0,4.0,74.67057808640557,6.0,1.0,0.0,0.0,0.0
1507.0,add_cx,74.67057808640557,300.0,4.0,74.67057808640557,6.0,1.0,0.0,0.0,1.0
1508.0,add_rx,74.6705780864056,300.0,4.0,74.67057808640557,6.0,2.0,0.0,0.0,0.0
1509.0,add_ry,74.69708884126639,300.0,4.0,74.67057808640557,6.0,1.0,1.0,0.0,0.0
1510.0,add_rz,74.67849183297187,300.0,4.0,74.67057808640557,6.0,1.0,0.0,1.0,0.0
1511.0,delete,74.6064760685916,300.0,4.0,74.67057808640557,5.0,1.0,0.0,0.0,0.0
1512.0,swap,74.6064760685916,300.0,4.0,74.67057808640557,5.0,1.0,0.0,0.0,1.0
1513.0,swap,74.64711816988678,301.0,4.0,74.64697141439743,5.0,2.0,0.0,0.0,0.0
1514.0,add_cx,74.64697141439743,301.0,4.0,74.64697141439743,5.0,2.0,0.0,0.0,1.0
1515.0,add_rx,74.64697141439743,301.0,4.0,74.64697141439743,5.0,3.0,0.0,0.0,0.0
1516.0,add_ry,74.67408108992427,301.0,4.0,74.64697141439743,5.0,2.0,1.0,0.0,0.0
1517.0,add_rz,74.68136900516218,301.0,4.0,74.64697141439743,5.0,2.0,0.0,1.0,0.0
1518.0,delete,74.69010400919537,301.0,4.0,74.64697141439743,4.0,2.0,0.0,0.0,0.0
1519.0,swap,74.69010400919537,301.0,4.0,74.64697141439743,4.0,2.0,0.0,1.0,0.0
1520.0,add_ry,74.74714458449725,302.0,4.0,74.75072632176011,7.0,0.0,1.0,0.0,0.0
1521.0,add_cx,74.75072632176011,302.0,4.0,74.75072632176011,7.0,0.0,1.0,0.0,1.0
1522.0,add_rx,74.75072632176013,302.0,4.0,74.75072632176011,7.0,1.0,1.0,0.0,0.0
1523.0,add_ry,74.75875882085448,302.0,4.0,74.75072632176011,7.0,0.0,2.0,0.0,0.0
1524.0,add_rz,74.76729131949725,302.0,4.0,74.75072632176011,7.0,0.0,1.0,1.0,0.0
1525.0,delete,74.80464075695154,302.0,4.0,74.75072632176011,6.0,0.0,1.0,0.0,0.0
1526.0,swap,74.7049094733126,302.0,4.0,74.75072632176011,6.0,1.0,1.0,0.0,0.0
1527.0,delete,74.702350867819,303.0,4.0,74.70475407561841,6.0,0.0,1.0,0.0,0.0
1528.0,add_cx,74.70441812211187,303.0,4.0,74.70475407561841,6.0,0.0,1.0,0.0,1.0
1529.0,add_rx,74.70475407561842,303.0,4.0,74.70475407561841,6.0,1.0,1.0,0.0,0.0
1530.0,add_ry,74.67324646247664,303.0,4.0,74.70475407561841,6.0,0.0,2.0,0.0,0.0
1531.0,add_rz,74.7045550082069,303.0,4.0,74.70475407561841,6.0,0.0,1.0,1.0,0.0
1532.0,delete,74.59758903731694,303.0,4.0,74.70475407561841,5.0,0.0,1.0,0.0,0.0
1533.0,swap,74.85874000124605,303.0,4.0,74.70475407561841,5.0,0.0,1.0,1.0,0.0
1534.0,add_rx,74.62027420950731,304.0,2.0,74.63099912743311,7.0,1.0,0.0,0.0,0.0
1535.0,add_rx,74.62027420950733,305.0,3.0,74.62027420950731,7.0,1.0,0.0,0.0,0.0
1536.0,add_cx,74.62027420950731,305.0,3.0,74.62027420950731,7.0,1.0,0.0,0.0,1.0
1537.0,add_rx,74.58436693960822,305.0,3.0,74.62027420950731,7.0,2.0,0.0,0.0,0.0
1538.0,add_ry,74.60137143013974,305.0,3.0,74.62027420950731,7.0,1.0,1.0,0.0,0.0
1539.0,add_rz,74.64244242577276,305.0,3.0,74.62027420950731,7.0,1.0,0.0,1.0,0.0
1540.0,delete,74.68854868443461,305.0,3.0,74.62027420950731,6.0,1.0,0.0,0.0,0.0
1541.0,swap,74.51379542628722,305.0,3.0,74.62027420950731,6.0,1.0,0.0,0.0,1.0
1542.0,add_cx,74.73952040717947,306.0,4.0,74.71233760452718,5.0,0.0,0.0,0.0,2.0
1543.0,add_rx,74.71233760452719,306.0,4.0,74.71233760452718,5.0,1.0,0.0,0.0,1.0
1544.0,add_ry,74.62593886188375,306.0,4.0,74.71233760452718,5.0,0.0,1.0,0.0,1.0
1545.0,add_rz,74.73879317499615,306.0,4.0,74.71233760452718,5.0,0.0,0.0,1.0,1.0
1546.0,delete,74.63013414026933,306.0,4.0,74.71233760452718,5.0,0.0,0.0,0.0,0.0
1547.0,swap,74.89757375003737,306.0,4.0,74.71233760452718,4.0,0.0,1.0,0.0,1.0
1548.0,delete,74.82382424862024,307.0,3.0,74.7223765062029,5.0,0.0,0.0,0.0,1.0
1549.0,add_cx,74.82382424862024,308.0,4.0,74.82382424862024,5.0,0.0,0.0,0.0,2.0
1550.0,add_rx,74.2289398613739,308.0,4.0,74.82382424862024,5.0,1.0,0.0,0.0,1.0
1551.0,add_ry,74.8206758963583,308.0,4.0,74.82382424862024,5.0,0.0,1.0,0.0,1.0
1552.0,add_rz,74.8260655383313,308.0,4.0,74.82382424862024,5.0,0.0,0.0,1.0,1.0
1553.0,delete,74.90409485937958,308.0,4.0,74.82382424862024,4.0,0.0,0.0,0.0,1.0
1554.0,swap,74.86471628377691,308.0,4.0,74.82382424862024,4.0,0.0,1.0,0.0,1.0
1555.0,add_cx,74.76574226844777,309.0,4.0,74.76574226844777,6.0,0.0,0.0,0.0,3.0
1556.0,add_rx,74.76574226844777,309.0,4.0,74.76574226844777,6.0,1.0,0.0,0.0,2.0
1557.0,add_ry,74.76371216543544,309.0,4.0,74.76574226844777,6.0,0.0,1.0,0.0,2.0
1558.0,add_rz,74.78123438178638,309.0,4.0,74.76574226844777,6.0,0.0,0.0,1.0,2.0
1559.0,delete,74.74297700642136,309.0,4.0,74.76574226844777,5.0,0.0,0.0,0.0,2.0
1560.0,swap,74.81699991785831,309.0,4.0,74.76574226844777,5.0,0.0,0.0,1.0,2.0
1561.0,add_rz,74.76574226844775,310.0,4.0,74.76574226844777,6.0,0.0,0.0,1.0,1.0
1562.0,add_cx,74.76574226844777,310.0,4.0,74.76574226844777,6.0,0.0,0.0,1.0,2.0
1563.0,add_rx,74.52513856234113,310.0,4.0,74.76574226844777,6.0,1.0,0.0,1.0,1.0
1564.0,add_ry,74.73034802985065,310.0,4.0,74.76574226844777,6.0,0.0,1.0,1.0,1.0
1565.0,add_rz,74.76524530782605,310.0,4.0,74.76574226844777,6.0,0.0,0.0,2.0,1.0
1566.0,delete,74.52482483630281,310.0,4.0,74.76574226844777,6.0,0.0,0.0,1.0,0.0
1567.0,swap,74.57604491578923,310.0,4.0,74.76574226844777,6.0,0.0,0.0,1.0,1.0
1568.0,delete,74.59919233492549,311.0,4.0,74.60693748715273,5.0,1.0,0.0,0.0,0.0
1569.0,add_cx,74.60693748715273,311.0,4.0,74.60693748715273,5.0,1.0,0.0,0.0,1.0
1570.0,add_rx,74.67157421120429,311.0,4.0,74.60693748715273,5.0,2.0,0.0,0.0,0.0
1571.0,add_ry,74.35354884552282,311.0,4.0,74.60693748715273,5.0,1.0,1.0,0.0,0.0
1572.0,add_rz,74.62129064339882,311.0,4.0,74.60693748715273,5.0,1.0,0.0,1.0,0.0
1573.0,delete,74.62232478858559,311.0,4.0,74.60693748715273,4.0,1.0,0.0,0.0,0.0
1574.0,swap,74.5834468277217,311.0,4.0,74.60693748715273,4.0,1.0,1.0,0.0,0.0
1575.0,delete,74.81699991785831,312.0,3.0,74.73919831999147,5.0,0.0,0.0,0.0,1.0
1576.0,add_cx,74.81699991785831,313.0,4.0,74.81699991785831,5.0,0.0,0.0,0.0,2.0
1577.0,add_rx,74.81699991785831,313.0,4.0,74.81699991785831,5.0,1.0,0.0,0.0,1.0
1578.0,add_ry,74.77972761557363,313.0,4.0,74.81699991785831,5.0,0.0,1.0,0.0,1.0
1579.0,add_rz,74.75888606300177,313.0,4.0,74.81699991785831,5.0,0.0,0.0,1.0,1.0
1580.0,delete,74.71258599042153,313.0,4.0,74.81699991785831,4.0,0.0,0.0,0.0,1.0
1581.0,swap,74.87005345937793,313.0,4.0,74.81699991785831,4.0,0.0,0.0,0.0,2.0
1582.0,swap,74.6881373075309,314.0,2.0,74.66145612867253,6.0,0.0,0.0,1.0,0.0
1583.0,swap,74.6884698683954,315.0,3.0,74.6881373075309,6.0,0.0,0.0,1.0,0.0
1584.0,add_cx,74.6881373075309,315.0,3.0,74.6881373075309,6.0,0.0,0.0,1.0,1.0
1585.0,add_rx,74.60965586876314,315.0,3.0,74.6881373075309,6.0,1.0,0.0,1.0,0.0
1586.0,add_ry,74.68307975917753,315.0,3.0,74.6881373075309,6.0,0.0,1.0,1.0,0.0
1587.0,add_rz,74.68753102624203,315.0,3.0,74.6881373075309,6.0,0.0,0.0,2.0,0.0
1588.0,delete,74.66068204598473,315.0,3.0,74.6881373075309,5.0,0.0,0.0,1.0,0.0
1589.0,swap,74.68796877267377,315.0,3.0,74.6881373075309,6.0,0.0,0.0,1.0,0.0
1590.0,swap,74.68854692034218,316.0,4.0,74.6884698683954,6.0,0.0,0.0,1.0,0.0
1591.0,add_cx,74.69633835880332,316.0,4.0,74.6884698683954,6.0,0.0,0.0,1.0,1.0
1592.0,add_rx,74.68688978088055,316.0,4.0,74.6884698683954,6.0,1.0,0.0,1.0,0.0
1593.0,add_ry,74.6083901579535,316.0,4.0,74.6884698683954,6.0,0.0,1.0,1.0,0.0
1594.0,add_rz,74.69394368681925,316.0,4.0,74.6884698683954,6.0,0.0,0.0,2.0,0.0
1595.0,delete,74.68854868443462,316.0,4.0,74.6884698683954,6.0,0.0,0.0,0.0,0.0
1596.0,swap,74.67005463222588,316.0,4.0,74.6884698683954,5.0,0.0,0.0,2.0,0.0
1597.0,swap,74.68780454140098,317.0,4.0,74.68796877267377,6.0,0.0,0.0,1.0,0.0
1598.0,add_cx,74.68227120334988,317.0,4.0,74.68796877267377,6.0,0.0,0.0,1.0,1.0
1599.0,add_rx,74.68796877267377,317.0,4.0,74.68796877267377,6.0,1.0,0.0,1.0,0.0
1600.0,add_ry,74.68223335198753,317.0,4.0,74.68796877267377,6.0,0.0,1.0,1.0,0.0
1601.0,add_rz,74.68359064113005,317.0,4.0,74.68796877267377,6.0,0.0,0.0,2.0,0.0
1602.0,delete,74.62349819928058,317.0,4.0,74.68796877267377,5.0,0.0,0.0,1.0,0.0
1603.0,swap,74.62046473573415,317.0,4.0,74.68796877267377,5.0,0.0,0.0,1.0,1.0
1604.0,delete,74.65211588683772,318.0,4.0,74.66068204598473,5.0,0.0,0.0,1.0,0.0
1605.0,add_cx,74.66068204598473,318.0,4.0,74.66068204598473,5.0,0.0,0.0,1.0,1.0
1606.0,add_rx,74.73849092425068,318.0,4.0,74.66068204598473,5.0,1.0,0.0,1.0,0.0
1607.0,add_ry,74.66091267301691,318.0,4.0,74.66068204598473,5.0,0.0,1.0,1.0,0.0
1608.0,add_rz,74.66208221945725,318.0,4.0,74.66068204598473,5.0,0.0,0.0,2.0,0.0
1609.0,delete,74.56992686098526,318.0,4.0,74.66068204598473,4.0,0.0,0.0,1.0,0.0
1610.0,swap,74.67677242177099,318.0,4.0,74.66068204598473,4.0,0.0,1.0,1.0,0.0
1611.0,delete,74.67322425426453,319.0,4.0,74.68567909510926,6.0,0.0,1.0,0.0,0.0
1612.0,add_cx,74.68567909510926,319.0,4.0,74.68567909510926,6.0,0.0,1.0,0.0,1.0
1613.0,add_rx,74.68567909510925,319.0,4.0,74.68567909510926,6.0,1.0,1.0,0.0,0.0
1614.0,add_ry,74.66050777320855,319.0,4.0,74.68567909510926,6.0,0.0,2.0,0.0,0.0
1615.0,add_rz,74.71224050476923,319.0,4.0,74.68567909510926,6.0,0.0,1.0,1.0,0.0
1616.0,delete,74.63880234601965,319.0,4.0,74.68567909510926,5.0,0.0,1.0,0.0,0.0
1617.0,swap,74.66730594985542,319.0,4.0,74.68567909510926,5.0,0.0,1.0,0.0,1.0
1618.0,swap,74.61257918366738,320.0,4.0,74.6125791836674,5.0,0.0,0.0,1.0,0.0
1619.0,add_cx,74.60133988775726,320.0,4.0,74.6125791836674,5.0,0.0,0.0,1.0,1.0
1620.0,add_rx,74.64015836217578,320.0,4.0,74.6125791836674,5.0,1.0,0.0,1.0,0.0
1621.0,add_ry,74.72367182732347,320.0,4.0,74.6125791836674,5.0,0.0,1.0,1.0,0.0
1622.0,add_rz,74.6125791836674,320.0,4.0,74.6125791836674,5.0,0.0,0.0,2.0,0.0
1623.0,delete,74.67582624661574,320.0,4.0,74.6125791836674,4.0,0.0,0.0,1.0,0.0
1624.0,swap,74.67582624661576,320.0,4.0,74.6125791836674,4.0,0.0,0.0,2.0,0.0
1625.0,add_cx,74.87005345937793,321.0,5.0,74.87005345937793,4.0,0.0,0.0,0.0,3.0
1626.0,add_rx,74.87005345937791,321.0,5.0,74.87005345937793,4.0,1.0,0.0,0.0,2.0
1627.0,add_ry,74.86586384119525,321.0,5.0,74.87005345937793,4.0,0.0,1.0,0.0,2.0
1628.0,add_rz,74.87005345937793,321.0,5.0,74.87005345937793,4.0,0.0,0.0,1.0,2.0
1629.0,delete,74.4501310668286,321.0,5.0,74.87005345937793,4.0,0.0,0.0,0.0,1.0
1630.0,swap,74.84362103521886,321.0,5.0,74.87005345937793,3.0,0.0,0.0,1.0,2.0
1631.0,add_cx,74.90409485937958,322.0,5.0,74.90409485937958,4.0,0.0,0.0,0.0,2.0
1632.0,add_rx,74.9040948593796,322.0,5.0,74.90409485937958,4.0,1.0,0.0,0.0,1.0
1633.0,add_ry,74.96235802189364,322.0,5.0,74.90409485937958,4.0,0.0,1.0,0.0,1.0
1634.0,add_rz,74.9040948593796,322.0,5.0,74.90409485937958,4.0,0.0,0.0,1.0,1.0
1635.0,delete,74.87113737845459,322.0,5.0,74.90409485937958,3.0,0.0,0.0,0.0,1.0
1636.0,swap,74.82677558327676,322.0,5.0,74.90409485937958,3.0,0.0,1.0,0.0,1.0
1637.0,swap,74.88192469669931,323.0,5.0,74.86471628377691,4.0,0.0,1.0,0.0,1.0
1638.0,add_cx,74.78444986191785,323.0,5.0,74.86471628377691,4.0,0.0,1.0,0.0,2.0
1639.0,add_rx,74.72552272214932,323.0,5.0,74.86471628377691,4.0,1.0,1.0,0.0,1.0
1640.0,add_ry,74.96562538502397,323.0,5.0,74.86471628377691,4.0,0.0,2.0,0.0,1.0
1641.0,add_rz,74.90802058742487,323.0,5.0,74.86471628377691,4.0,0.0,1.0,1.0,1.0
1642.0,delete,74.87503802849369,323.0,5.0,74.86471628377691,4.0,0.0,0.0,0.0,1.0
1643.0,swap,74.86520740316492,323.0,5.0,74.86471628377691,3.0,0.0,1.0,0.0,2.0
1644.0,delete,74.75777984095632,324.0,3.0,74.8017287482461,5.0,0.0,0.0,0.0,1.0
1645.0,add_cx,74.54224047058288,325.0,4.0,74.75777984095632,5.0,0.0,0.0,0.0,2.0
1646.0,add_rx,74.34122159584587,325.0,4.0,74.75777984095632,5.0,1.0,0.0,0.0,1.0
1647.0,add_ry,74.66248741871865,325.0,4.0,74.75777984095632,5.0,0.0,1.0,0.0,1.0
1648.0,add_rz,74.77273473466106,325.0,4.0,74.75777984095632,5.0,0.0,0.0,1.0,1.0
1649.0,delete,74.64086450232647,325.0,4.0,74.75777984095632,4.0,0.0,0.0,0.0,1.0
1650.0,swap,74.54907426676809,325.0,4.0,74.75777984095632,5.0,1.0,0.0,0.0,0.0
1651.0,swap,74.82382424862024,326.0,3.0,74.62793221081418,5.0,0.0,0.0,0.0,2.0
1652.0,add_cx,74.22641515629772,327.0,4.0,74.82382424862024,5.0,0.0,0.0,0.0,3.0
1653.0,add_rx,74.60686083954054,327.0,4.0,74.82382424862024,5.0,1.0,0.0,0.0,2.0
1654.0,add_ry,74.80069353585695,327.0,4.0,74.82382424862024,5.0,0.0,1.0,0.0,2.0
1655.0,add_rz,74.83025143193095,327.0,4.0,74.82382424862024,5.0,0.0,0.0,1.0,2.0
1656.0,delete,74.71258599042153,327.0,4.0,74.82382424862024,4.0,0.0,0.0,0.0,2.0
1657.0,swap,74.97273260339772,327.0,4.0,74.82382424862024,4.0,0.0,1.0,0.0,2.0
1658.0,swap,74.80768250564735,328.0,3.0,74.72463499076711,5.0,0.0,1.0,0.0,1.0
1659.0,swap,74.80755316722065,329.0,4.0,74.80768250564735,5.0,0.0,1.0,0.0,1.0
1660.0,add_cx,74.80768250564735,329.0,4.0,74.80768250564735,5.0,0.0,1.0,0.0,2.0
1661.0,add_rx,74.80768250564735,329.0,4.0,74.80768250564735,5.0,1.0,1.0,0.0,1.0
1662.0,add_ry,74.70138176836873,329.0,4.0,74.80768250564735,5.0,0.0,2.0,0.0,1.0
1663.0,add_rz,74.80028876012783,329.0,4.0,74.80768250564735,5.0,0.0,1.0,1.0,1.0
1664.0,delete,74.78773420662507,329.0,4.0,74.80768250564735,4.0,0.0,1.0,0.0,1.0
1665.0,swap,74.7217084237867,329.0,4.0,74.80768250564735,4.0,1.0,1.0,0.0,1.0
1666.0,add_cx,74.60486423077961,330.0,4.0,74.60486423077961,6.0,0.0,0.0,0.0,3.0
1667.0,add_rx,74.6048642307796,330.0,4.0,74.60486423077961,6.0,1.0,0.0,0.0,2.0
1668.0,add_ry,74.60442864145173,330.0,4.0,74.60486423077961,6.0,0.0,1.0,0.0,2.0
1669.0,add_rz,74.60486423077963,330.0,4.0,74.60486423077961,6.0,0.0,0.0,1.0,2.0
1670.0,delete,74.61930061093,330.0,4.0,74.60486423077961,5.0,0.0,0.0,0.0,2.0
1671.0,swap,74.64130860609706,330.0,4.0,74.60486423077961,6.0,0.0,0.0,0.0,2.0
1672.0,add_cx,74.68779744451298,331.0,4.0,74.6881373075309,6.0,0.0,0.0,1.0,1.0
1673.0,add_cx,74.56226622089515,331.0,4.0,74.6881373075309,6.0,0.0,0.0,1.0,2.0
1674.0,add_rx,74.6881373075309,331.0,4.0,74.6881373075309,6.0,1.0,0.0,1.0,1.0
1675.0,add_ry,74.42673565114889,331.0,4.0,74.6881373075309,6.0,0.0,1.0,1.0,1.0
1676.0,add_rz,74.68813730753088,331.0,4.0,74.6881373075309,6.0,0.0,0.0,2.0,1.0
1677.0,delete,74.6881373075309,331.0,4.0,74.6881373075309,6.0,0.0,0.0,1.0,0.0
1678.0,swap,74.65609542035568,331.0,4.0,74.6881373075309,5.0,1.0,0.0,1.0,1.0
1679.0,add_rx,74.52668243828855,332.0,4.0,74.52667633196668,6.0,1.0,0.0,0.0,1.0
1680.0,add_cx,74.52667633196668,332.0,4.0,74.52667633196668,6.0,1.0,0.0,0.0,2.0
1681.0,add_rx,74.52667633196667,332.0,4.0,74.52667633196668,6.0,2.0,0.0,0.0,1.0
1682.0,add_ry,74.62318688151751,332.0,4.0,74.52667633196668,6.0,1.0,1.0,0.0,1.0
1683.0,add_rz,74.51636562764251,332.0,4.0,74.52667633196668,6.0,1.0,0.0,1.0,1.0
1684.0,delete,74.63076588931412,332.0,4.0,74.52667633196668,5.0,1.0,0.0,0.0,1.0
1685.0,swap,74.6715996308258,332.0,4.0,74.52667633196668,5.0,1.0,1.0,0.0,1.0
1686.0,swap,74.61236340720718,333.0,3.0,74.75242461057549,5.0,0.0,1.0,0.0,1.0
1687.0,swap,74.85921312822902,334.0,5.0,74.89757375003737,4.0,0.0,1.0,0.0,1.0
1688.0,add_cx,74.59639763761784,334.0,5.0,74.89757375003737,4.0,0.0,1.0,0.0,2.0
1689.0,add_rx,74.8303091808806,334.0,5.0,74.89757375003737,4.0,1.0,1.0,0.0,1.0
1690.0,add_ry,74.87462242341408,334.0,5.0,74.89757375003737,4.0,0.0,2.0,0.0,1.0
1691.0,add_rz,74.89757375003737,334.0,5.0,74.89757375003737,4.0,0.0,1.0,1.0,1.0
1692.0,delete,74.83288740379744,334.0,5.0,74.89757375003737,4.0,0.0,0.0,0.0,1.0
1693.0,swap,74.89462037118962,334.0,5.0,74.89757375003737,3.0,1.0,1.0,0.0,1.0
1694.0,add_cx,74.95106218415562,335.0,5.0,74.71258599042153,4.0,0.0,0.0,0.0,2.0
1695.0,add_rx,74.71258599042153,335.0,5.0,74.71258599042153,4.0,1.0,0.0,0.0,1.0
1696.0,add_ry,73.6841583335252,335.0,5.0,74.71258599042153,4.0,0.0,1.0,0.0,1.0
1697.0,add_rz,74.74047278953437,335.0,5.0,74.71258599042153,4.0,0.0,0.0,1.0,1.0
1698.0,delete,74.81901650292454,335.0,5.0,74.71258599042153,3.0,0.0,0.0,0.0,1.0
1699.0,swap,74.86551024448313,335.0,5.0,74.71258599042153,3.0,0.0,1.0,0.0,1.0
1700.0,swap,74.61255909885271,336.0,4.0,74.61236340720718,5.0,0.0,1.0,0.0,1.0
1701.0,add_cx,74.44678396217788,336.0,4.0,74.61236340720718,5.0,0.0,1.0,0.0,2.0
1702.0,add_rx,74.61236340720718,336.0,4.0,74.61236340720718,5.0,1.0,1.0,0.0,1.0
1703.0,add_ry,74.77076966336377,336.0,4.0,74.61236340720718,5.0,0.0,2.0,0.0,1.0
1704.0,add_rz,74.61243727212288,336.0,4.0,74.61236340720718,5.0,0.0,1.0,1.0,1.0
1705.0,delete,74.61512176855462,336.0,4.0,74.61236340720718,4.0,0.0,1.0,0.0,1.0
1706.0,swap,74.58066239877893,336.0,4.0,74.61236340720718,5.0,1.0,0.0,0.0,1.0
1707.0,add_rz,74.62431483263985,337.0,2.0,74.61458240328703,7.0,0.0,0.0,1.0,0.0
1708.0,swap,74.48973642114159,338.0,2.0,74.68072841090644,6.0,1.0,0.0,0.0,0.0
1709.0,add_rz,74.62418674731506,339.0,3.0,74.62431483263985,7.0,0.0,0.0,1.0,0.0
1710.0,add_cx,74.62431483263985,339.0,3.0,74.62431483263985,7.0,0.0,0.0,1.0,1.0
1711.0,add_rx,74.62431483263985,339.0,3.0,74.62431483263985,7.0,1.0,0.0,1.0,0.0
1712.0,add_ry,74.638492257732,339.0,3.0,74.62431483263985,7.0,0.0,1.0,1.0,0.0
1713.0,add_rz,74.65430483679698,339.0,3.0,74.62431483263985,7.0,0.0,0.0,2.0,0.0
1714.0,delete,74.65086127090501,339.0,3.0,74.62431483263985,6.0,0.0,0.0,1.0,0.0
1715.0,swap,74.65086127090501,339.0,3.0,74.62431483263985,6.0,1.0,0.0,1.0,0.0
1716.0,swap,74.53754219176747,340.0,3.0,74.48973642114159,6.0,1.0,0.0,0.0,0.0
1717.0,add_cx,74.48973642114159,340.0,3.0,74.48973642114159,6.0,1.0,0.0,0.0,1.0
1718.0,add_rx,74.48973642114157,340.0,3.0,74.48973642114159,6.0,2.0,0.0,0.0,0.0
1719.0,add_ry,74.53690321504476,340.0,3.0,74.48973642114159,6.0,1.0,1.0,0.0,0.0
1720.0,add_rz,74.48343291914622,340.0,3.0,74.48973642114159,6.0,1.0,0.0,1.0,0.0
1721.0,delete,74.61051927341728,340.0,3.0,74.48973642114159,5.0,1.0,0.0,0.0,0.0
1722.0,swap,74.37904486276808,340.0,3.0,74.48973642114159,5.0,1.0,0.0,0.0,1.0
1723.0,swap,74.65888506106356,341.0,4.0,74.6588850610636,5.0,0.0,0.0,1.0,0.0
1724.0,add_cx,74.6588850610636,341.0,4.0,74.6588850610636,5.0,0.0,0.0,1.0,1.0
1725.0,add_rx,74.69677398104884,341.0,4.0,74.6588850610636,5.0,1.0,0.0,1.0,0.0
1726.0,add_ry,74.68813471081238,341.0,4.0,74.6588850610636,5.0,0.0,1.0,1.0,0.0
1727.0,add_rz,74.6588850610636,341.0,4.0,74.6588850610636,5.0,0.0,0.0,2.0,0.0
1728.0,delete,74.64656859155133,341.0,4.0,74.6588850610636,4.0,0.0,0.0,1.0,0.0
1729.0,swap,74.8785364434331,341.0,4.0,74.6588850610636,5.0,0.0,1.0,0.0,0.0
1730.0,add_cx,74.82219812623985,342.0,4.0,74.82219812623985,6.0,0.0,0.0,0.0,2.0
1731.0,add_rx,74.82219812623983,342.0,4.0,74.82219812623985,6.0,1.0,0.0,0.0,1.0
1732.0,add_ry,74.87105899586622,342.0,4.0,74.82219812623985,6.0,0.0,1.0,0.0,1.0
1733.0,add_rz,74.82790817295312,342.0,4.0,74.82219812623985,6.0,0.0,0.0,1.0,1.0
1734.0,delete,74.85470214627124,342.0,4.0,74.82219812623985,5.0,0.0,0.0,0.0,1.0
1735.0,swap,74.8770482904121,342.0,4.0,74.82219812623985,5.0,0.0,0.0,0.0,2.0
1736.0,add_ry,74.52804482507855,343.0,4.0,74.52494630674451,6.0,0.0,1.0,0.0,0.0
1737.0,add_cx,74.50887598103755,343.0,4.0,74.52494630674451,6.0,0.0,1.0,0.0,1.0
1738.0,add_rx,74.52494630674451,343.0,4.0,74.52494630674451,6.0,1.0,1.0,0.0,0.0
1739.0,add_ry,74.6610765353067,343.0,4.0,74.52494630674451,6.0,0.0,2.0,0.0,0.0
1740.0,add_rz,74.53624053271184,343.0,4.0,74.52494630674451,6.0,0.0,1.0,1.0,0.0
1741.0,delete,74.22636813585441,343.0,4.0,74.52494630674451,5.0,0.0,1.0,0.0,0.0
1742.0,swap,74.65856248464144,343.0,4.0,74.52494630674451,5.0,0.0,1.0,1.0,0.0
1743.0,add_cx,74.61257918366739,344.0,4.0,74.61257918366739,5.0,0.0,0.0,0.0,1.0
1744.0,add_rx,74.61257918366739,344.0,4.0,74.61257918366739,5.0,1.0,0.0,0.0,0.0
1745.0,add_ry,74.60346829728344,344.0,4.0,74.61257918366739,5.0,0.0,1.0,0.0,0.0
1746.0,add_rz,74.63215598465906,344.0,4.0,74.61257918366739,5.0,0.0,0.0,1.0,0.0
1747.0,delete,74.67582624661574,344.0,4.0,74.61257918366739,4.0,0.0,0.0,0.0,0.0
1748.0,swap,74.5765965416651,344.0,4.0,74.61257918366739,4.0,0.0,0.0,1.0,0.0
1749.0,add_ry,74.69005792682356,345.0,2.0,74.69381266350129,7.0,0.0,1.0,0.0,0.0
1750.0,add_ry,74.68898800262048,346.0,3.0,74.69005792682356,7.0,0.0,1.0,0.0,0.0
1751.0,add_cx,74.69005792682356,346.0,3.0,74.69005792682356,7.0,0.0,1.0,0.0,1.0
1752.0,add_rx,74.69005792682356,346.0,3.0,74.69005792682356,7.0,1.0,1.0,0.0,0.0
1753.0,add_ry,74.67767290380449,346.0,3.0,74.69005792682356,7.0,0.0,2.0,0.0,0.0
1754.0,add_rz,74.67973643250345,346.0,3.0,74.69005792682356,7.0,0.0,1.0,1.0,0.0
1755.0,delete,74.61318440538108,346.0,3.0,74.69005792682356,6.0,0.0,1.0,0.0,0.0
1756.0,swap,74.63914087716523,346.0,3.0,74.69005792682356,6.0,0.0,1.0,1.0,0.0
1757.0,add_cx,74.62027420950731,347.0,2.0,74.58933503757363,7.0,0.0,0.0,0.0,1.0
1758.0,add_cx,74.62027420950731,348.0,3.0,74.62027420950731,7.0,0.0,0.0,0.0,2.0
1759.0,add_rx,74.57281665660774,348.0,3.0,74.62027420950731,7.0,1.0,0.0,0.0,1.0
1760.0,add_ry,74.62464287825459,348.0,3.0,74.62027420950731,7.0,0.0,1.0,0.0,1.0
1761.0,add_rz,74.60128706338827,348.0,3.0,74.62027420950731,7.0,0.0,0.0,1.0,1.0
1762.0,delete,74.64494185732738,348.0,3.0,74.62027420950731,6.0,0.0,0.0,0.0,1.0
1763.0,swap,74.64344716342265,348.0,3.0,74.62027420950731,6.0,0.0,1.0,0.0,1.0
1764.0,delete,74.61313655972202,349.0,4.0,74.61051927341728,5.0,1.0,0.0,0.0,0.0
1765.0,add_cx,74.61051927341728,349.0,4.0,74.61051927341728,5.0,1.0,0.0,0.0,1.0
1766.0,add_rx,74.61051927341728,349.0,4.0,74.61051927341728,5.0,2.0,0.0,0.0,0.0
1767.0,add_ry,74.68210592879275,349.0,4.0,74.61051927341728,5.0,1.0,1.0,0.0,0.0
1768.0,add_rz,74.61292258834256,349.0,4.0,74.61051927341728,5.0,1.0,0.0,1.0,0.0
1769.0,delete,74.67223212842858,349.0,4.0,74.61051927341728,4.0,1.0,0.0,0.0,0.0
1770.0,swap,74.6725944560182,349.0,4.0,74.61051927341728,4.0,1.0,0.0,1.0,0.0
1771.0,add_ry,74.72359621988835,350.0,4.0,74.72354499229081,6.0,0.0,1.0,0.0,0.0
1772.0,add_cx,74.72354499229081,350.0,4.0,74.72354499229081,6.0,0.0,1.0,0.0,1.0
1773.0,add_rx,74.69695894544381,350.0,4.0,74.72354499229081,6.0,1.0,1.0,0.0,0.0
1774.0,add_ry,74.66712738939485,350.0,4.0,74.72354499229081,6.0,0.0,2.0,0.0,0.0
1775.0,add_rz,74.71175672928379,350.0,4.0,74.72354499229081,6.0,0.0,1.0,1.0,0.0
1776.0,delete,74.68854868443462,350.0,4.0,74.72354499229081,6.0,0.0,0.0,0.0,0.0
1777.0,swap,74.61460840365368,350.0,4.0,74.72354499229081,5.0,0.0,1.0,1.0,0.0
1778.0,add_cx,74.6769117951721,351.0,4.0,74.6769117951721,6.0,0.0,0.0,0.0,2.0
1779.0,add_rx,74.62079395179069,351.0,4.0,74.6769117951721,6.0,1.0,0.0,0.0,1.0
1780.0,add_ry,74.64342049626043,351.0,4.0,74.6769117951721,6.0,0.0,1.0,0.0,1.0
1781.0,add_rz,74.66141285106629,351.0,4.0,74.6769117951721,6.0,0.0,0.0,1.0,1.0
1782.0,delete,74.62376864251209,351.0,4.0,74.6769117951721,5.0,0.0,0.0,0.0,1.0
1783.0,swap,74.68550857553615,351.0,4.0,74.6769117951721,5.0,1.0,0.0,0.0,1.0
1784.0,add_cx,74.46459110340078,352.0,4.0,74.46459110340078,6.0,0.0,0.0,0.0,1.0
1785.0,add_rx,74.46459110340078,352.0,4.0,74.46459110340078,6.0,1.0,0.0,0.0,0.0
1786.0,add_ry,74.58276748918637,352.0,4.0,74.46459110340078,6.0,0.0,1.0,0.0,0.0
1787.0,add_rz,74.4353322171025,352.0,4.0,74.46459110340078,6.0,0.0,0.0,1.0,0.0
1788.0,delete,74.58575146162005,352.0,4.0,74.46459110340078,5.0,0.0,0.0,0.0,0.0
1789.0,swap,74.61522695093662,352.0,4.0,74.46459110340078,5.0,1.0,0.0,0.0,0.0
1790.0,add_cx,74.68854868443462,353.0,4.0,74.68854868443462,6.0,0.0,0.0,0.0,2.0
1791.0,add_rx,74.68854868443461,353.0,4.0,74.68854868443462,6.0,1.0,0.0,0.0,1.0
1792.0,add_ry,74.66135604729506,353.0,4.0,74.68854868443462,6.0,0.0,1.0,0.0,1.0
1793.0,add_rz,74.68927023136827,353.0,4.0,74.68854868443462,6.0,0.0,0.0,1.0,1.0
1794.0,delete,74.6540708263339,353.0,4.0,74.68854868443462,5.0,0.0,0.0,0.0,1.0
1795.0,swap,74.7205459014267,353.0,4.0,74.68854868443462,5.0,0.0,0.0,0.0,2.0
1796.0,add_ry,74.6844019567342,354.0,4.0,74.68898800262048,7.0,0.0,1.0,0.0,0.0
1797.0,add_cx,74.68898800262048,354.0,4.0,74.68898800262048,7.0,0.0,1.0,0.0,1.0
1798.0,add_rx,74.68898800262048,354.0,4.0,74.68898800262048,7.0,1.0,1.0,0.0,0.0
1799.0,add_ry,74.57947665509076,354.0,4.0,74.68898800262048,7.0,0.0,2.0,0.0,0.0
1800.0,add_rz,74.67143832303454,354.0,4.0,74.68898800262048,7.0,0.0,1.0,1.0,0.0
1801.0,delete,74.65074635732658,354.0,4.0,74.68898800262048,6.0,0.0,1.0,0.0,0.0
1802.0,swap,74.71491213240863,354.0,4.0,74.68898800262048,6.0,0.0,2.0,0.0,0.0
1803.0,delete,74.46459110340078,355.0,2.0,74.64166326016507,6.0,0.0,0.0,0.0,0.0
1804.0,swap,74.7033041422204,356.0,4.0,74.70347268680065,6.0,1.0,0.0,1.0,0.0
1805.0,add_cx,74.69838938068425,356.0,4.0,74.70347268680065,6.0,1.0,0.0,1.0,1.0
1806.0,add_rx,74.55220061776222,356.0,4.0,74.70347268680065,6.0,2.0,0.0,1.0,0.0
1807.0,add_ry,74.72654980635744,356.0,4.0,74.70347268680065,6.0,1.0,1.0,1.0,0.0
1808.0,add_rz,74.64875491028177,356.0,4.0,74.70347268680065,6.0,1.0,0.0,2.0,0.0
1809.0,delete,74.66164692685625,356.0,4.0,74.70347268680065,5.0,1.0,0.0,1.0,0.0
1810.0,swap,74.66164692685625,356.0,4.0,74.70347268680065,5.0,1.0,0.0,1.0,1.0
1811.0,add_cx,74.46459110340078,357.0,3.0,74.46459110340078,6.0,0.0,0.0,0.0,1.0
1812.0,add_rx,74.46459110340078,357.0,3.0,74.46459110340078,6.0,1.0,0.0,0.0,0.0
1813.0,add_ry,74.51031292926375,357.0,3.0,74.46459110340078,6.0,0.0,1.0,0.0,0.0
1814.0,add_rz,74.4878394897059,357.0,3.0,74.46459110340078,6.0,0.0,0.0,1.0,0.0
1815.0,delete,74.12346633927798,357.0,3.0,74.46459110340078,5.0,0.0,0.0,0.0,0.0
1816.0,swap,74.5736499557559,357.0,3.0,74.46459110340078,5.0,0.0,0.0,1.0,0.0
1817.0,add_cx,74.54160695726546,358.0,4.0,74.60651697401987,5.0,0.0,0.0,0.0,1.0
1818.0,add_rx,74.62237972383255,358.0,4.0,74.60651697401987,5.0,1.0,0.0,0.0,0.0
1819.0,add_ry,74.5185978707115,358.0,4.0,74.60651697401987,5.0,0.0,1.0,0.0,0.0
1820.0,add_rz,74.60651697401987,358.0,4.0,74.60651697401987,5.0,0.0,0.0,1.0,0.0
1821.0,delete,74.47182982210562,358.0,4.0,74.60651697401987,4.0,0.0,0.0,0.0,0.0
1822.0,swap,74.47182982210562,358.0,4.0,74.60651697401987,4.0,0.0,0.0,0.0,1.0
1823.0,swap,74.6173013897974,359.0,4.0,74.60792935808146,6.0,0.0,1.0,0.0,0.0
1824.0,add_cx,74.4092749872357,359.0,4.0,74.60792935808146,6.0,0.0,1.0,0.0,1.0
1825.0,add_rx,74.61384220978663,359.0,4.0,74.60792935808146,6.0,1.0,1.0,0.0,0.0
1826.0,add_ry,74.43180702909488,359.0,4.0,74.60792935808146,6.0,0.0,2.0,0.0,0.0
1827.0,add_rz,74.73590073812902,359.0,4.0,74.60792935808146,6.0,0.0,1.0,1.0,0.0
1828.0,delete,74.66784168801313,359.0,4.0,74.60792935808146,5.0,0.0,1.0,0.0,0.0
1829.0,swap,74.48517174965026,359.0,4.0,74.60792935808146,5.0,0.0,2.0,0.0,0.0
1830.0,delete,74.66580999130515,360.0,4.0,74.67143952169671,5.0,0.0,1.0,0.0,0.0
1831.0,add_cx,74.58425348019354,360.0,4.0,74.67143952169671,5.0,0.0,1.0,0.0,1.0
1832.0,add_rx,74.6098358875093,360.0,4.0,74.67143952169671,5.0,1.0,1.0,0.0,0.0
1833.0,add_ry,74.66411930982322,360.0,4.0,74.67143952169671,5.0,0.0,2.0,0.0,0.0
1834.0,add_rz,74.67083350028875,360.0,4.0,74.67143952169671,5.0,0.0,1.0,1.0,0.0
1835.0,delete,74.63060645388067,360.0,4.0,74.67143952169671,4.0,0.0,1.0,0.0,0.0
1836.0,swap,74.85615491169186,360.0,4.0,74.67143952169671,5.0,0.0,1.0,0.0,0.0
1837.0,add_ry,74.72306227763067,361.0,4.0,74.72298429414134,6.0,1.0,1.0,0.0,0.0
1838.0,add_cx,74.72298429414134,361.0,4.0,74.72298429414134,6.0,1.0,1.0,0.0,1.0
1839.0,add_rx,74.72298429414133,361.0,4.0,74.72298429414134,6.0,2.0,1.0,0.0,0.0
1840.0,add_ry,74.6406981275324,361.0,4.0,74.72298429414134,6.0,1.0,2.0,0.0,0.0
1841.0,add_rz,74.73582901376918,361.0,4.0,74.72298429414134,6.0,1.0,1.0,1.0,0.0
1842.0,delete,74.72784311681971,361.0,4.0,74.72298429414134,5.0,1.0,1.0,0.0,0.0
1843.0,swap,74.68854946066844,361.0,4.0,74.72298429414134,6.0,0.0,1.0,1.0,0.0
1844.0,delete,74.66372550298148,362.0,4.0,74.66683124494787,5.0,0.0,1.0,0.0,0.0
1845.0,add_cx,74.5752254022698,362.0,4.0,74.66683124494787,5.0,0.0,1.0,0.0,1.0
1846.0,add_rx,74.39110893328797,362.0,4.0,74.66683124494787,5.0,1.0,1.0,0.0,0.0
1847.0,add_ry,74.67207658673335,362.0,4.0,74.66683124494787,5.0,0.0,2.0,0.0,0.0
1848.0,add_rz,74.66683162905542,362.0,4.0,74.66683124494787,5.0,0.0,1.0,1.0,0.0
1849.0,delete,74.65787020869863,362.0,4.0,74.66683124494787,4.0,0.0,1.0,0.0,0.0
1850.0,swap,74.7079083610715,362.0,4.0,74.66683124494787,4.0,1.0,1.0,0.0,0.0
1851.0,add_rz,74.54912893829975,363.0,3.0,74.55029163086932,7.0,0.0,0.0,1.0,0.0
1852.0,add_cx,74.60243667166056,363.0,3.0,74.55029163086932,7.0,0.0,0.0,1.0,1.0
1853.0,add_rx,74.55029163086932,363.0,3.0,74.55029163086932,7.0,1.0,0.0,1.0,0.0
1854.0,add_ry,74.46504190675914,363.0,3.0,74.55029163086932,7.0,0.0,1.0,1.0,0.0
1855.0,add_rz,74.54327482903702,363.0,3.0,74.55029163086932,7.0,0.0,0.0,2.0,0.0
1856.0,delete,74.68622970275861,363.0,3.0,74.55029163086932,6.0,0.0,0.0,1.0,0.0
1857.0,swap,74.69854321628331,363.0,3.0,74.55029163086932,6.0,0.0,0.0,1.0,1.0
1858.0,add_cx,74.60894252470644,364.0,4.0,74.60894252470644,5.0,0.0,0.0,0.0,1.0
1859.0,add_rx,74.60389352122573,364.0,4.0,74.60894252470644,5.0,1.0,0.0,0.0,0.0
1860.0,add_ry,74.68963201077365,364.0,4.0,74.60894252470644,5.0,0.0,1.0,0.0,0.0
1861.0,add_rz,74.6089425247064,364.0,4.0,74.60894252470644,5.0,0.0,0.0,1.0,0.0
1862.0,delete,74.66382764577374,364.0,4.0,74.60894252470644,4.0,0.0,0.0,0.0,0.0
1863.0,swap,74.66991035749255,364.0,4.0,74.60894252470644,4.0,0.0,0.0,0.0,1.0
1864.0,delete,74.616734461863,365.0,4.0,74.61675496908062,5.0,0.0,0.0,1.0,0.0
1865.0,add_cx,74.61675496908062,365.0,4.0,74.61675496908062,5.0,0.0,0.0,1.0,1.0
1866.0,add_rx,74.61675496908062,365.0,4.0,74.61675496908062,5.0,1.0,0.0,1.0,0.0
1867.0,add_ry,74.32596162982964,365.0,4.0,74.61675496908062,5.0,0.0,1.0,1.0,0.0
1868.0,add_rz,74.61675496908062,365.0,4.0,74.61675496908062,5.0,0.0,0.0,2.0,0.0
1869.0,delete,74.66382764577372,365.0,4.0,74.61675496908062,4.0,0.0,0.0,1.0,0.0
1870.0,swap,74.38146316653126,365.0,4.0,74.61675496908062,4.0,0.0,0.0,1.0,1.0
1871.0,delete,74.65795018627114,366.0,4.0,74.65086127090501,6.0,0.0,0.0,1.0,0.0
1872.0,add_cx,74.65086127090501,366.0,4.0,74.65086127090501,6.0,0.0,0.0,1.0,1.0
1873.0,add_rx,74.67585865015589,366.0,4.0,74.65086127090501,6.0,1.0,0.0,1.0,0.0
1874.0,add_ry,74.36580742020311,366.0,4.0,74.65086127090501,6.0,0.0,1.0,1.0,0.0
1875.0,add_rz,74.6780495246099,366.0,4.0,74.65086127090501,6.0,0.0,0.0,2.0,0.0
1876.0,delete,74.63555139805158,366.0,4.0,74.65086127090501,5.0,0.0,0.0,1.0,0.0
1877.0,swap,74.61723525721652,366.0,4.0,74.65086127090501,5.0,0.0,0.0,1.0,1.0
1878.0,swap,74.62626654834528,367.0,4.0,74.6274327964525,6.0,0.0,0.0,1.0,0.0
1879.0,add_cx,74.6274327964525,367.0,4.0,74.6274327964525,6.0,0.0,0.0,1.0,1.0
1880.0,add_rx,74.59956813489552,367.0,4.0,74.6274327964525,6.0,1.0,0.0,1.0,0.0
1881.0,add_ry,74.45242801835828,367.0,4.0,74.6274327964525,6.0,0.0,1.0,1.0,0.0
1882.0,add_rz,74.6237034987692,367.0,4.0,74.6274327964525,6.0,0.0,0.0,2.0,0.0
1883.0,delete,74.60467148882915,367.0,4.0,74.6274327964525,5.0,0.0,0.0,1.0,0.0
1884.0,swap,74.56830591109349,367.0,4.0,74.6274327964525,5.0,0.0,0.0,2.0,0.0
1885.0,delete,74.68398462998432,368.0,3.0,74.73880300376166,5.0,1.0,0.0,0.0,0.0
1886.0,delete,74.68735056801408,369.0,4.0,74.68398462998432,5.0,1.0,0.0,0.0,0.0
1887.0,add_cx,74.679622891719,369.0,4.0,74.68398462998432,5.0,1.0,0.0,0.0,1.0
1888.0,add_rx,74.68398462998431,369.0,4.0,74.68398462998432,5.0,2.0,0.0,0.0,0.0
1889.0,add_ry,74.68443063831528,369.0,4.0,74.68398462998432,5.0,1.0,1.0,0.0,0.0
1890.0,add_rz,74.68070923315177,369.0,4.0,74.68398462998432,5.0,1.0,0.0,1.0,0.0
1891.0,delete,74.79404579696006,369.0,4.0,74.68398462998432,4.0,1.0,0.0,0.0,0.0
1892.0,swap,74.5695617247433,369.0,4.0,74.68398462998432,4.0,1.0,0.0,0.0,1.0
1893.0,swap,74.61587790426351,370.0,4.0,74.61014534775502,6.0,0.0,1.0,0.0,0.0
1894.0,add_cx,74.61014534775502,370.0,4.0,74.61014534775502,6.0,0.0,1.0,0.0,1.0
1895.0,add_rx,74.61014534775506,370.0,4.0,74.61014534775502,6.0,1.0,1.0,0.0,0.0
1896.0,add_ry,74.6625812632196,370.0,4.0,74.61014534775502,6.0,0.0,2.0,0.0,0.0
1897.0,add_rz,74.62744605422398,370.0,4.0,74.61014534775502,6.0,0.0,1.0,1.0,0.0
1898.0,delete,74.67637344708226,370.0,4.0,74.61014534775502,5.0,0.0,1.0,0.0,0.0
1899.0,swap,74.67637344708226,370.0,4.0,74.61014534775502,5.0,0.0,1.0,0.0,1.0
1900.0,add_cx,74.48233936470484,371.0,4.0,74.64672913017118,5.0,0.0,0.0,0.0,3.0
1901.0,add_rx,74.64672913017118,371.0,4.0,74.64672913017118,5.0,1.0,0.0,0.0,2.0
1902.0,add_ry,74.66728084192317,371.0,4.0,74.64672913017118,5.0,0.0,1.0,0.0,2.0
1903.0,add_rz,74.5944208728525,371.0,4.0,74.64672913017118,5.0,0.0,0.0,1.0,2.0
1904.0,delete,74.62335902032497,371.0,4.0,74.64672913017118,4.0,0.0,0.0,0.0,2.0
1905.0,swap,74.62335902032497,371.0,4.0,74.64672913017118,4.0,0.0,0.0,0.0,3.0
1906.0,swap,74.81576682031513,372.0,3.0,74.66645476617192,5.0,0.0,1.0,0.0,1.0
1907.0,swap,74.82101159453292,373.0,4.0,74.81576682031513,5.0,0.0,1.0,0.0,1.0
1908.0,add_cx,74.99973211369505,373.0,4.0,74.81576682031513,5.0,0.0,1.0,0.0,2.0
1909.0,add_rx,74.81576682031513,373.0,4.0,74.81576682031513,5.0,1.0,1.0,0.0,1.0
1910.0,add_ry,74.79212787344164,373.0,4.0,74.81576682031513,5.0,0.0,2.0,0.0,1.0
1911.0,add_rz,74.815706244437,373.0,4.0,74.81576682031513,5.0,0.0,1.0,1.0,1.0
1912.0,delete,74.82382424862024,373.0,4.0,74.81576682031513,5.0,0.0,0.0,0.0,1.0
1913.0,swap,75.03953359630913,373.0,4.0,74.81576682031513,4.0,1.0,1.0,0.0,1.0
1914.0,swap,75.03953359630911,374.0,5.0,75.03953359630913,4.0,1.0,1.0,0.0,1.0
1915.0,add_cx,74.46851963091585,374.0,5.0,75.03953359630913,4.0,1.0,1.0,0.0,2.0
1916.0,add_rx,75.03953359630913,374.0,5.0,75.03953359630913,4.0,2.0,1.0,0.0,1.0
1917.0,add_ry,74.64771131687193,374.0,5.0,75.03953359630913,4.0,1.0,2.0,0.0,1.0
1918.0,add_rz,75.03953359630913,374.0,5.0,75.03953359630913,4.0,1.0,1.0,1.0,1.0
1919.0,delete,74.8827196395824,374.0,5.0,75.03953359630913,3.0,1.0,1.0,0.0,1.0
1920.0,swap,74.45999539703853,374.0,5.0,75.03953359630913,3.0,1.0,2.0,0.0,1.0
1921.0,add_cx,74.82382424862024,375.0,5.0,74.82382424862024,5.0,0.0,0.0,0.0,2.0
1922.0,add_rx,74.79839861579445,375.0,5.0,74.82382424862024,5.0,1.0,0.0,0.0,1.0
1923.0,add_ry,74.78847659508752,375.0,5.0,74.82382424862024,5.0,0.0,1.0,0.0,1.0
1924.0,add_rz,74.88329254317449,375.0,5.0,74.82382424862024,5.0,0.0,0.0,1.0,1.0
1925.0,delete,74.90409485937958,375.0,5.0,74.82382424862024,4.0,0.0,0.0,0.0,1.0
1926.0,swap,74.96299554037626,375.0,5.0,74.82382424862024,4.0,0.0,1.0,0.0,1.0
1927.0,swap,74.81953259348683,376.0,5.0,74.82101159453292,5.0,0.0,1.0,0.0,1.0
1928.0,add_cx,74.79699019601101,376.0,5.0,74.82101159453292,5.0,0.0,1.0,0.0,2.0
1929.0,add_rx,74.8210115945329,376.0,5.0,74.82101159453292,5.0,1.0,1.0,0.0,1.0
1930.0,add_ry,74.66116863115109,376.0,5.0,74.82101159453292,5.0,0.0,2.0,0.0,1.0
1931.0,add_rz,74.82101159453293,376.0,5.0,74.82101159453292,5.0,0.0,1.0,1.0,1.0
1932.0,delete,74.62878760739845,376.0,5.0,74.82101159453292,4.0,0.0,1.0,0.0,1.0
1933.0,swap,74.99181911641475,376.0,5.0,74.82101159453292,4.0,1.0,1.0,0.0,1.0
1934.0,swap,74.72195964185237,377.0,3.0,74.77207537938469,5.0,0.0,0.0,1.0,1.0
1935.0,swap,74.72279959459466,378.0,4.0,74.72195964185237,5.0,0.0,0.0,1.0,1.0
1936.0,add_cx,74.48981251424688,378.0,4.0,74.72195964185237,5.0,0.0,0.0,1.0,2.0
1937.0,add_rx,74.72195964185235,378.0,4.0,74.72195964185237,5.0,1.0,0.0,1.0,1.0
1938.0,add_ry,74.72573293087137,378.0,4.0,74.72195964185237,5.0,0.0,1.0,1.0,1.0
1939.0,add_rz,74.73199266589059,378.0,4.0,74.72195964185237,5.0,0.0,0.0,2.0,1.0
1940.0,delete,74.83514148126605,378.0,4.0,74.72195964185237,4.0,0.0,0.0,1.0,1.0
1941.0,swap,74.72112124327248,378.0,4.0,74.72195964185237,5.0,1.0,0.0,0.0,1.0
1942.0,swap,74.97261200963877,379.0,5.0,74.97273260339772,4.0,0.0,1.0,0.0,2.0
1943.0,add_cx,74.97273260339772,379.0,5.0,74.97273260339772,4.0,0.0,1.0,0.0,3.0
1944.0,add_rx,74.94850667601392,379.0,5.0,74.97273260339772,4.0,1.0,1.0,0.0,2.0
1945.0,add_ry,74.98108224998198,379.0,5.0,74.97273260339772,4.0,0.0,2.0,0.0,2.0
1946.0,add_rz,74.9727326033977,379.0,5.0,74.97273260339772,4.0,0.0,1.0,1.0,2.0
1947.0,delete,74.8806117887782,379.0,5.0,74.97273260339772,3.0,0.0,1.0,0.0,2.0
1948.0,swap,74.89926964889987,379.0,5.0,74.97273260339772,3.0,0.0,2.0,0.0,2.0
1949.0,add_cx,74.71258599042153,380.0,5.0,74.71258599042153,4.0,0.0,0.0,0.0,3.0
1950.0,add_rx,74.29078125657972,380.0,5.0,74.71258599042153,4.0,1.0,0.0,0.0,2.0
1951.0,add_ry,74.58051176834536,380.0,5.0,74.71258599042153,4.0,0.0,1.0,0.0,2.0
1952.0,add_rz,74.71053810761477,380.0,5.0,74.71258599042153,4.0,0.0,0.0,1.0,2.0
1953.0,delete,74.84483029123469,380.0,5.0,74.71258599042153,3.0,0.0,0.0,0.0,2.0
1954.0,swap,74.81386585627226,380.0,5.0,74.71258599042153,3.0,0.0,0.0,0.0,3.0
1955.0,delete,74.8340264110985,381.0,5.0,74.83514148126605,4.0,0.0,0.0,1.0,1.0
1956.0,add_cx,74.83514148126605,381.0,5.0,74.83514148126605,4.0,0.0,0.0,1.0,2.0
1957.0,add_rx,74.64254334284905,381.0,5.0,74.83514148126605,4.0,1.0,0.0,1.0,1.0
1958.0,add_ry,74.64373053440568,381.0,5.0,74.83514148126605,4.0,0.0,1.0,1.0,1.0
1959.0,add_rz,74.83514148126605,381.0,5.0,74.83514148126605,4.0,0.0,0.0,2.0,1.0
1960.0,delete,74.81186105339026,381.0,5.0,74.83514148126605,3.0,0.0,0.0,1.0,1.0
1961.0,swap,74.58192941042381,381.0,5.0,74.83514148126605,3.0,1.0,0.0,1.0,1.0
1962.0,delete,74.87503802849369,382.0,4.0,74.89666434587762,4.0,0.0,0.0,0.0,1.0
1963.0,add_cx,74.87503802849369,383.0,5.0,74.87503802849369,4.0,0.0,0.0,0.0,2.0
1964.0,add_rx,74.87503802849369,383.0,5.0,74.87503802849369,4.0,1.0,0.0,0.0,1.0
1965.0,add_ry,74.79835720038521,383.0,5.0,74.87503802849369,4.0,0.0,1.0,0.0,1.0
1966.0,add_rz,74.87546711971642,383.0,5.0,74.87503802849369,4.0,0.0,0.0,1.0,1.0
1967.0,delete,74.42649468665287,383.0,5.0,74.87503802849369,4.0,0.0,0.0,0.0,0.0
1968.0,swap,74.42649468665287,383.0,5.0,74.87503802849369,4.0,0.0,0.0,1.0,0.0
1969.0,add_cx,74.97969704239333,384.0,5.0,74.99973211369505,5.0,0.0,1.0,0.0,2.0
1970.0,add_cx,74.99973211369505,384.0,5.0,74.99973211369505,5.0,0.0,1.0,0.0,3.0
1971.0,add_rx,74.98554850072168,384.0,5.0,74.99973211369505,5.0,1.0,1.0,0.0,2.0
1972.0,add_ry,74.94106429117905,384.0,5.0,74.99973211369505,5.0,0.0,2.0,0.0,2.0
1973.0,add_rz,74.99973211369507,384.0,5.0,74.99973211369505,5.0,0.0,1.0,1.0,2.0
1974.0,delete,74.93860322668934,384.0,5.0,74.99973211369505,4.0,0.0,1.0,0.0,2.0
1975.0,swap,74.87006038070933,384.0,5.0,74.99973211369505,4.0,0.0,1.0,0.0,3.0
1976.0,add_rx,74.81576682031513,385.0,5.0,74.81576682031513,5.0,1.0,1.0,0.0,1.0
1977.0,add_cx,74.86664681490957,385.0,5.0,74.81576682031513,5.0,1.0,1.0,0.0,2.0
1978.0,add_rx,74.81576682031513,385.0,5.0,74.81576682031513,5.0,2.0,1.0,0.0,1.0
1979.0,add_ry,74.82662633412973,385.0,5.0,74.81576682031513,5.0,1.0,2.0,0.0,1.0
1980.0,add_rz,74.81576682031513,385.0,5.0,74.81576682031513,5.0,1.0,1.0,1.0,1.0
1981.0,delete,74.82382424862023,385.0,5.0,74.81576682031513,5.0,1.0,0.0,0.0,1.0
1982.0,swap,74.07604604184591,385.0,5.0,74.81576682031513,5.0,1.0,1.0,1.0,0.0
1983.0,swap,74.72125637432325,386.0,4.0,74.95003502293824,4.0,0.0,1.0,0.0,2.0
1984.0,delete,75.03953359630911,387.0,4.0,74.85498666443611,4.0,0.0,1.0,0.0,1.0
1985.0,delete,75.04222320363806,388.0,5.0,75.03953359630911,4.0,0.0,1.0,0.0,1.0
1986.0,add_cx,75.03953359630911,388.0,5.0,75.03953359630911,4.0,0.0,1.0,0.0,2.0
1987.0,add_rx,74.82729060730868,388.0,5.0,75.03953359630911,4.0,1.0,1.0,0.0,1.0
1988.0,add_ry,75.05435545570249,388.0,5.0,75.03953359630911,4.0,0.0,2.0,0.0,1.0
1989.0,add_rz,75.03953359630913,388.0,5.0,75.03953359630911,4.0,0.0,1.0,1.0,1.0
1990.0,delete,75.04089844673217,388.0,5.0,75.03953359630911,3.0,0.0,1.0,0.0,1.0
1991.0,swap,74.19197086816942,388.0,5.0,75.03953359630911,4.0,0.0,1.0,0.0,1.0
1992.0,swap,74.8797546948936,389.0,4.0,74.82713504620565,4.0,1.0,1.0,0.0,1.0
1993.0,swap,74.87950278282733,390.0,5.0,74.8797546948936,4.0,1.0,1.0,0.0,1.0
1994.0,add_cx,74.8797546948936,390.0,5.0,74.8797546948936,4.0,1.0,1.0,0.0,2.0
1995.0,add_rx,74.8797546948936,390.0,5.0,74.8797546948936,4.0,2.0,1.0,0.0,1.0
1996.0,add_ry,74.85541953761273,390.0,5.0,74.8797546948936,4.0,1.0,2.0,0.0,1.0
1997.0,add_rz,74.87469908462865,390.0,5.0,74.8797546948936,4.0,1.0,1.0,1.0,1.0
1998.0,delete,74.87975469489359,390.0,5.0,74.8797546948936,4.0,0.0,1.0,0.0,1.0
1999.0,swap,74.15176845279292,390.0,5.0,74.8797546948936,4.0,1.0,2.0,0.0,0.0
2000.0,swap,74.81816000226088,391.0,3.0,74.79084981906308,5.0,0.0,1.0,0.0,1.0
2001.0,swap,74.82692094991077,392.0,4.0,74.81816000226088,5.0,0.0,1.0,0.0,1.0
2002.0,add_cx,74.8158209756923,392.0,4.0,74.81816000226088,5.0,0.0,1.0,0.0,2.0
2003.0,add_rx,74.81775559712955,392.0,4.0,74.81816000226088,5.0,1.0,1.0,0.0,1.0
2004.0,add_ry,74.7788018030977,392.0,4.0,74.81816000226088,5.0,0.0,2.0,0.0,1.0
2005.0,add_rz,74.81816000226087,392.0,4.0,74.81816000226088,5.0,0.0,1.0,1.0,1.0
2006.0,delete,74.21774377494506,392.0,4.0,74.81816000226088,5.0,0.0,1.0,0.0,0.0
2007.0,swap,74.66970283965452,392.0,4.0,74.81816000226088,4.0,0.0,1.0,0.0,2.0
2008.0,add_cx,74.42013693788374,393.0,5.0,74.63013414026933,5.0,0.0,0.0,0.0,1.0
2009.0,add_rx,74.63013414026935,393.0,5.0,74.63013414026933,5.0,1.0,0.0,0.0,0.0
2010.0,add_ry,74.80786613590313,393.0,5.0,74.63013414026933,5.0,0.0,1.0,0.0,0.0
2011.0,add_rz,74.61983392532392,393.0,5.0,74.63013414026933,5.0,0.0,0.0,1.0,0.0
2012.0,delete,74.39220808573506,393.0,5.0,74.63013414026933,4.0,0.0,0.0,0.0,0.0
2013.0,swap,74.78646974319054,393.0,5.0,74.63013414026933,4.0,0.0,0.0,1.0,0.0
2014.0,swap,74.82462247982563,394.0,5.0,74.82692094991077,5.0,0.0,1.0,0.0,1.0
2015.0,add_cx,74.82692094991077,394.0,5.0,74.82692094991077,5.0,0.0,1.0,0.0,2.0
2016.0,add_rx,74.82692094991076,394.0,5.0,74.82692094991077,5.0,1.0,1.0,0.0,1.0
2017.0,add_ry,74.369780952621,394.0,5.0,74.82692094991077,5.0,0.0,2.0,0.0,1.0
2018.0,add_rz,74.76224681498121,394.0,5.0,74.82692094991077,5.0,0.0,1.0,1.0,1.0
2019.0,delete,74.73919091991552,394.0,5.0,74.82692094991077,4.0,0.0,1.0,0.0,1.0
2020.0,swap,74.48936494231796,394.0,5.0,74.82692094991077,4.0,1.0,1.0,0.0,1.0
2021.0,change,74.68819723432605,395.0,3.0,74.67764776123184,6.0,0.0,0.0,1.0,0.0
2022.0,add_ry,74.68320388430561,396.0,4.0,74.68756690600452,6.0,1.0,1.0,0.0,0.0
2023.0,add_cx,74.69407330867169,396.0,4.0,74.68756690600452,6.0,1.0,1.0,0.0,1.0
2024.0,add_rx,74.64196185091004,396.0,4.0,74.68756690600452,6.0,2.0,1.0,0.0,0.0
2025.0,add_ry,74.6733206634951,396.0,4.0,74.68756690600452,6.0,1.0,2.0,0.0,0.0
2026.0,add_rz,74.67832875697063,396.0,4.0,74.68756690600452,6.0,1.0,1.0,1.0,0.0
2027.0,delete,74.66860741101799,396.0,4.0,74.68756690600452,5.0,1.0,1.0,0.0,0.0
2028.0,swap,74.08584399298934,396.0,4.0,74.68756690600452,5.0,2.0,1.0,0.0,0.0
2029.0,swap,74.69435814299531,397.0,5.0,74.72125637432325,4.0,0.0,1.0,0.0,2.0
2030.0,add_cx,74.72125637432325,397.0,5.0,74.72125637432325,4.0,0.0,1.0,0.0,3.0
2031.0,add_rx,74.72125637432322,397.0,5.0,74.72125637432325,4.0,1.0,1.0,0.0,2.0
2032.0,add_ry,74.69098114263089,397.0,5.0,74.72125637432325,4.0,0.0,2.0,0.0,2.0
2033.0,add_rz,74.72125637432325,397.0,5.0,74.72125637432325,4.0,0.0,1.0,1.0,2.0
2034.0,delete,74.80777843932796,397.0,5.0,74.72125637432325,3.0,0.0,1.0,0.0,2.0
2035.0,swap,74.80777843932796,397.0,5.0,74.72125637432325,3.0,0.0,1.0,1.0,2.0
2036.0,swap,74.66293848572877,398.0,3.0,74.66947502727884,5.0,0.0,1.0,1.0,0.0
2037.0,delete,74.94223978559774,399.0,4.0,74.8840164014354,4.0,0.0,1.0,0.0,1.0
2038.0,delete,74.94395967434747,400.0,5.0,74.94223978559774,4.0,0.0,1.0,0.0,1.0
2039.0,add_cx,74.65494099103462,400.0,5.0,74.94223978559774,4.0,0.0,1.0,0.0,2.0
2040.0,add_rx,74.94223978559774,400.0,5.0,74.94223978559774,4.0,1.0,1.0,0.0,1.0
2041.0,add_ry,74.94871881799735,400.0,5.0,74.94223978559774,4.0,0.0,2.0,0.0,1.0
2042.0,add_rz,74.9672589483304,400.0,5.0,74.94223978559774,4.0,0.0,1.0,1.0,1.0
2043.0,delete,74.35358994862793,400.0,5.0,74.94223978559774,4.0,0.0,1.0,0.0,0.0
2044.0,swap,74.86776698741538,400.0,5.0,74.94223978559774,3.0,0.0,1.0,0.0,2.0
2045.0,swap,74.724512886966,401.0,5.0,74.72279959459466,5.0,0.0,0.0,1.0,1.0
2046.0,add_cx,74.72279959459466,401.0,5.0,74.72279959459466,5.0,0.0,0.0,1.0,2.0
2047.0,add_rx,74.72279959459466,401.0,5.0,74.72279959459466,5.0,1.0,0.0,1.0,1.0
2048.0,add_ry,74.81760779816602,401.0,5.0,74.72279959459466,5.0,0.0,1.0,1.0,1.0
2049.0,add_rz,74.71990022575481,401.0,5.0,74.72279959459466,5.0,0.0,0.0,2.0,1.0
2050.0,delete,74.83701632525997,401.0,5.0,74.72279959459466,4.0,0.0,0.0,1.0,1.0
2051.0,swap,74.60085633427595,401.0,5.0,74.72279959459466,5.0,0.0,0.0,2.0,0.0
2052.0,swap,74.88072071905194,402.0,4.0,74.85881312108135,4.0,1.0,0.0,0.0,1.0
2053.0,swap,74.8807207190519,403.0,5.0,74.88072071905194,4.0,1.0,0.0,0.0,1.0
2054.0,add_cx,74.88072071905194,403.0,5.0,74.88072071905194,4.0,1.0,0.0,0.0,2.0
2055.0,add_rx,74.88072071905192,403.0,5.0,74.88072071905194,4.0,2.0,0.0,0.0,1.0
2056.0,add_ry,74.88278419106689,403.0,5.0,74.88072071905194,4.0,1.0,1.0,0.0,1.0
2057.0,add_rz,74.88174828064024,403.0,5.0,74.88072071905194,4.0,1.0,0.0,1.0,1.0
2058.0,delete,74.83180626850874,403.0,5.0,74.88072071905194,3.0,1.0,0.0,0.0,1.0
2059.0,swap,74.83180626850876,403.0,5.0,74.88072071905194,3.0,2.0,0.0,0.0,1.0
2060.0,swap,74.87503802849368,404.0,4.0,74.86384580334894,4.0,1.0,0.0,0.0,1.0
2061.0,add_rz,74.8267387806462,405.0,5.0,74.8260655383313,5.0,0.0,0.0,1.0,1.0
2062.0,add_cx,74.93183775116526,405.0,5.0,74.8260655383313,5.0,0.0,0.0,1.0,2.0
2063.0,add_rx,74.78703225054156,405.0,5.0,74.8260655383313,5.0,1.0,0.0,1.0,1.0
2064.0,add_ry,74.6917008020879,405.0,5.0,74.8260655383313,5.0,0.0,1.0,1.0,1.0
2065.0,add_rz,74.84641583462083,405.0,5.0,74.8260655383313,5.0,0.0,0.0,2.0,1.0
2066.0,delete,74.82382424862024,405.0,5.0,74.8260655383313,5.0,0.0,0.0,0.0,1.0
2067.0,swap,74.69431416171969,405.0,5.0,74.8260655383313,4.0,1.0,0.0,1.0,1.0
2068.0,swap,74.6769117951721,406.0,2.0,74.71334517506223,6.0,0.0,0.0,1.0,0.0
2069.0,swap,74.67691179517209,407.0,3.0,74.6769117951721,6.0,0.0,0.0,1.0,0.0
2070.0,add_cx,74.6769117951721,407.0,3.0,74.6769117951721,6.0,0.0,0.0,1.0,1.0
2071.0,add_rx,74.6769117951721,407.0,3.0,74.6769117951721,6.0,1.0,0.0,1.0,0.0
2072.0,add_ry,74.72071273665101,407.0,3.0,74.6769117951721,6.0,0.0,1.0,1.0,0.0
2073.0,add_rz,74.6766000620373,407.0,3.0,74.6769117951721,6.0,0.0,0.0,2.0,0.0
2074.0,delete,74.65399045576503,407.0,3.0,74.6769117951721,5.0,0.0,0.0,1.0,0.0
2075.0,swap,74.60926467266393,407.0,3.0,74.6769117951721,5.0,0.0,0.0,2.0,0.0
2076.0,swap,74.6769117951721,408.0,4.0,74.67691179517209,6.0,0.0,0.0,1.0,0.0
2077.0,add_cx,74.67431024792474,408.0,4.0,74.67691179517209,6.0,0.0,0.0,1.0,1.0
2078.0,add_rx,74.66716109221386,408.0,4.0,74.67691179517209,6.0,1.0,0.0,1.0,0.0
2079.0,add_ry,74.73955927038402,408.0,4.0,74.67691179517209,6.0,0.0,1.0,1.0,0.0
2080.0,add_rz,74.67689785715885,408.0,4.0,74.67691179517209,6.0,0.0,0.0,2.0,0.0
2081.0,delete,74.60904903502524,408.0,4.0,74.67691179517209,5.0,0.0,0.0,1.0,0.0
2082.0,swap,74.61930061093,408.0,4.0,74.67691179517209,5.0,0.0,0.0,2.0,0.0
2083.0,delete,74.65399045576503,409.0,4.0,74.65399045576503,5.0,0.0,0.0,1.0,0.0
2084.0,add_cx,74.65399045576503,409.0,4.0,74.65399045576503,5.0,0.0,0.0,1.0,1.0
2085.0,add_rx,74.6805187204652,409.0,4.0,74.65399045576503,5.0,1.0,0.0,1.0,0.0
2086.0,add_ry,74.41802599527504,409.0,4.0,74.65399045576503,5.0,0.0,1.0,1.0,0.0
2087.0,add_rz,74.65399045576504,409.0,4.0,74.65399045576503,5.0,0.0,0.0,2.0,0.0
2088.0,delete,74.65399045576501,409.0,4.0,74.65399045576503,5.0,0.0,0.0,0.0,0.0
2089.0,swap,74.4264946866529,409.0,4.0,74.65399045576503,4.0,0.0,0.0,2.0,0.0
2090.0,swap,74.60985880163997,410.0,4.0,74.60926467266393,5.0,0.0,0.0,2.0,0.0
2091.0,add_cx,74.60926467266393,410.0,4.0,74.60926467266393,5.0,0.0,0.0,2.0,1.0
2092.0,add_rx,74.60097877948013,410.0,4.0,74.60926467266393,5.0,1.0,0.0,2.0,0.0
2093.0,add_ry,74.5102755675502,410.0,4.0,74.60926467266393,5.0,0.0,1.0,2.0,0.0
2094.0,add_rz,74.62116425143651,410.0,4.0,74.60926467266393,5.0,0.0,0.0,3.0,0.0
2095.0,delete,74.68879304005219,410.0,4.0,74.60926467266393,4.0,0.0,0.0,2.0,0.0
2096.0,swap,74.60926467266393,410.0,4.0,74.60926467266393,5.0,0.0,0.0,1.0,1.0
2097.0,swap,74.87503802849368,411.0,5.0,74.87503802849368,4.0,1.0,0.0,0.0,1.0
2098.0,add_cx,74.8000414095454,411.0,5.0,74.87503802849368,4.0,1.0,0.0,0.0,2.0
2099.0,add_rx,74.87503802849368,411.0,5.0,74.87503802849368,4.0,2.0,0.0,0.0,1.0
2100.0,add_ry,74.83007932196588,411.0,5.0,74.87503802849368,4.0,1.0,1.0,0.0,1.0
2101.0,add_rz,74.87503802849368,411.0,5.0,74.87503802849368,4.0,1.0,0.0,1.0,1.0
2102.0,delete,74.42649468665287,411.0,5.0,74.87503802849368,4.0,1.0,0.0,0.0,0.0
2103.0,swap,74.75314033281576,411.0,5.0,74.87503802849368,3.0,1.0,0.0,0.0,2.0
2104.0,add_cx,74.81699991785831,412.0,5.0,74.81699991785831,5.0,0.0,0.0,0.0,3.0
2105.0,add_rx,74.78560047512121,412.0,5.0,74.81699991785831,5.0,1.0,0.0,0.0,2.0
2106.0,add_ry,74.73411741785806,412.0,5.0,74.81699991785831,5.0,0.0,1.0,0.0,2.0
2107.0,add_rz,74.81699991785831,412.0,5.0,74.81699991785831,5.0,0.0,0.0,1.0,2.0
2108.0,delete,74.73480851190465,412.0,5.0,74.81699991785831,4.0,0.0,0.0,0.0,2.0
2109.0,swap,74.71258599042156,412.0,5.0,74.81699991785831,4.0,0.0,0.0,1.0,2.0
2110.0,delete,74.52482483630283,413.0,3.0,74.7663379535041,6.0,0.0,0.0,0.0,0.0
2111.0,change,74.81981525076802,414.0,4.0,74.7951666160076,5.0,0.0,1.0,0.0,1.0
2112.0,change,74.823027726702,415.0,5.0,74.81981525076802,5.0,0.0,1.0,0.0,1.0
2113.0,add_cx,74.81981525076802,415.0,5.0,74.81981525076802,5.0,0.0,1.0,0.0,2.0
2114.0,add_rx,74.81992241143607,415.0,5.0,74.81981525076802,5.0,1.0,1.0,0.0,1.0
2115.0,add_ry,74.66763570274071,415.0,5.0,74.81981525076802,5.0,0.0,2.0,0.0,1.0
2116.0,add_rz,74.85397422482643,415.0,5.0,74.81981525076802,5.0,0.0,1.0,1.0,1.0
2117.0,delete,75.05071980920938,415.0,5.0,74.81981525076802,4.0,0.0,1.0,0.0,1.0
2118.0,swap,74.66491669856464,415.0,5.0,74.81981525076802,5.0,0.0,1.0,0.0,1.0
2119.0,delete,74.8846027055913,416.0,5.0,74.88448198898567,4.0,0.0,1.0,0.0,1.0
2120.0,add_cx,74.88448198898567,416.0,5.0,74.88448198898567,4.0,0.0,1.0,0.0,2.0
2121.0,add_rx,74.88448198898566,416.0,5.0,74.88448198898567,4.0,1.0,1.0,0.0,1.0
2122.0,add_ry,74.85555907561019,416.0,5.0,74.88448198898567,4.0,0.0,2.0,0.0,1.0
2123.0,add_rz,74.87972294117516,416.0,5.0,74.88448198898567,4.0,0.0,1.0,1.0,1.0
2124.0,delete,74.87220591198172,416.0,5.0,74.88448198898567,3.0,0.0,1.0,0.0,1.0
2125.0,swap,74.61845093737058,416.0,5.0,74.88448198898567,4.0,0.0,1.0,0.0,1.0
2126.0,swap,74.77145638174842,417.0,5.0,74.75697634584387,5.0,0.0,1.0,0.0,1.0
2127.0,add_cx,74.72788981585127,417.0,5.0,74.75697634584387,5.0,0.0,1.0,0.0,2.0
2128.0,add_rx,74.75697634584387,417.0,5.0,74.75697634584387,5.0,1.0,1.0,0.0,1.0
2129.0,add_ry,74.64481618994141,417.0,5.0,74.75697634584387,5.0,0.0,2.0,0.0,1.0
2130.0,add_rz,74.75388543424963,417.0,5.0,74.75697634584387,5.0,0.0,1.0,1.0,1.0
2131.0,delete,74.5911562360609,417.0,5.0,74.75697634584387,4.0,0.0,1.0,0.0,1.0
2132.0,swap,74.62242447509232,417.0,5.0,74.75697634584387,5.0,0.0,0.0,0.0,2.0
2133.0,change,74.68820783796761,418.0,4.0,74.68819723432605,6.0,0.0,0.0,1.0,0.0
2134.0,add_cx,74.73090565211842,418.0,4.0,74.68819723432605,6.0,0.0,0.0,1.0,1.0
2135.0,add_rx,74.68819723432607,418.0,4.0,74.68819723432605,6.0,1.0,0.0,1.0,0.0
2136.0,add_ry,74.67897655075895,418.0,4.0,74.68819723432605,6.0,0.0,1.0,1.0,0.0
2137.0,add_rz,74.69494183224943,418.0,4.0,74.68819723432605,6.0,0.0,0.0,2.0,0.0
2138.0,delete,74.61196610178779,418.0,4.0,74.68819723432605,5.0,0.0,0.0,1.0,0.0
2139.0,swap,74.68860281574293,418.0,4.0,74.68819723432605,5.0,1.0,0.0,1.0,0.0
2140.0,swap,74.5766682492589,419.0,4.0,74.53754219176747,6.0,1.0,0.0,0.0,0.0
2141.0,add_cx,74.53754219176747,419.0,4.0,74.53754219176747,6.0,1.0,0.0,0.0,1.0
2142.0,add_rx,74.53754219176747,419.0,4.0,74.53754219176747,6.0,2.0,0.0,0.0,0.0
2143.0,add_ry,74.50364295502109,419.0,4.0,74.53754219176747,6.0,1.0,1.0,0.0,0.0
2144.0,add_rz,74.53588634470772,419.0,4.0,74.53754219176747,6.0,1.0,0.0,1.0,0.0
2145.0,delete,74.45304749740795,419.0,4.0,74.53754219176747,5.0,1.0,0.0,0.0,0.0
2146.0,swap,74.59982827470952,419.0,4.0,74.53754219176747,5.0,1.0,0.0,1.0,0.0
2147.0,add_cx,74.52482483630283,420.0,4.0,74.52482483630283,6.0,0.0,0.0,0.0,1.0
2148.0,add_rx,74.76463055303411,420.0,4.0,74.52482483630283,6.0,1.0,0.0,0.0,0.0
2149.0,add_ry,74.5037058525508,420.0,4.0,74.52482483630283,6.0,0.0,1.0,0.0,0.0
2150.0,add_rz,74.51861661741374,420.0,4.0,74.52482483630283,6.0,0.0,0.0,1.0,0.0
2151.0,delete,74.6588850610636,420.0,4.0,74.52482483630283,5.0,0.0,0.0,0.0,0.0
2152.0,swap,74.21306923586958,420.0,4.0,74.52482483630283,5.0,0.0,0.0,1.0,0.0
2153.0,add_ry,74.73457465271616,421.0,4.0,74.72071273665101,6.0,0.0,1.0,1.0,0.0
2154.0,add_cx,74.50881104617976,421.0,4.0,74.72071273665101,6.0,0.0,1.0,1.0,1.0
2155.0,add_rx,74.62638193138388,421.0,4.0,74.72071273665101,6.0,1.0,1.0,1.0,0.0
2156.0,add_ry,74.60445990377711,421.0,4.0,74.72071273665101,6.0,0.0,2.0,1.0,0.0
2157.0,add_rz,74.73120348685558,421.0,4.0,74.72071273665101,6.0,0.0,1.0,2.0,0.0
2158.0,delete,74.66250046947236,421.0,4.0,74.72071273665101,5.0,0.0,1.0,1.0,0.0
2159.0,swap,74.61262189593745,421.0,4.0,74.72071273665101,5.0,0.0,1.0,1.0,1.0
2160.0,swap,74.68128614650902,422.0,5.0,74.66970283965452,4.0,0.0,1.0,0.0,2.0
2161.0,add_cx,74.66970283965452,422.0,5.0,74.66970283965452,4.0,0.0,1.0,0.0,3.0
2162.0,add_rx,74.78007595285717,422.0,5.0,74.66970283965452,4.0,1.0,1.0,0.0,2.0
2163.0,add_ry,74.71108824163761,422.0,5.0,74.66970283965452,4.0,0.0,2.0,0.0,2.0
2164.0,add_rz,74.66970283965453,422.0,5.0,74.66970283965452,4.0,0.0,1.0,1.0,2.0
2165.0,delete,73.64439979125619,422.0,5.0,74.66970283965452,4.0,0.0,1.0,0.0,1.0
2166.0,swap,74.4388145757965,422.0,5.0,74.66970283965452,3.0,0.0,2.0,0.0,2.0
2167.0,delete,74.68854868443462,423.0,3.0,74.66020813478605,6.0,0.0,0.0,0.0,0.0
2168.0,swap,74.66173514673277,424.0,4.0,74.66293848572877,5.0,0.0,1.0,1.0,0.0
2169.0,add_cx,74.6527480758701,424.0,4.0,74.66293848572877,5.0,0.0,1.0,1.0,1.0
2170.0,add_rx,74.67526153726882,424.0,4.0,74.66293848572877,5.0,1.0,1.0,1.0,0.0
2171.0,add_ry,74.64853524816752,424.0,4.0,74.66293848572877,5.0,0.0,2.0,1.0,0.0
2172.0,add_rz,74.66293848572877,424.0,4.0,74.66293848572877,5.0,0.0,1.0,2.0,0.0
2173.0,delete,74.52347424099588,424.0,4.0,74.66293848572877,4.0,0.0,1.0,1.0,0.0
2174.0,swap,74.66355460154172,424.0,4.0,74.66293848572877,5.0,1.0,1.0,0.0,0.0
2175.0,add_ry,74.41628109670538,425.0,4.0,74.45691782359705,6.0,0.0,1.0,0.0,1.0
2176.0,add_cx,74.45691782359705,425.0,4.0,74.45691782359705,6.0,0.0,1.0,0.0,2.0
2177.0,add_rx,74.5694224548518,425.0,4.0,74.45691782359705,6.0,1.0,1.0,0.0,1.0
2178.0,add_ry,74.4828702340467,425.0,4.0,74.45691782359705,6.0,0.0,2.0,0.0,1.0
2179.0,add_rz,74.4510059408226,425.0,4.0,74.45691782359705,6.0,0.0,1.0,1.0,1.0
2180.0,delete,74.28859257054611,425.0,4.0,74.45691782359705,5.0,0.0,1.0,0.0,1.0
2181.0,swap,74.76574226844777,425.0,4.0,74.45691782359705,6.0,0.0,0.0,0.0,2.0
2182.0,swap,74.80660859188875,426.0,5.0,74.80755316722065,5.0,0.0,1.0,0.0,1.0
2183.0,add_cx,74.66298257888651,426.0,5.0,74.80755316722065,5.0,0.0,1.0,0.0,2.0
2184.0,add_rx,74.6756365162947,426.0,5.0,74.80755316722065,5.0,1.0,1.0,0.0,1.0
2185.0,add_ry,74.83693072272504,426.0,5.0,74.80755316722065,5.0,0.0,2.0,0.0,1.0
2186.0,add_rz,74.80754118666627,426.0,5.0,74.80755316722065,5.0,0.0,1.0,1.0,1.0
2187.0,delete,74.78685485675364,426.0,5.0,74.80755316722065,4.0,0.0,1.0,0.0,1.0
2188.0,swap,74.73187775733415,426.0,5.0,74.80755316722065,4.0,0.0,2.0,0.0,1.0
2189.0,delete,74.74464545654925,427.0,3.0,74.56089030640483,5.0,0.0,0.0,0.0,1.0
2190.0,add_cx,74.73478602344618,428.0,4.0,74.74464545654925,5.0,0.0,0.0,0.0,2.0
2191.0,add_rx,74.52009307123927,428.0,4.0,74.74464545654925,5.0,1.0,0.0,0.0,1.0
2192.0,add_ry,74.79604319140363,428.0,4.0,74.74464545654925,5.0,0.0,1.0,0.0,1.0
2193.0,add_rz,74.77213170117366,428.0,4.0,74.74464545654925,5.0,0.0,0.0,1.0,1.0
2194.0,delete,74.58324984723382,428.0,4.0,74.74464545654925,5.0,0.0,0.0,0.0,0.0
2195.0,swap,74.63872539913534,428.0,4.0,74.74464545654925,4.0,0.0,0.0,1.0,1.0
2196.0,add_rx,74.6048642307796,429.0,4.0,74.6048642307796,6.0,1.0,0.0,0.0,1.0
2197.0,add_cx,74.6048642307796,429.0,4.0,74.6048642307796,6.0,1.0,0.0,0.0,2.0
2198.0,add_rx,74.45276459496888,429.0,4.0,74.6048642307796,6.0,2.0,0.0,0.0,1.0
2199.0,add_ry,74.55058047443414,429.0,4.0,74.6048642307796,6.0,1.0,1.0,0.0,1.0
2200.0,add_rz,74.6048642307796,429.0,4.0,74.6048642307796,6.0,1.0,0.0,1.0,1.0
2201.0,delete,74.54771829983758,429.0,4.0,74.6048642307796,5.0,1.0,0.0,0.0,1.0
2202.0,swap,74.73383096957373,429.0,4.0,74.6048642307796,5.0,1.0,1.0,0.0,1.0
2203.0,add_cx,74.64086450232647,430.0,5.0,74.64086450232647,4.0,0.0,0.0,0.0,2.0
2204.0,add_rx,74.17867234000018,430.0,5.0,74.64086450232647,4.0,1.0,0.0,0.0,1.0
2205.0,add_ry,74.41771898748628,430.0,5.0,74.64086450232647,4.0,0.0,1.0,0.0,1.0
2206.0,add_rz,74.64086450232647,430.0,5.0,74.64086450232647,4.0,0.0,0.0,1.0,1.0
2207.0,delete,74.41642038472612,430.0,5.0,74.64086450232647,3.0,0.0,0.0,0.0,1.0
2208.0,swap,74.86419319548762,430.0,5.0,74.64086450232647,3.0,0.0,0.0,0.0,2.0
2209.0,change,74.6769117951721,431.0,3.0,74.66751271299759,6.0,0.0,0.0,1.0,0.0
2210.0,change,74.6769117951721,432.0,4.0,74.6769117951721,6.0,0.0,0.0,1.0,0.0
2211.0,add_cx,74.6769117951721,432.0,4.0,74.6769117951721,6.0,0.0,0.0,1.0,1.0
2212.0,add_rx,74.60887670298524,432.0,4.0,74.6769117951721,6.0,1.0,0.0,1.0,0.0
2213.0,add_ry,74.7069001257249,432.0,4.0,74.6769117951721,6.0,0.0,1.0,1.0,0.0
2214.0,add_rz,74.67131515142269,432.0,4.0,74.6769117951721,6.0,0.0,0.0,2.0,0.0
2215.0,delete,74.6540708263339,432.0,4.0,74.6769117951721,5.0,0.0,0.0,1.0,0.0
2216.0,swap,74.40346219167651,432.0,4.0,74.6769117951721,5.0,0.0,0.0,1.0,1.0
2217.0,add_cx,74.68854868443462,433.0,4.0,74.68854868443462,6.0,0.0,0.0,0.0,1.0
2218.0,add_rx,74.68854868443461,433.0,4.0,74.68854868443462,6.0,1.0,0.0,0.0,0.0
2219.0,add_ry,74.7435144884559,433.0,4.0,74.68854868443462,6.0,0.0,1.0,0.0,0.0
2220.0,add_rz,74.68844444824144,433.0,4.0,74.68854868443462,6.0,0.0,0.0,1.0,0.0
2221.0,delete,74.61280097809771,433.0,4.0,74.68854868443462,5.0,0.0,0.0,0.0,0.0
2222.0,swap,74.66622653865164,433.0,4.0,74.68854868443462,5.0,0.0,0.0,1.0,0.0
2223.0,add_rz,74.81533627572821,434.0,5.0,74.815706244437,5.0,0.0,1.0,1.0,1.0
2224.0,add_cx,74.26387321634704,434.0,5.0,74.815706244437,5.0,0.0,1.0,1.0,2.0
2225.0,add_rx,74.80731752882694,434.0,5.0,74.815706244437,5.0,1.0,1.0,1.0,1.0
2226.0,add_ry,74.12306034604255,434.0,5.0,74.815706244437,5.0,0.0,2.0,1.0,1.0
2227.0,add_rz,74.82759158562195,434.0,5.0,74.815706244437,5.0,0.0,1.0,2.0,1.0
2228.0,delete,74.87970471271534,434.0,5.0,74.815706244437,4.0,0.0,1.0,1.0,1.0
2229.0,swap,74.96521057390716,434.0,5.0,74.815706244437,4.0,1.0,1.0,1.0,1.0
2230.0,swap,74.64506707371199,435.0,3.0,74.66546131581953,6.0,0.0,1.0,0.0,0.0
2231.0,change,74.66905761228095,436.0,3.0,74.65919586714493,6.0,1.0,0.0,0.0,0.0
2232.0,swap,74.8750380284937,437.0,4.0,74.84288761531755,4.0,0.0,0.0,1.0,2.0
2233.0,swap,74.87503802849366,438.0,5.0,74.8750380284937,4.0,0.0,0.0,1.0,2.0
2234.0,add_cx,74.59444734084647,438.0,5.0,74.8750380284937,4.0,0.0,0.0,1.0,3.0
2235.0,add_rx,74.85586471725806,438.0,5.0,74.8750380284937,4.0,1.0,0.0,1.0,2.0
2236.0,add_ry,74.87995049560867,438.0,5.0,74.8750380284937,4.0,0.0,1.0,1.0,2.0
2237.0,add_rz,74.87503802849369,438.0,5.0,74.8750380284937,4.0,0.0,0.0,2.0,2.0
2238.0,delete,74.82445579554376,438.0,5.0,74.8750380284937,3.0,0.0,0.0,1.0,2.0
2239.0,swap,74.82445579554376,438.0,5.0,74.8750380284937,3.0,0.0,0.0,2.0,2.0
2240.0,add_rz,74.82778213317009,439.0,5.0,74.83025143193095,5.0,0.0,0.0,1.0,2.0
2241.0,add_cx,74.67295586484472,439.0,5.0,74.83025143193095,5.0,0.0,0.0,1.0,3.0
2242.0,add_rx,74.83025143193095,439.0,5.0,74.83025143193095,5.0,1.0,0.0,1.0,2.0
2243.0,add_ry,74.8572259220295,439.0,5.0,74.83025143193095,5.0,0.0,1.0,1.0,2.0
2244.0,add_rz,74.83025143193095,439.0,5.0,74.83025143193095,5.0,0.0,0.0,2.0,2.0
2245.0,delete,74.88554517714309,439.0,5.0,74.83025143193095,4.0,0.0,0.0,1.0,2.0
2246.0,swap,74.83025143193093,439.0,5.0,74.83025143193095,5.0,0.0,0.0,2.0,1.0
2247.0,swap,74.97166499388831,440.0,6.0,74.97261200963877,4.0,0.0,1.0,0.0,2.0
2248.0,add_cx,74.38186912173207,440.0,6.0,74.97261200963877,4.0,0.0,1.0,0.0,3.0
2249.0,add_rx,74.38510278895092,440.0,6.0,74.97261200963877,4.0,1.0,1.0,0.0,2.0
2250.0,add_ry,74.97146973007963,440.0,6.0,74.97261200963877,4.0,0.0,2.0,0.0,2.0
2251.0,add_rz,74.97261200963877,440.0,6.0,74.97261200963877,4.0,0.0,1.0,1.0,2.0
2252.0,delete,74.87503802849369,440.0,6.0,74.97261200963877,4.0,0.0,0.0,0.0,2.0
2253.0,swap,74.61177973201708,440.0,6.0,74.97261200963877,3.0,0.0,2.0,0.0,2.0
2254.0,swap,74.72109419347585,441.0,5.0,74.72112124327248,5.0,1.0,0.0,0.0,1.0
2255.0,add_cx,74.72112124327248,441.0,5.0,74.72112124327248,5.0,1.0,0.0,0.0,2.0
2256.0,add_rx,74.72112124327248,441.0,5.0,74.72112124327248,5.0,2.0,0.0,0.0,1.0
2257.0,add_ry,74.63370534582558,441.0,5.0,74.72112124327248,5.0,1.0,1.0,0.0,1.0
2258.0,add_rz,74.72112124327246,441.0,5.0,74.72112124327248,5.0,1.0,0.0,1.0,1.0
2259.0,delete,74.73994237358343,441.0,5.0,74.72112124327248,5.0,0.0,0.0,0.0,1.0
2260.0,swap,74.60285215818011,441.0,5.0,74.72112124327248,4.0,1.0,0.0,1.0,1.0
2261.0,delete,75.0513375154127,442.0,6.0,75.04222320363806,4.0,0.0,1.0,0.0,1.0
2262.0,add_cx,75.04222320363806,442.0,6.0,75.04222320363806,4.0,0.0,1.0,0.0,2.0
2263.0,add_rx,74.73083497043285,442.0,6.0,75.04222320363806,4.0,1.0,1.0,0.0,1.0
2264.0,add_ry,75.04093410927356,442.0,6.0,75.04222320363806,4.0,0.0,2.0,0.0,1.0
2265.0,add_rz,75.05317389542239,442.0,6.0,75.04222320363806,4.0,0.0,1.0,1.0,1.0
2266.0,delete,74.19079849450614,442.0,6.0,75.04222320363806,4.0,0.0,1.0,0.0,0.0
2267.0,swap,74.87864904073574,442.0,6.0,75.04222320363806,4.0,0.0,0.0,1.0,1.0
2268.0,swap,74.96760151040957,443.0,4.0,74.80609306294258,4.0,0.0,2.0,0.0,1.0
2269.0,swap,74.97247593615339,444.0,5.0,74.96760151040957,4.0,0.0,2.0,0.0,1.0
2270.0,add_cx,74.61301051895754,444.0,5.0,74.96760151040957,4.0,0.0,2.0,0.0,2.0
2271.0,add_rx,74.49525130311716,444.0,5.0,74.96760151040957,4.0,1.0,2.0,0.0,1.0
2272.0,add_ry,74.61111363720757,444.0,5.0,74.96760151040957,4.0,0.0,3.0,0.0,1.0
2273.0,add_rz,74.96760151040957,444.0,5.0,74.96760151040957,4.0,0.0,2.0,1.0,1.0
2274.0,delete,75.12096599862721,444.0,5.0,74.96760151040957,3.0,0.0,2.0,0.0,1.0
2275.0,swap,74.94643364629115,444.0,5.0,74.96760151040957,3.0,0.0,3.0,0.0,1.0
2276.0,swap,74.71233760452718,445.0,3.0,74.77075900335284,5.0,1.0,0.0,0.0,1.0
2277.0,swap,74.71233760452718,446.0,4.0,74.71233760452718,5.0,1.0,0.0,0.0,1.0
2278.0,add_cx,74.74149539957985,446.0,4.0,74.71233760452718,5.0,1.0,0.0,0.0,2.0
2279.0,add_rx,74.71233760452718,446.0,4.0,74.71233760452718,5.0,2.0,0.0,0.0,1.0
2280.0,add_ry,74.59189889953088,446.0,4.0,74.71233760452718,5.0,1.0,1.0,0.0,1.0
2281.0,add_rz,74.71233760452719,446.0,4.0,74.71233760452718,5.0,1.0,0.0,1.0,1.0
2282.0,delete,74.8807207190519,446.0,4.0,74.71233760452718,4.0,1.0,0.0,0.0,1.0
2283.0,swap,74.8807207190519,446.0,4.0,74.71233760452718,4.0,1.0,0.0,0.0,2.0
2284.0,delete,74.88072071905192,447.0,5.0,74.8807207190519,4.0,1.0,0.0,0.0,1.0
2285.0,add_cx,74.8807207190519,447.0,5.0,74.8807207190519,4.0,1.0,0.0,0.0,2.0
2286.0,add_rx,74.7668474845643,447.0,5.0,74.8807207190519,4.0,2.0,0.0,0.0,1.0
2287.0,add_ry,74.59329739511304,447.0,5.0,74.8807207190519,4.0,1.0,1.0,0.0,1.0
2288.0,add_rz,74.88072071905192,447.0,5.0,74.8807207190519,4.0,1.0,0.0,1.0,1.0
2289.0,delete,74.39220808573506,447.0,5.0,74.8807207190519,4.0,1.0,0.0,0.0,0.0
2290.0,swap,74.83180626850873,447.0,5.0,74.8807207190519,3.0,1.0,0.0,1.0,1.0
2291.0,swap,74.88072071905192,448.0,5.0,74.8807207190519,4.0,1.0,0.0,0.0,2.0
2292.0,add_cx,74.8807207190519,448.0,5.0,74.8807207190519,4.0,1.0,0.0,0.0,3.0
2293.0,add_rx,74.8807207190519,448.0,5.0,74.8807207190519,4.0,2.0,0.0,0.0,2.0
2294.0,add_ry,74.38903994780462,448.0,5.0,74.8807207190519,4.0,1.0,1.0,0.0,2.0
2295.0,add_rz,74.88090031519829,448.0,5.0,74.8807207190519,4.0,1.0,0.0,1.0,2.0
2296.0,delete,74.88129628814409,448.0,5.0,74.8807207190519,3.0,1.0,0.0,0.0,2.0
2297.0,swap,74.8807207190519,448.0,5.0,74.8807207190519,4.0,0.0,0.0,0.0,3.0
2298.0,swap,74.71233760452718,449.0,5.0,74.71233760452718,5.0,1.0,0.0,0.0,1.0
2299.0,add_cx,74.71233760452718,449.0,5.0,74.71233760452718,5.0,1.0,0.0,0.0,2.0
2300.0,add_rx,74.71233760452719,449.0,5.0,74.71233760452718,5.0,2.0,0.0,0.0,1.0
2301.0,add_ry,74.82930661066021,449.0,5.0,74.71233760452718,5.0,1.0,1.0,0.0,1.0
2302.0,add_rz,74.70701391660066,449.0,5.0,74.71233760452718,5.0,1.0,0.0,1.0,1.0
2303.0,delete,74.63013414026933,449.0,5.0,74.71233760452718,5.0,1.0,0.0,0.0,0.0
2304.0,swap,74.86095464757221,449.0,5.0,74.71233760452718,4.0,1.0,1.0,0.0,1.0
2305.0,swap,74.71233760452718,450.0,4.0,74.81935501830081,5.0,0.0,0.0,1.0,1.0
2306.0,add_cx,74.74149539957985,451.0,5.0,74.74149539957985,5.0,1.0,0.0,0.0,2.0
2307.0,add_cx,74.74149539957985,451.0,5.0,74.74149539957985,5.0,1.0,0.0,0.0,3.0
2308.0,add_rx,74.74149539957983,451.0,5.0,74.74149539957985,5.0,2.0,0.0,0.0,2.0
2309.0,add_ry,74.82447416966316,451.0,5.0,74.74149539957985,5.0,1.0,1.0,0.0,2.0
2310.0,add_rz,74.74629851964171,451.0,5.0,74.74149539957985,5.0,1.0,0.0,1.0,2.0
2311.0,delete,74.72107599596723,451.0,5.0,74.74149539957985,4.0,1.0,0.0,0.0,2.0
2312.0,swap,74.7696269480309,451.0,5.0,74.74149539957985,4.0,1.0,1.0,0.0,2.0
2313.0,delete,74.8807207190519,452.0,4.0,74.81632701428798,4.0,0.0,0.0,0.0,1.0
2314.0,add_cx,74.90339812811759,453.0,5.0,74.8807207190519,4.0,0.0,0.0,0.0,2.0
2315.0,add_rx,74.88072071905192,453.0,5.0,74.8807207190519,4.0,1.0,0.0,0.0,1.0
2316.0,add_ry,74.87921785774333,453.0,5.0,74.8807207190519,4.0,0.0,1.0,0.0,1.0
2317.0,add_rz,74.9082199969895,453.0,5.0,74.8807207190519,4.0,0.0,0.0,1.0,1.0
2318.0,delete,74.81386585627226,453.0,5.0,74.8807207190519,3.0,0.0,0.0,0.0,1.0
2319.0,swap,74.82445579554374,453.0,5.0,74.8807207190519,3.0,1.0,0.0,0.0,1.0
2320.0,add_cx,74.87113737845459,454.0,6.0,74.87113737845459,3.0,0.0,0.0,0.0,2.0
2321.0,add_rx,74.62547491503746,454.0,6.0,74.87113737845459,3.0,1.0,0.0,0.0,1.0
2322.0,add_ry,74.01268399665283,454.0,6.0,74.87113737845459,3.0,0.0,1.0,0.0,1.0
2323.0,add_rz,74.87113737845458,454.0,6.0,74.87113737845459,3.0,0.0,0.0,1.0,1.0
2324.0,delete,73.99933662674705,454.0,6.0,74.87113737845459,3.0,0.0,0.0,0.0,0.0
2325.0,swap,74.86605923391785,454.0,6.0,74.87113737845459,2.0,0.0,0.0,1.0,1.0
2326.0,swap,74.66460399524028,455.0,4.0,74.64506707371199,6.0,0.0,1.0,0.0,0.0
2327.0,add_cx,74.64506707371199,455.0,4.0,74.64506707371199,6.0,0.0,1.0,0.0,1.0
2328.0,add_rx,74.6282237061796,455.0,4.0,74.64506707371199,6.0,1.0,1.0,0.0,0.0
2329.0,add_ry,74.63547834476502,455.0,4.0,74.64506707371199,6.0,0.0,2.0,0.0,0.0
2330.0,add_rz,74.64711513957447,455.0,4.0,74.64506707371199,6.0,0.0,1.0,1.0,0.0
2331.0,delete,74.74985057692453,455.0,4.0,74.64506707371199,5.0,0.0,1.0,0.0,0.0
2332.0,swap,74.67167063479945,455.0,4.0,74.64506707371199,5.0,1.0,1.0,0.0,0.0
2333.0,swap,74.65952738847578,456.0,2.0,74.7060456996774,6.0,0.0,1.0,0.0,0.0
2334.0,swap,74.66347026565458,457.0,3.0,74.65952738847578,6.0,0.0,1.0,0.0,0.0
2335.0,add_cx,74.73827300280058,457.0,3.0,74.65952738847578,6.0,0.0,1.0,0.0,1.0
2336.0,add_rx,74.65952738847578,457.0,3.0,74.65952738847578,6.0,1.0,1.0,0.0,0.0
2337.0,add_ry,74.56222055811571,457.0,3.0,74.65952738847578,6.0,0.0,2.0,0.0,0.0
2338.0,add_rz,74.59378366564864,457.0,3.0,74.65952738847578,6.0,0.0,1.0,1.0,0.0
2339.0,delete,74.55556479851317,457.0,3.0,74.65952738847578,5.0,0.0,1.0,0.0,0.0
2340.0,swap,74.62559763461144,457.0,3.0,74.65952738847578,5.0,0.0,1.0,0.0,1.0
2341.0,swap,74.6747724697811,458.0,4.0,74.66347026565458,6.0,0.0,1.0,0.0,0.0
2342.0,add_cx,74.66347026565458,458.0,4.0,74.66347026565458,6.0,0.0,1.0,0.0,1.0
2343.0,add_rx,74.66347026565458,458.0,4.0,74.66347026565458,6.0,1.0,1.0,0.0,0.0
2344.0,add_ry,74.67032760887159,458.0,4.0,74.66347026565458,6.0,0.0,2.0,0.0,0.0
2345.0,add_rz,74.66121629526158,458.0,4.0,74.66347026565458,6.0,0.0,1.0,1.0,0.0
2346.0,delete,74.57189422846135,458.0,4.0,74.66347026565458,5.0,0.0,1.0,0.0,0.0
2347.0,swap,74.73818850737025,458.0,4.0,74.66347026565458,5.0,1.0,1.0,0.0,0.0
2348.0,swap,74.62872091839797,459.0,4.0,74.62559763461144,5.0,0.0,1.0,0.0,1.0
2349.0,add_cx,74.62559763461144,459.0,4.0,74.62559763461144,5.0,0.0,1.0,0.0,2.0
2350.0,add_rx,74.56965153092837,459.0,4.0,74.62559763461144,5.0,1.0,1.0,0.0,1.0
2351.0,add_ry,74.66886555521315,459.0,4.0,74.62559763461144,5.0,0.0,2.0,0.0,1.0
2352.0,add_rz,74.62559759894287,459.0,4.0,74.62559763461144,5.0,0.0,1.0,1.0,1.0
2353.0,delete,74.65703360535025,459.0,4.0,74.62559763461144,4.0,0.0,1.0,0.0,1.0
2354.0,swap,74.61764373625684,459.0,4.0,74.62559763461144,4.0,0.0,2.0,0.0,1.0
2355.0,delete,74.54797136265887,460.0,4.0,74.55556479851317,5.0,0.0,1.0,0.0,0.0
2356.0,add_cx,74.82932453646595,460.0,4.0,74.55556479851317,5.0,0.0,1.0,0.0,1.0
2357.0,add_rx,74.55556479851319,460.0,4.0,74.55556479851317,5.0,1.0,1.0,0.0,0.0
2358.0,add_ry,74.65209418036731,460.0,4.0,74.55556479851317,5.0,0.0,2.0,0.0,0.0
2359.0,add_rz,74.55556479851319,460.0,4.0,74.55556479851317,5.0,0.0,1.0,1.0,0.0
2360.0,delete,74.28849820666998,460.0,4.0,74.55556479851317,4.0,0.0,1.0,0.0,0.0
2361.0,swap,74.71123103158631,460.0,4.0,74.55556479851317,4.0,0.0,2.0,0.0,0.0
2362.0,add_cx,74.73814934561429,461.0,4.0,74.73827300280058,6.0,0.0,1.0,0.0,1.0
2363.0,add_cx,74.73827300280058,461.0,4.0,74.73827300280058,6.0,0.0,1.0,0.0,2.0
2364.0,add_rx,74.73827300280058,461.0,4.0,74.73827300280058,6.0,1.0,1.0,0.0,1.0
2365.0,add_ry,74.69428986259123,461.0,4.0,74.73827300280058,6.0,0.0,2.0,0.0,1.0
2366.0,add_rz,74.74744815246845,461.0,4.0,74.73827300280058,6.0,0.0,1.0,1.0,1.0
2367.0,delete,74.69767574259775,461.0,4.0,74.73827300280058,6.0,0.0,0.0,0.0,1.0
2368.0,swap,74.7633077583959,461.0,4.0,74.73827300280058,5.0,0.0,2.0,0.0,1.0
2369.0,change,74.66592914777846,462.0,3.0,74.6633512383387,6.0,0.0,1.0,0.0,0.0
2370.0,add_rx,74.65962220386021,463.0,4.0,74.65952738847578,6.0,1.0,1.0,0.0,0.0
2371.0,add_cx,74.79544732395502,463.0,4.0,74.65952738847578,6.0,1.0,1.0,0.0,1.0
2372.0,add_rx,74.65952738847578,463.0,4.0,74.65952738847578,6.0,2.0,1.0,0.0,0.0
2373.0,add_ry,74.56865109914561,463.0,4.0,74.65952738847578,6.0,1.0,2.0,0.0,0.0
2374.0,add_rz,74.65952738847578,463.0,4.0,74.65952738847578,6.0,1.0,1.0,1.0,0.0
2375.0,delete,74.56167458035509,463.0,4.0,74.65952738847578,5.0,1.0,1.0,0.0,0.0
2376.0,swap,74.74706045813784,463.0,4.0,74.65952738847578,5.0,1.0,1.0,0.0,1.0
2377.0,change,74.66393996991157,464.0,4.0,74.66592914777846,6.0,0.0,1.0,0.0,0.0
2378.0,add_cx,74.78055957914378,464.0,4.0,74.66592914777846,6.0,0.0,1.0,0.0,1.0
2379.0,add_rx,74.73001232318103,464.0,4.0,74.66592914777846,6.0,1.0,1.0,0.0,0.0
2380.0,add_ry,74.53342360450517,464.0,4.0,74.66592914777846,6.0,0.0,2.0,0.0,0.0
2381.0,add_rz,74.64987200816937,464.0,4.0,74.66592914777846,6.0,0.0,1.0,1.0,0.0
2382.0,delete,74.53296954792059,464.0,4.0,74.66592914777846,5.0,0.0,1.0,0.0,0.0
2383.0,swap,74.73230575079329,464.0,4.0,74.66592914777846,5.0,0.0,1.0,0.0,1.0
2384.0,change,74.81555725656308,465.0,4.0,74.80507250019225,5.0,0.0,1.0,0.0,1.0
2385.0,swap,74.95044424792857,466.0,6.0,74.96299554037626,4.0,0.0,1.0,0.0,1.0
2386.0,add_cx,74.96299554037626,466.0,6.0,74.96299554037626,4.0,0.0,1.0,0.0,2.0
2387.0,add_rx,74.41534436674364,466.0,6.0,74.96299554037626,4.0,1.0,1.0,0.0,1.0
2388.0,add_ry,75.04404485721717,466.0,6.0,74.96299554037626,4.0,0.0,2.0,0.0,1.0
2389.0,add_rz,74.96299554037624,466.0,6.0,74.96299554037626,4.0,0.0,1.0,1.0,1.0
2390.0,delete,75.08390339624829,466.0,6.0,74.96299554037626,3.0,0.0,1.0,0.0,1.0
2391.0,swap,74.82451699317447,466.0,6.0,74.96299554037626,3.0,0.0,2.0,0.0,1.0
2392.0,change,74.81485119449746,467.0,5.0,74.81555725656308,5.0,0.0,1.0,0.0,1.0
2393.0,add_cx,74.93634985816243,467.0,5.0,74.81555725656308,5.0,0.0,1.0,0.0,2.0
2394.0,add_rx,74.80769533780172,467.0,5.0,74.81555725656308,5.0,1.0,1.0,0.0,1.0
2395.0,add_ry,74.85425603027775,467.0,5.0,74.81555725656308,5.0,0.0,2.0,0.0,1.0
2396.0,add_rz,74.80494045732533,467.0,5.0,74.81555725656308,5.0,0.0,1.0,1.0,1.0
2397.0,delete,75.03860690293975,467.0,5.0,74.81555725656308,4.0,0.0,1.0,0.0,1.0
2398.0,swap,74.62718479916896,467.0,5.0,74.81555725656308,4.0,0.0,1.0,0.0,2.0
2399.0,swap,74.66359455588089,468.0,5.0,74.66489096130755,4.0,0.0,1.0,1.0,1.0
2400.0,add_cx,74.66489096130755,468.0,5.0,74.66489096130755,4.0,0.0,1.0,1.0,2.0
2401.0,add_rx,74.66489096130753,468.0,5.0,74.66489096130755,4.0,1.0,1.0,1.0,1.0
2402.0,add_ry,74.57986037597547,468.0,5.0,74.66489096130755,4.0,0.0,2.0,1.0,1.0
2403.0,add_rz,74.65609494297136,468.0,5.0,74.66489096130755,4.0,0.0,1.0,2.0,1.0
2404.0,delete,74.4519842283978,468.0,5.0,74.66489096130755,3.0,0.0,1.0,1.0,1.0
2405.0,swap,74.87186964698076,468.0,5.0,74.66489096130755,3.0,0.0,1.0,1.0,2.0
2406.0,delete,74.94398385958195,469.0,6.0,74.94395967434747,4.0,0.0,1.0,0.0,1.0
2407.0,add_cx,74.69971906022812,469.0,6.0,74.94395967434747,4.0,0.0,1.0,0.0,2.0
2408.0,add_rx,74.76391961819827,469.0,6.0,74.94395967434747,4.0,1.0,1.0,0.0,1.0
2409.0,add_ry,74.36279083338597,469.0,6.0,74.94395967434747,4.0,0.0,2.0,0.0,1.0
2410.0,add_rz,74.94395967434745,469.0,6.0,74.94395967434747,4.0,0.0,1.0,1.0,1.0
2411.0,delete,74.90580930066758,469.0,6.0,74.94395967434747,3.0,0.0,1.0,0.0,1.0
2412.0,swap,74.90409485937958,469.0,6.0,74.94395967434747,4.0,0.0,0.0,1.0,1.0
2413.0,delete,75.08711142048088,470.0,6.0,75.12096599862721,3.0,0.0,2.0,0.0,1.0
2414.0,add_cx,74.75521892277705,470.0,6.0,75.12096599862721,3.0,0.0,2.0,0.0,2.0
2415.0,add_rx,75.12046462165068,470.0,6.0,75.12096599862721,3.0,1.0,2.0,0.0,1.0
2416.0,add_ry,74.84087096084833,470.0,6.0,75.12096599862721,3.0,0.0,3.0,0.0,1.0
2417.0,add_rz,75.12096599862721,470.0,6.0,75.12096599862721,3.0,0.0,2.0,1.0,1.0
2418.0,delete,75.11708706174254,470.0,6.0,75.12096599862721,3.0,0.0,1.0,0.0,1.0
2419.0,swap,74.88531798254886,470.0,6.0,75.12096599862721,2.0,0.0,2.0,0.0,2.0
2420.0,swap,74.97105451613136,471.0,6.0,74.97247593615339,4.0,0.0,2.0,0.0,1.0
2421.0,add_cx,74.97247593615339,471.0,6.0,74.97247593615339,4.0,0.0,2.0,0.0,2.0
2422.0,add_rx,74.64733353149765,471.0,6.0,74.97247593615339,4.0,1.0,2.0,0.0,1.0
2423.0,add_ry,74.92276999260974,471.0,6.0,74.97247593615339,4.0,0.0,3.0,0.0,1.0
2424.0,add_rz,74.97501072946838,471.0,6.0,74.97247593615339,4.0,0.0,2.0,1.0,1.0
2425.0,delete,74.88552614236288,471.0,6.0,74.97247593615339,4.0,0.0,1.0,0.0,1.0
2426.0,swap,74.44368600016148,471.0,6.0,74.97247593615339,4.0,1.0,2.0,0.0,0.0
2427.0,delete,75.04625497696865,472.0,6.0,75.03860690293975,4.0,0.0,1.0,0.0,1.0
2428.0,add_cx,75.03860690293975,472.0,6.0,75.03860690293975,4.0,0.0,1.0,0.0,2.0
2429.0,add_rx,74.77995002565551,472.0,6.0,75.03860690293975,4.0,1.0,1.0,0.0,1.0
2430.0,add_ry,74.9297513881209,472.0,6.0,75.03860690293975,4.0,0.0,2.0,0.0,1.0
2431.0,add_rz,75.05185623185369,472.0,6.0,75.03860690293975,4.0,0.0,1.0,1.0,1.0
2432.0,delete,74.19242293100051,472.0,6.0,75.03860690293975,4.0,0.0,1.0,0.0,0.0
2433.0,swap,74.87864904073575,472.0,6.0,75.03860690293975,4.0,0.0,0.0,0.0,2.0
2434.0,swap,75.04384708925441,473.0,6.0,75.03953359630911,4.0,1.0,1.0,0.0,1.0
2435.0,add_cx,74.19197086816942,473.0,6.0,75.03953359630911,4.0,1.0,1.0,0.0,2.0
2436.0,add_rx,75.03953359630911,473.0,6.0,75.03953359630911,4.0,2.0,1.0,0.0,1.0
2437.0,add_ry,74.94442295075119,473.0,6.0,75.03953359630911,4.0,1.0,2.0,0.0,1.0
2438.0,add_rz,75.0516110336946,473.0,6.0,75.03953359630911,4.0,1.0,1.0,1.0,1.0
2439.0,delete,74.19197086816942,473.0,6.0,75.03953359630911,4.0,1.0,1.0,0.0,0.0
2440.0,swap,75.04089844673214,473.0,6.0,75.03953359630911,3.0,1.0,1.0,0.0,2.0
2441.0,swap,74.71233760452718,474.0,5.0,74.71233760452718,5.0,0.0,0.0,1.0,1.0
2442.0,add_cx,74.71233760452718,474.0,5.0,74.71233760452718,5.0,0.0,0.0,1.0,2.0
2443.0,add_rx,74.72421622517037,474.0,5.0,74.71233760452718,5.0,1.0,0.0,1.0,1.0
2444.0,add_ry,74.62559472363516,474.0,5.0,74.71233760452718,5.0,0.0,1.0,1.0,1.0
2445.0,add_rz,74.71294902044382,474.0,5.0,74.71233760452718,5.0,0.0,0.0,2.0,1.0
2446.0,delete,74.88072071905192,474.0,5.0,74.71233760452718,4.0,0.0,0.0,1.0,1.0
2447.0,swap,74.66751829419533,474.0,5.0,74.71233760452718,4.0,1.0,0.0,1.0,1.0
2448.0,add_ry,74.79990292915858,475.0,5.0,74.80069353585695,5.0,0.0,1.0,0.0,2.0
2449.0,add_cx,74.85263848223853,475.0,5.0,74.80069353585695,5.0,0.0,1.0,0.0,3.0
2450.0,add_rx,74.80069353585694,475.0,5.0,74.80069353585695,5.0,1.0,1.0,0.0,2.0
2451.0,add_ry,74.8030565320215,475.0,5.0,74.80069353585695,5.0,0.0,2.0,0.0,2.0
2452.0,add_rz,74.80069353585695,475.0,5.0,74.80069353585695,5.0,0.0,1.0,1.0,2.0
2453.0,delete,74.13280132381045,475.0,5.0,74.80069353585695,5.0,0.0,1.0,0.0,1.0
2454.0,swap,74.97485272862737,475.0,5.0,74.80069353585695,4.0,0.0,1.0,0.0,3.0
2455.0,delete,74.87975469489359,476.0,4.0,74.85539623494896,4.0,0.0,1.0,0.0,1.0
2456.0,delete,74.88425062188082,477.0,5.0,74.87975469489359,4.0,0.0,1.0,0.0,1.0
2457.0,add_cx,74.87975469489359,477.0,5.0,74.87975469489359,4.0,0.0,1.0,0.0,2.0
2458.0,add_rx,74.85575040594237,477.0,5.0,74.87975469489359,4.0,1.0,1.0,0.0,1.0
2459.0,add_ry,74.78892087847424,477.0,5.0,74.87975469489359,4.0,0.0,2.0,0.0,1.0
2460.0,add_rz,74.90553075665774,477.0,5.0,74.87975469489359,4.0,0.0,1.0,1.0,1.0
2461.0,delete,74.89238557310058,477.0,5.0,74.87975469489359,3.0,0.0,1.0,0.0,1.0
2462.0,swap,74.90977733594417,477.0,5.0,74.87975469489359,3.0,0.0,2.0,0.0,1.0
2463.0,delete,75.04862767621893,478.0,6.0,75.05071980920938,4.0,0.0,1.0,0.0,1.0
2464.0,add_cx,74.56082642606347,478.0,6.0,75.05071980920938,4.0,0.0,1.0,0.0,2.0
2465.0,add_rx,75.01499114743486,478.0,6.0,75.05071980920938,4.0,1.0,1.0,0.0,1.0
2466.0,add_ry,75.00667443958864,478.0,6.0,75.05071980920938,4.0,0.0,2.0,0.0,1.0
2467.0,add_rz,75.04153475054818,478.0,6.0,75.05071980920938,4.0,0.0,1.0,1.0,1.0
2468.0,delete,74.18943395268543,478.0,6.0,75.05071980920938,4.0,0.0,1.0,0.0,0.0
2469.0,swap,73.90758471393,478.0,6.0,75.05071980920938,4.0,0.0,2.0,0.0,0.0
2470.0,swap,74.9515603524646,479.0,6.0,74.90977733594417,3.0,0.0,2.0,0.0,1.0
2471.0,add_cx,74.33827084811921,479.0,6.0,74.90977733594417,3.0,0.0,2.0,0.0,2.0
2472.0,add_rx,74.74619508195161,479.0,6.0,74.90977733594417,3.0,1.0,2.0,0.0,1.0
2473.0,add_ry,74.80558238072776,479.0,6.0,74.90977733594417,3.0,0.0,3.0,0.0,1.0
2474.0,add_rz,74.90977733594417,479.0,6.0,74.90977733594417,3.0,0.0,2.0,1.0,1.0
2475.0,delete,74.08292041636803,479.0,6.0,74.90977733594417,3.0,0.0,2.0,0.0,0.0
2476.0,swap,74.98118480680466,479.0,6.0,74.90977733594417,2.0,0.0,2.0,1.0,1.0
2477.0,delete,74.22641515629772,480.0,4.0,74.66652846584141,5.0,0.0,0.0,0.0,1.0
2478.0,add_rz,74.732087320294,481.0,5.0,74.73199266589059,5.0,0.0,0.0,2.0,1.0
2479.0,add_cx,74.74031894453209,481.0,5.0,74.73199266589059,5.0,0.0,0.0,2.0,2.0
2480.0,add_rx,74.73199266589059,481.0,5.0,74.73199266589059,5.0,1.0,0.0,2.0,1.0
2481.0,add_ry,74.72897480983347,481.0,5.0,74.73199266589059,5.0,0.0,1.0,2.0,1.0
2482.0,add_rz,74.74810905693765,481.0,5.0,74.73199266589059,5.0,0.0,0.0,3.0,1.0
2483.0,delete,74.55251025199017,481.0,5.0,74.73199266589059,4.0,0.0,0.0,2.0,1.0
2484.0,swap,74.61648192439748,481.0,5.0,74.73199266589059,4.0,0.0,0.0,3.0,1.0
2485.0,swap,74.76327177587606,482.0,4.0,74.80568996867919,4.0,1.0,0.0,0.0,1.0
2486.0,swap,74.8641361452817,483.0,4.0,74.84091314974211,4.0,0.0,1.0,0.0,2.0
2487.0,add_ry,74.79035127707027,484.0,5.0,74.79212787344164,5.0,0.0,2.0,0.0,1.0
2488.0,add_cx,74.79212787344164,484.0,5.0,74.79212787344164,5.0,0.0,2.0,0.0,2.0
2489.0,add_rx,74.79212787344164,484.0,5.0,74.79212787344164,5.0,1.0,2.0,0.0,1.0
2490.0,add_ry,74.82212329622642,484.0,5.0,74.79212787344164,5.0,0.0,3.0,0.0,1.0
2491.0,add_rz,74.8073398143969,484.0,5.0,74.79212787344164,5.0,0.0,2.0,1.0,1.0
2492.0,delete,74.93197321104053,484.0,5.0,74.79212787344164,4.0,0.0,2.0,0.0,1.0
2493.0,swap,74.92224832720453,484.0,5.0,74.79212787344164,4.0,0.0,2.0,0.0,2.0
2494.0,delete,74.71233760452718,485.0,4.0,74.7633802637661,5.0,0.0,0.0,0.0,1.0
2495.0,swap,74.86548335617971,486.0,5.0,74.8641361452817,4.0,0.0,1.0,0.0,2.0
2496.0,add_cx,74.8641361452817,486.0,5.0,74.8641361452817,4.0,0.0,1.0,0.0,3.0
2497.0,add_rx,74.61643316411526,486.0,5.0,74.8641361452817,4.0,1.0,1.0,0.0,2.0
2498.0,add_ry,74.78603726480621,486.0,5.0,74.8641361452817,4.0,0.0,2.0,0.0,2.0
2499.0,add_rz,74.86412835805817,486.0,5.0,74.8641361452817,4.0,0.0,1.0,1.0,2.0
2500.0,delete,74.93877248510697,486.0,5.0,74.8641361452817,3.0,0.0,1.0,0.0,2.0
2501.0,swap,75.05914304814259,486.0,5.0,74.8641361452817,3.0,0.0,2.0,0.0,2.0
2502.0,swap,75.05553355630757,487.0,6.0,75.05914304814259,3.0,0.0,2.0,0.0,2.0
2503.0,add_cx,75.05914304814259,487.0,6.0,75.05914304814259,3.0,0.0,2.0,0.0,3.0
2504.0,add_rx,75.05914304814259,487.0,6.0,75.05914304814259,3.0,1.0,2.0,0.0,2.0
2505.0,add_ry,75.06290375940685,487.0,6.0,75.05914304814259,3.0,0.0,3.0,0.0,2.0
2506.0,add_rz,75.04526268858534,487.0,6.0,75.05914304814259,3.0,0.0,2.0,1.0,2.0
2507.0,delete,75.07014713943025,487.0,6.0,75.05914304814259,3.0,0.0,1.0,0.0,2.0
2508.0,swap,74.03851336541418,487.0,6.0,75.05914304814259,3.0,1.0,2.0,0.0,1.0
2509.0,delete,74.94422718750897,488.0,6.0,74.93877248510697,3.0,0.0,1.0,0.0,2.0
2510.0,add_cx,74.89491166456081,488.0,6.0,74.93877248510697,3.0,0.0,1.0,0.0,3.0
2511.0,add_rx,74.93877248510697,488.0,6.0,74.93877248510697,3.0,1.0,1.0,0.0,2.0
2512.0,add_ry,74.93409915889922,488.0,6.0,74.93877248510697,3.0,0.0,2.0,0.0,2.0
2513.0,add_rz,74.9579139528971,488.0,6.0,74.93877248510697,3.0,0.0,1.0,1.0,2.0
2514.0,delete,75.00725163931338,488.0,6.0,74.93877248510697,2.0,0.0,1.0,0.0,2.0
2515.0,swap,74.65226874138673,488.0,6.0,74.93877248510697,3.0,0.0,2.0,0.0,1.0
2516.0,delete,74.88145901807623,489.0,6.0,74.87975469489359,4.0,0.0,1.0,0.0,1.0
2517.0,add_cx,74.87975469489359,489.0,6.0,74.87975469489359,4.0,0.0,1.0,0.0,2.0
2518.0,add_rx,74.87975469489359,489.0,6.0,74.87975469489359,4.0,1.0,1.0,0.0,1.0
2519.0,add_ry,74.86370936189348,489.0,6.0,74.87975469489359,4.0,0.0,2.0,0.0,1.0
2520.0,add_rz,74.8797546948936,489.0,6.0,74.87975469489359,4.0,0.0,1.0,1.0,1.0
2521.0,delete,74.88271963958238,489.0,6.0,74.87975469489359,3.0,0.0,1.0,0.0,1.0
2522.0,swap,74.74005515059268,489.0,6.0,74.87975469489359,4.0,1.0,1.0,0.0,0.0
2523.0,swap,74.52482483630283,490.0,3.0,74.78174124546268,6.0,0.0,0.0,1.0,0.0
2524.0,swap,74.52482483630281,491.0,4.0,74.52482483630283,6.0,0.0,0.0,1.0,0.0
2525.0,add_cx,74.52482483630283,491.0,4.0,74.52482483630283,6.0,0.0,0.0,1.0,1.0
2526.0,add_rx,74.52482483630284,491.0,4.0,74.52482483630283,6.0,1.0,0.0,1.0,0.0
2527.0,add_ry,74.29894129545748,491.0,4.0,74.52482483630283,6.0,0.0,1.0,1.0,0.0
2528.0,add_rz,74.55795849704225,491.0,4.0,74.52482483630283,6.0,0.0,0.0,2.0,0.0
2529.0,delete,74.65399045576504,491.0,4.0,74.52482483630283,5.0,0.0,0.0,1.0,0.0
2530.0,swap,74.80510948532893,491.0,4.0,74.52482483630283,5.0,1.0,0.0,1.0,0.0
2531.0,add_cx,74.81576682031513,492.0,4.0,74.96427122284724,5.0,0.0,1.0,0.0,2.0
2532.0,add_cx,74.81592195919352,493.0,5.0,74.81576682031513,5.0,0.0,1.0,0.0,2.0
2533.0,add_cx,74.81576682031513,493.0,5.0,74.81576682031513,5.0,0.0,1.0,0.0,3.0
2534.0,add_rx,74.81576682031513,493.0,5.0,74.81576682031513,5.0,1.0,1.0,0.0,2.0
2535.0,add_ry,74.32224996613431,493.0,5.0,74.81576682031513,5.0,0.0,2.0,0.0,2.0
2536.0,add_rz,74.81576682031513,493.0,5.0,74.81576682031513,5.0,0.0,1.0,1.0,2.0
2537.0,delete,75.03953359630911,493.0,5.0,74.81576682031513,4.0,0.0,1.0,0.0,2.0
2538.0,swap,75.00769603922383,493.0,5.0,74.81576682031513,4.0,0.0,1.0,1.0,2.0
2539.0,swap,74.80556954064714,494.0,5.0,74.80510948532893,5.0,1.0,0.0,1.0,0.0
2540.0,add_cx,74.80510948532893,494.0,5.0,74.80510948532893,5.0,1.0,0.0,1.0,1.0
2541.0,add_rx,74.76104485959382,494.0,5.0,74.80510948532893,5.0,2.0,0.0,1.0,0.0
2542.0,add_ry,74.81688864263762,494.0,5.0,74.80510948532893,5.0,1.0,1.0,1.0,0.0
2543.0,add_rz,74.84718926415613,494.0,5.0,74.80510948532893,5.0,1.0,0.0,2.0,0.0
2544.0,delete,74.80510948532893,494.0,5.0,74.80510948532893,5.0,1.0,0.0,0.0,0.0
2545.0,swap,74.680574044383,494.0,5.0,74.80510948532893,4.0,2.0,0.0,1.0,0.0
2546.0,delete,74.65399045576501,495.0,5.0,74.65399045576504,5.0,0.0,0.0,1.0,0.0
2547.0,add_cx,74.65399045576504,495.0,5.0,74.65399045576504,5.0,0.0,0.0,1.0,1.0
2548.0,add_rx,74.65399045576501,495.0,5.0,74.65399045576504,5.0,1.0,0.0,1.0,0.0
2549.0,add_ry,74.65541444780142,495.0,5.0,74.65399045576504,5.0,0.0,1.0,1.0,0.0
2550.0,add_rz,74.6198425286282,495.0,5.0,74.65399045576504,5.0,0.0,0.0,2.0,0.0
2551.0,delete,74.64656859155136,495.0,5.0,74.65399045576504,4.0,0.0,0.0,1.0,0.0
2552.0,swap,74.41496764541978,495.0,5.0,74.65399045576504,4.0,0.0,0.0,2.0,0.0
2553.0,swap,74.79145892603542,496.0,5.0,74.76327177587606,4.0,1.0,0.0,0.0,1.0
2554.0,add_cx,74.76327177587606,496.0,5.0,74.76327177587606,4.0,1.0,0.0,0.0,2.0
2555.0,add_rx,74.76327177587606,496.0,5.0,74.76327177587606,4.0,2.0,0.0,0.0,1.0
2556.0,add_ry,74.90235066912193,496.0,5.0,74.76327177587606,4.0,1.0,1.0,0.0,1.0
2557.0,add_rz,74.76327177587606,496.0,5.0,74.76327177587606,4.0,1.0,0.0,1.0,1.0
2558.0,delete,74.69981489100957,496.0,5.0,74.76327177587606,3.0,1.0,0.0,0.0,1.0
2559.0,swap,74.7048935728946,496.0,5.0,74.76327177587606,3.0,2.0,0.0,0.0,1.0
2560.0,swap,74.6047528050353,497.0,4.0,74.83539970565042,4.0,0.0,0.0,0.0,2.0
2561.0,add_cx,74.73952040717947,498.0,5.0,74.73952040717947,5.0,0.0,0.0,0.0,3.0
2562.0,add_rx,74.73952040717948,498.0,5.0,74.73952040717947,5.0,1.0,0.0,0.0,2.0
2563.0,add_ry,74.72303287231028,498.0,5.0,74.73952040717947,5.0,0.0,1.0,0.0,2.0
2564.0,add_rz,74.73880048096477,498.0,5.0,74.73952040717947,5.0,0.0,0.0,1.0,2.0
2565.0,delete,74.90339812811759,498.0,5.0,74.73952040717947,4.0,0.0,0.0,0.0,2.0
2566.0,swap,74.87412222682094,498.0,5.0,74.73952040717947,4.0,1.0,0.0,0.0,2.0
2567.0,add_rx,74.81699991785831,499.0,5.0,74.81699991785831,5.0,1.0,0.0,0.0,1.0
2568.0,add_cx,74.81699991785831,499.0,5.0,74.81699991785831,5.0,1.0,0.0,0.0,2.0
2569.0,add_rx,74.81699991785831,499.0,5.0,74.81699991785831,5.0,2.0,0.0,0.0,1.0
2570.0,add_ry,74.84336294262886,499.0,5.0,74.81699991785831,5.0,1.0,1.0,0.0,1.0
2571.0,add_rz,74.81828779670934,499.0,5.0,74.81699991785831,5.0,1.0,0.0,1.0,1.0
2572.0,delete,74.87528042585602,499.0,5.0,74.81699991785831,4.0,1.0,0.0,0.0,1.0
2573.0,swap,74.90707184204483,499.0,5.0,74.81699991785831,4.0,2.0,0.0,0.0,1.0
2574.0,add_ry,74.77683175469022,500.0,5.0,74.77972761557363,5.0,0.0,1.0,0.0,1.0
2575.0,add_cx,74.77972761557363,500.0,5.0,74.77972761557363,5.0,0.0,1.0,0.0,2.0
2576.0,add_rx,74.77972761557363,500.0,5.0,74.77972761557363,5.0,1.0,1.0,0.0,1.0
2577.0,add_ry,74.75360082272233,500.0,5.0,74.77972761557363,5.0,0.0,2.0,0.0,1.0
2578.0,add_rz,74.8056025560566,500.0,5.0,74.77972761557363,5.0,0.0,1.0,1.0,1.0
2579.0,delete,74.2496321621446,500.0,5.0,74.77972761557363,5.0,0.0,1.0,0.0,0.0
2580.0,swap,74.81699991785831,500.0,5.0,74.77972761557363,5.0,0.0,0.0,0.0,2.0
2581.0,swap,74.87135482806195,501.0,6.0,74.86548335617971,4.0,0.0,1.0,0.0,2.0
2582.0,add_cx,74.86548335617971,501.0,6.0,74.86548335617971,4.0,0.0,1.0,0.0,3.0
2583.0,add_rx,74.8654833561797,501.0,6.0,74.86548335617971,4.0,1.0,1.0,0.0,2.0
2584.0,add_ry,74.88454449463056,501.0,6.0,74.86548335617971,4.0,0.0,2.0,0.0,2.0
2585.0,add_rz,74.83839970354703,501.0,6.0,74.86548335617971,4.0,0.0,1.0,1.0,2.0
2586.0,delete,74.9142045597329,501.0,6.0,74.86548335617971,3.0,0.0,1.0,0.0,2.0
2587.0,swap,74.23035683597476,501.0,6.0,74.86548335617971,4.0,0.0,1.0,1.0,1.0
2588.0,swap,74.8807207190519,502.0,6.0,74.8807207190519,4.0,1.0,0.0,0.0,1.0
2589.0,add_cx,74.8807207190519,502.0,6.0,74.8807207190519,4.0,1.0,0.0,0.0,2.0
2590.0,add_rx,74.85269160846269,502.0,6.0,74.8807207190519,4.0,2.0,0.0,0.0,1.0
2591.0,add_ry,74.80922487095705,502.0,6.0,74.8807207190519,4.0,1.0,1.0,0.0,1.0
2592.0,add_rz,74.88714723200177,502.0,6.0,74.8807207190519,4.0,1.0,0.0,1.0,1.0
2593.0,delete,74.39220808573506,502.0,6.0,74.8807207190519,4.0,1.0,0.0,0.0,0.0
2594.0,swap,74.57401138591278,502.0,6.0,74.8807207190519,3.0,2.0,0.0,0.0,1.0
2595.0,add_cx,74.71233760452718,503.0,5.0,74.71233760452718,5.0,0.0,0.0,0.0,2.0
2596.0,add_rx,74.71233760452719,503.0,5.0,74.71233760452718,5.0,1.0,0.0,0.0,1.0
2597.0,add_ry,74.68789545989681,503.0,5.0,74.71233760452718,5.0,0.0,1.0,0.0,1.0
2598.0,add_rz,74.75258477627432,503.0,5.0,74.71233760452718,5.0,0.0,0.0,1.0,1.0
2599.0,delete,74.83288740379744,503.0,5.0,74.71233760452718,4.0,0.0,0.0,0.0,1.0
2600.0,swap,74.82826981937072,503.0,5.0,74.71233760452718,4.0,0.0,1.0,0.0,1.0
2601.0,delete,75.0490118316826,504.0,6.0,75.04089844673217,3.0,0.0,1.0,0.0,1.0
2602.0,add_cx,75.04089844673217,504.0,6.0,75.04089844673217,3.0,0.0,1.0,0.0,2.0
2603.0,add_rx,75.03973423317913,504.0,6.0,75.04089844673217,3.0,1.0,1.0,0.0,1.0
2604.0,add_ry,75.06757177176829,504.0,6.0,75.04089844673217,3.0,0.0,2.0,0.0,1.0
2605.0,add_rz,75.03165604814848,504.0,6.0,75.04089844673217,3.0,0.0,1.0,1.0,1.0
2606.0,delete,74.91543419627638,504.0,6.0,75.04089844673217,2.0,0.0,1.0,0.0,1.0
2607.0,swap,74.56930276520292,504.0,6.0,75.04089844673217,3.0,1.0,1.0,0.0,0.0
2608.0,add_cx,74.78191312774119,505.0,6.0,74.90409485937958,4.0,0.0,0.0,0.0,2.0
2609.0,add_rx,74.82627664016856,505.0,6.0,74.90409485937958,4.0,1.0,0.0,0.0,1.0
2610.0,add_ry,74.85291383897935,505.0,6.0,74.90409485937958,4.0,0.0,1.0,0.0,1.0
2611.0,add_rz,74.9040948593796,505.0,6.0,74.90409485937958,4.0,0.0,0.0,1.0,1.0
2612.0,delete,74.87113737845459,505.0,6.0,74.90409485937958,3.0,0.0,0.0,0.0,1.0
2613.0,swap,74.5854962180415,505.0,6.0,74.90409485937958,4.0,0.0,1.0,0.0,0.0
2614.0,add_ry,75.0544451286843,506.0,6.0,75.05435545570249,4.0,0.0,2.0,0.0,1.0
2615.0,add_cx,75.12261402722518,506.0,6.0,75.05435545570249,4.0,0.0,2.0,0.0,2.0
2616.0,add_rx,75.05435545570249,506.0,6.0,75.05435545570249,4.0,1.0,2.0,0.0,1.0
2617.0,add_ry,75.04293200922793,506.0,6.0,75.05435545570249,4.0,0.0,3.0,0.0,1.0
2618.0,add_rz,75.0543554557025,506.0,6.0,75.05435545570249,4.0,0.0,2.0,1.0,1.0
2619.0,delete,74.19695641171269,506.0,6.0,75.05435545570249,4.0,0.0,2.0,0.0,0.0
2620.0,swap,74.19700877551905,506.0,6.0,75.05435545570249,4.0,1.0,2.0,0.0,0.0
2621.0,swap,74.93697804507987,507.0,6.0,74.94643364629115,3.0,0.0,3.0,0.0,1.0
2622.0,add_cx,74.94643364629115,507.0,6.0,74.94643364629115,3.0,0.0,3.0,0.0,2.0
2623.0,add_rx,74.95485563412424,507.0,6.0,74.94643364629115,3.0,1.0,3.0,0.0,1.0
2624.0,add_ry,74.94222776963709,507.0,6.0,74.94643364629115,3.0,0.0,4.0,0.0,1.0
2625.0,add_rz,74.95850575988239,507.0,6.0,74.94643364629115,3.0,0.0,3.0,1.0,1.0
2626.0,delete,74.39927910798002,507.0,6.0,74.94643364629115,3.0,0.0,3.0,0.0,0.0
2627.0,swap,74.88363391117171,507.0,6.0,74.94643364629115,3.0,0.0,2.0,1.0,1.0
2628.0,add_ry,74.44527718034537,508.0,4.0,74.83130244328295,5.0,0.0,2.0,0.0,1.0
2629.0,swap,74.87503802849369,509.0,6.0,74.87503802849366,4.0,0.0,0.0,1.0,2.0
2630.0,add_cx,74.59444734084644,509.0,6.0,74.87503802849366,4.0,0.0,0.0,1.0,3.0
2631.0,add_rx,74.75692629580244,509.0,6.0,74.87503802849366,4.0,1.0,0.0,1.0,2.0
2632.0,add_ry,74.58853250943761,509.0,6.0,74.87503802849366,4.0,0.0,1.0,1.0,2.0
2633.0,add_rz,74.86329940097448,509.0,6.0,74.87503802849366,4.0,0.0,0.0,2.0,2.0
2634.0,delete,74.87503802849369,509.0,6.0,74.87503802849366,4.0,0.0,0.0,0.0,2.0
2635.0,swap,75.04775129553168,509.0,6.0,74.87503802849366,4.0,0.0,1.0,0.0,2.0
2636.0,swap,74.87950278282732,510.0,6.0,74.87950278282733,4.0,1.0,1.0,0.0,1.0
2637.0,add_cx,74.87950278282733,510.0,6.0,74.87950278282733,4.0,1.0,1.0,0.0,2.0
2638.0,add_rx,74.87898627515602,510.0,6.0,74.87950278282733,4.0,2.0,1.0,0.0,1.0
2639.0,add_ry,74.84776830228587,510.0,6.0,74.87950278282733,4.0,1.0,2.0,0.0,1.0
2640.0,add_rz,74.87950278282733,510.0,6.0,74.87950278282733,4.0,1.0,1.0,1.0,1.0
2641.0,delete,74.87950278282732,510.0,6.0,74.87950278282733,4.0,0.0,1.0,0.0,1.0
2642.0,swap,74.87950278282732,510.0,6.0,74.87950278282733,4.0,0.0,1.0,1.0,1.0
2643.0,delete,74.88271963958238,511.0,5.0,74.96931346746527,3.0,0.0,1.0,0.0,1.0
2644.0,add_rz,74.88373388268525,512.0,6.0,74.88329254317449,5.0,0.0,0.0,1.0,1.0
2645.0,add_cx,74.88329254317449,512.0,6.0,74.88329254317449,5.0,0.0,0.0,1.0,2.0
2646.0,add_rx,74.81736682319571,512.0,6.0,74.88329254317449,5.0,1.0,0.0,1.0,1.0
2647.0,add_ry,74.87640140779313,512.0,6.0,74.88329254317449,5.0,0.0,1.0,1.0,1.0
2648.0,add_rz,74.85830869211989,512.0,6.0,74.88329254317449,5.0,0.0,0.0,2.0,1.0
2649.0,delete,74.82382424862024,512.0,6.0,74.88329254317449,5.0,0.0,0.0,0.0,1.0
2650.0,swap,74.86851608109684,512.0,6.0,74.88329254317449,4.0,0.0,1.0,1.0,1.0
2651.0,delete,74.89001674336323,513.0,5.0,75.00600037091284,3.0,0.0,2.0,0.0,1.0
2652.0,delete,74.90476512210387,514.0,6.0,74.89001674336323,3.0,0.0,2.0,0.0,1.0
2653.0,add_cx,74.89001674336323,514.0,6.0,74.89001674336323,3.0,0.0,2.0,0.0,2.0
2654.0,add_rx,74.65234617963934,514.0,6.0,74.89001674336323,3.0,1.0,2.0,0.0,1.0
2655.0,add_ry,74.97563592391276,514.0,6.0,74.89001674336323,3.0,0.0,3.0,0.0,1.0
2656.0,add_rz,74.89001674336323,514.0,6.0,74.89001674336323,3.0,0.0,2.0,1.0,1.0
2657.0,delete,74.790532582907,514.0,6.0,74.89001674336323,2.0,0.0,2.0,0.0,1.0
2658.0,swap,74.82342985916515,514.0,6.0,74.89001674336323,3.0,0.0,1.0,0.0,2.0
2659.0,swap,74.98096811757287,515.0,6.0,74.99181911641475,4.0,1.0,1.0,0.0,1.0
2660.0,add_cx,74.99181911641475,515.0,6.0,74.99181911641475,4.0,1.0,1.0,0.0,2.0
2661.0,add_rx,74.99181911641475,515.0,6.0,74.99181911641475,4.0,2.0,1.0,0.0,1.0
2662.0,add_ry,74.88977161694713,515.0,6.0,74.99181911641475,4.0,1.0,2.0,0.0,1.0
2663.0,add_rz,74.98610261497491,515.0,6.0,74.99181911641475,4.0,1.0,1.0,1.0,1.0
2664.0,delete,74.90516575137347,515.0,6.0,74.99181911641475,3.0,1.0,1.0,0.0,1.0
2665.0,swap,75.03831717500678,515.0,6.0,74.99181911641475,3.0,1.0,1.0,0.0,2.0
2666.0,change,74.82156910068058,516.0,4.0,74.82337177671693,5.0,0.0,1.0,0.0,1.0
2667.0,change,74.82164556955338,517.0,5.0,74.82156910068058,5.0,0.0,1.0,0.0,1.0
2668.0,add_cx,74.82156910068058,517.0,5.0,74.82156910068058,5.0,0.0,1.0,0.0,2.0
2669.0,add_rx,74.83083171451213,517.0,5.0,74.82156910068058,5.0,1.0,1.0,0.0,1.0
2670.0,add_ry,74.98346266371965,517.0,5.0,74.82156910068058,5.0,0.0,2.0,0.0,1.0
2671.0,add_rz,74.85360130425515,517.0,5.0,74.82156910068058,5.0,0.0,1.0,1.0,1.0
2672.0,delete,74.94399451170831,517.0,5.0,74.82156910068058,4.0,0.0,1.0,0.0,1.0
2673.0,swap,74.97197866420962,517.0,5.0,74.82156910068058,4.0,1.0,1.0,0.0,1.0
2674.0,swap,74.96055885093493,518.0,6.0,74.97197866420962,4.0,1.0,1.0,0.0,1.0
2675.0,add_cx,74.97197866420962,518.0,6.0,74.97197866420962,4.0,1.0,1.0,0.0,2.0
2676.0,add_rx,74.6188020225857,518.0,6.0,74.97197866420962,4.0,2.0,1.0,0.0,1.0
2677.0,add_ry,75.0529788714768,518.0,6.0,74.97197866420962,4.0,1.0,2.0,0.0,1.0
2678.0,add_rz,74.97197866420959,518.0,6.0,74.97197866420962,4.0,1.0,1.0,1.0,1.0
2679.0,delete,75.12428478653268,518.0,6.0,74.97197866420962,3.0,1.0,1.0,0.0,1.0
2680.0,swap,74.96366104377972,518.0,6.0,74.97197866420962,3.0,1.0,1.0,1.0,1.0
2681.0,delete,74.94380315155853,519.0,6.0,74.94399451170831,4.0,0.0,1.0,0.0,1.0
2682.0,add_cx,74.94399451170831,519.0,6.0,74.94399451170831,4.0,0.0,1.0,0.0,2.0
2683.0,add_rx,74.70361291128093,519.0,6.0,74.94399451170831,4.0,1.0,1.0,0.0,1.0
2684.0,add_ry,74.94300703959057,519.0,6.0,74.94399451170831,4.0,0.0,2.0,0.0,1.0
2685.0,add_rz,74.94399451170831,519.0,6.0,74.94399451170831,4.0,0.0,1.0,1.0,1.0
2686.0,delete,74.90409485937958,519.0,6.0,74.94399451170831,4.0,0.0,0.0,0.0,1.0
2687.0,swap,74.62776732164154,519.0,6.0,74.94399451170831,4.0,0.0,0.0,0.0,2.0
2688.0,swap,74.81771136912116,520.0,6.0,74.81953259348683,5.0,0.0,1.0,0.0,1.0
2689.0,add_cx,74.81953259348683,520.0,6.0,74.81953259348683,5.0,0.0,1.0,0.0,2.0
2690.0,add_rx,74.83990360942397,520.0,6.0,74.81953259348683,5.0,1.0,1.0,0.0,1.0
2691.0,add_ry,74.81795335850944,520.0,6.0,74.81953259348683,5.0,0.0,2.0,0.0,1.0
2692.0,add_rz,74.82022876621106,520.0,6.0,74.81953259348683,5.0,0.0,1.0,1.0,1.0
2693.0,delete,74.9717513742091,520.0,6.0,74.81953259348683,4.0,0.0,1.0,0.0,1.0
2694.0,swap,74.34931678026362,520.0,6.0,74.81953259348683,4.0,0.0,1.0,0.0,2.0
2695.0,swap,74.50206805917587,521.0,2.0,74.73365580275933,6.0,0.0,0.0,0.0,1.0
2696.0,add_cx,74.78946334558411,522.0,3.0,74.50206805917587,6.0,0.0,0.0,0.0,2.0
2697.0,add_rx,74.5023150558662,522.0,3.0,74.50206805917587,6.0,1.0,0.0,0.0,1.0
2698.0,add_ry,74.49668918892775,522.0,3.0,74.50206805917587,6.0,0.0,1.0,0.0,1.0
2699.0,add_rz,74.50206805917584,522.0,3.0,74.50206805917587,6.0,0.0,0.0,1.0,1.0
2700.0,delete,74.18056337407641,522.0,3.0,74.50206805917587,5.0,0.0,0.0,0.0,1.0
2701.0,swap,74.44774558184547,522.0,3.0,74.50206805917587,5.0,0.0,0.0,1.0,1.0
2702.0,swap,74.4477455818455,523.0,4.0,74.44774558184547,5.0,0.0,0.0,1.0,1.0
2703.0,add_cx,74.44774558184547,523.0,4.0,74.44774558184547,5.0,0.0,0.0,1.0,2.0
2704.0,add_rx,74.55415667439544,523.0,4.0,74.44774558184547,5.0,1.0,0.0,1.0,1.0
2705.0,add_ry,74.46141555882305,523.0,4.0,74.44774558184547,5.0,0.0,1.0,1.0,1.0
2706.0,add_rz,74.39769756485522,523.0,4.0,74.44774558184547,5.0,0.0,0.0,2.0,1.0
2707.0,delete,74.10156817021875,523.0,4.0,74.44774558184547,4.0,0.0,0.0,1.0,1.0
2708.0,swap,74.44774558184551,523.0,4.0,74.44774558184547,5.0,0.0,0.0,1.0,1.0
2709.0,change,74.81757960774358,524.0,6.0,74.82164556955338,5.0,0.0,1.0,0.0,1.0
2710.0,add_cx,74.82164556955338,524.0,6.0,74.82164556955338,5.0,0.0,1.0,0.0,2.0
2711.0,add_rx,74.07937965804827,524.0,6.0,74.82164556955338,5.0,1.0,1.0,0.0,1.0
2712.0,add_ry,74.82161826727953,524.0,6.0,74.82164556955338,5.0,0.0,2.0,0.0,1.0
2713.0,add_rz,74.8218487743083,524.0,6.0,74.82164556955338,5.0,0.0,1.0,1.0,1.0
2714.0,delete,74.82382424862024,524.0,6.0,74.82164556955338,5.0,0.0,0.0,0.0,1.0
2715.0,swap,74.01367780241897,524.0,6.0,74.82164556955338,4.0,1.0,1.0,0.0,1.0
2716.0,swap,74.89833142474836,525.0,6.0,74.89926964889987,3.0,0.0,2.0,0.0,2.0
2717.0,add_cx,74.82946429187969,525.0,6.0,74.89926964889987,3.0,0.0,2.0,0.0,3.0
2718.0,add_rx,74.89877219196087,525.0,6.0,74.89926964889987,3.0,1.0,2.0,0.0,2.0
2719.0,add_ry,74.90331777888363,525.0,6.0,74.89926964889987,3.0,0.0,3.0,0.0,2.0
2720.0,add_rz,74.8645283477839,525.0,6.0,74.89926964889987,3.0,0.0,2.0,1.0,2.0
2721.0,delete,74.85587068767414,525.0,6.0,74.89926964889987,2.0,0.0,2.0,0.0,2.0
2722.0,swap,74.44471596980138,525.0,6.0,74.89926964889987,2.0,0.0,2.0,0.0,3.0
2723.0,delete,74.86086939894606,526.0,6.0,74.88271963958238,3.0,0.0,1.0,0.0,1.0
2724.0,add_cx,74.88271963958238,526.0,6.0,74.88271963958238,3.0,0.0,1.0,0.0,2.0
2725.0,add_rx,74.56475686198716,526.0,6.0,74.88271963958238,3.0,1.0,1.0,0.0,1.0
2726.0,add_ry,74.93813046753775,526.0,6.0,74.88271963958238,3.0,0.0,2.0,0.0,1.0
2727.0,add_rz,74.91295362404519,526.0,6.0,74.88271963958238,3.0,0.0,1.0,1.0,1.0
2728.0,delete,74.75314033281576,526.0,6.0,74.88271963958238,3.0,0.0,0.0,0.0,1.0
2729.0,swap,74.79257430701682,526.0,6.0,74.88271963958238,2.0,1.0,1.0,0.0,1.0
2730.0,change,74.71233760452719,527.0,4.0,74.7345949666514,5.0,1.0,0.0,0.0,1.0
2731.0,add_rx,74.61730908342118,528.0,5.0,74.60686083954054,5.0,1.0,0.0,0.0,2.0
2732.0,add_cx,74.84873529693778,528.0,5.0,74.60686083954054,5.0,1.0,0.0,0.0,3.0
2733.0,add_rx,74.60686083954053,528.0,5.0,74.60686083954054,5.0,2.0,0.0,0.0,2.0
2734.0,add_ry,74.54743354894929,528.0,5.0,74.60686083954054,5.0,1.0,1.0,0.0,2.0
2735.0,add_rz,74.60686083954053,528.0,5.0,74.60686083954054,5.0,1.0,0.0,1.0,2.0
2736.0,delete,74.60686083954054,528.0,5.0,74.60686083954054,5.0,1.0,0.0,0.0,1.0
2737.0,swap,74.68035080012186,528.0,5.0,74.60686083954054,4.0,2.0,0.0,0.0,2.0
2738.0,swap,74.80635776550133,529.0,4.0,74.85300417274917,5.0,1.0,0.0,0.0,1.0
2739.0,swap,74.81302915342677,530.0,5.0,74.80635776550133,5.0,1.0,0.0,0.0,1.0
2740.0,add_cx,74.80635776550133,530.0,5.0,74.80635776550133,5.0,1.0,0.0,0.0,2.0
2741.0,add_rx,74.77872763305128,530.0,5.0,74.80635776550133,5.0,2.0,0.0,0.0,1.0
2742.0,add_ry,74.73924997682663,530.0,5.0,74.80635776550133,5.0,1.0,1.0,0.0,1.0
2743.0,add_rz,74.8371030396506,530.0,5.0,74.80635776550133,5.0,1.0,0.0,1.0,1.0
2744.0,delete,74.86930420828041,530.0,5.0,74.80635776550133,4.0,1.0,0.0,0.0,1.0
2745.0,swap,74.23266517401152,530.0,5.0,74.80635776550133,5.0,2.0,0.0,0.0,0.0
2746.0,change,74.71233760452719,531.0,5.0,74.71233760452719,5.0,1.0,0.0,0.0,1.0
2747.0,add_cx,74.71233760452719,531.0,5.0,74.71233760452719,5.0,1.0,0.0,0.0,2.0
2748.0,add_rx,74.71233760452718,531.0,5.0,74.71233760452719,5.0,2.0,0.0,0.0,1.0
2749.0,add_ry,74.70763354461407,531.0,5.0,74.71233760452719,5.0,1.0,1.0,0.0,1.0
2750.0,add_rz,74.71346826998408,531.0,5.0,74.71233760452719,5.0,1.0,0.0,1.0,1.0
2751.0,delete,74.63013414026935,531.0,5.0,74.71233760452719,5.0,1.0,0.0,0.0,0.0
2752.0,swap,74.76750291777448,531.0,5.0,74.71233760452719,4.0,2.0,0.0,0.0,1.0
2753.0,delete,74.64858899328435,532.0,4.0,74.84549844233574,5.0,0.0,1.0,0.0,0.0
2754.0,add_cx,74.81576682031513,533.0,4.0,74.88516491405622,5.0,0.0,1.0,0.0,2.0
2755.0,add_cx,74.81735139077469,534.0,5.0,74.81576682031513,5.0,0.0,1.0,0.0,2.0
2756.0,add_cx,75.09580078171408,534.0,5.0,74.81576682031513,5.0,0.0,1.0,0.0,3.0
2757.0,add_rx,74.81576682031513,534.0,5.0,74.81576682031513,5.0,1.0,1.0,0.0,2.0
2758.0,add_ry,75.03986343222414,534.0,5.0,74.81576682031513,5.0,0.0,2.0,0.0,2.0
2759.0,add_rz,74.81576682031513,534.0,5.0,74.81576682031513,5.0,0.0,1.0,1.0,2.0
2760.0,delete,75.03953359630911,534.0,5.0,74.81576682031513,4.0,0.0,1.0,0.0,2.0
2761.0,swap,73.74148425053228,534.0,5.0,74.81576682031513,4.0,0.0,1.0,0.0,3.0
2762.0,swap,74.86766954241577,535.0,6.0,74.86776698741538,3.0,0.0,1.0,0.0,2.0
2763.0,add_cx,74.87177569320212,535.0,6.0,74.86776698741538,3.0,0.0,1.0,0.0,3.0
2764.0,add_rx,74.86767665274644,535.0,6.0,74.86776698741538,3.0,1.0,1.0,0.0,2.0
2765.0,add_ry,74.1994883751048,535.0,6.0,74.86776698741538,3.0,0.0,2.0,0.0,2.0
2766.0,add_rz,74.86776698741537,535.0,6.0,74.86776698741538,3.0,0.0,1.0,1.0,2.0
2767.0,delete,74.94331410099193,535.0,6.0,74.86776698741538,3.0,0.0,1.0,0.0,1.0
2768.0,swap,74.47274803674438,535.0,6.0,74.86776698741538,2.0,1.0,1.0,0.0,2.0
2769.0,delete,74.65148397392656,536.0,5.0,74.64858899328435,5.0,0.0,1.0,0.0,0.0
2770.0,add_cx,74.64858899328435,536.0,5.0,74.64858899328435,5.0,0.0,1.0,0.0,1.0
2771.0,add_rx,74.64858899328435,536.0,5.0,74.64858899328435,5.0,1.0,1.0,0.0,0.0
2772.0,add_ry,74.73775164400453,536.0,5.0,74.64858899328435,5.0,0.0,2.0,0.0,0.0
2773.0,add_rz,74.64858899328436,536.0,5.0,74.64858899328435,5.0,0.0,1.0,1.0,0.0
2774.0,delete,74.62296105437382,536.0,5.0,74.64858899328435,4.0,0.0,1.0,0.0,0.0
2775.0,swap,74.69691785527479,536.0,5.0,74.64858899328435,4.0,0.0,2.0,0.0,0.0
2776.0,delete,74.88241287229341,537.0,6.0,74.86930420828041,4.0,1.0,0.0,0.0,1.0
2777.0,add_cx,74.86930420828041,537.0,6.0,74.86930420828041,4.0,1.0,0.0,0.0,2.0
2778.0,add_rx,74.86930420828041,537.0,6.0,74.86930420828041,4.0,2.0,0.0,0.0,1.0
2779.0,add_ry,74.72416873652449,537.0,6.0,74.86930420828041,4.0,1.0,1.0,0.0,1.0
2780.0,add_rz,74.86930420828043,537.0,6.0,74.86930420828041,4.0,1.0,0.0,1.0,1.0
2781.0,delete,74.87435491436037,537.0,6.0,74.86930420828041,3.0,1.0,0.0,0.0,1.0
2782.0,swap,74.83061744114104,537.0,6.0,74.86930420828041,4.0,1.0,0.0,0.0,1.0
2783.0,delete,74.55251025199018,538.0,4.0,74.75243939949567,4.0,0.0,0.0,1.0,1.0
2784.0,delete,74.8827196395824,539.0,6.0,74.8827196395824,3.0,1.0,1.0,0.0,1.0
2785.0,add_cx,74.97082078482397,539.0,6.0,74.8827196395824,3.0,1.0,1.0,0.0,2.0
2786.0,add_rx,74.8827196395824,539.0,6.0,74.8827196395824,3.0,2.0,1.0,0.0,1.0
2787.0,add_ry,74.60493667845886,539.0,6.0,74.8827196395824,3.0,1.0,2.0,0.0,1.0
2788.0,add_rz,74.88197403044971,539.0,6.0,74.8827196395824,3.0,1.0,1.0,1.0,1.0
2789.0,delete,74.88403944994064,539.0,6.0,74.8827196395824,2.0,1.0,1.0,0.0,1.0
2790.0,swap,74.58317512749927,539.0,6.0,74.8827196395824,3.0,0.0,2.0,0.0,1.0
2791.0,swap,74.90884204546893,540.0,5.0,74.90090506030512,4.0,0.0,0.0,1.0,1.0
2792.0,delete,74.07604604184594,541.0,4.0,74.83633086789942,5.0,0.0,1.0,0.0,0.0
2793.0,add_cx,74.6047528050353,542.0,5.0,74.6047528050353,4.0,0.0,0.0,0.0,3.0
2794.0,add_rx,74.6047528050353,542.0,5.0,74.6047528050353,4.0,1.0,0.0,0.0,2.0
2795.0,add_ry,74.64894010340225,542.0,5.0,74.6047528050353,4.0,0.0,1.0,0.0,2.0
2796.0,add_rz,74.6047528050353,542.0,5.0,74.6047528050353,4.0,0.0,0.0,1.0,2.0
2797.0,delete,74.6047528050353,542.0,5.0,74.6047528050353,4.0,0.0,0.0,0.0,1.0
2798.0,swap,74.60475280503533,542.0,5.0,74.6047528050353,4.0,1.0,0.0,0.0,1.0
2799.0,delete,74.94220827539493,543.0,6.0,74.93197321104053,4.0,0.0,2.0,0.0,1.0
2800.0,add_cx,74.46341697726027,543.0,6.0,74.93197321104053,4.0,0.0,2.0,0.0,2.0
2801.0,add_rx,74.9086715998593,543.0,6.0,74.93197321104053,4.0,1.0,2.0,0.0,1.0
2802.0,add_ry,74.84066543010609,543.0,6.0,74.93197321104053,4.0,0.0,3.0,0.0,1.0
2803.0,add_rz,74.92033987514137,543.0,6.0,74.93197321104053,4.0,0.0,2.0,1.0,1.0
2804.0,delete,74.73610957293457,543.0,6.0,74.93197321104053,4.0,0.0,1.0,0.0,1.0
2805.0,swap,74.85699818030652,543.0,6.0,74.93197321104053,3.0,0.0,3.0,0.0,1.0
2806.0,swap,74.91571230148323,544.0,5.0,74.93122370669649,3.0,1.0,1.0,0.0,2.0
2807.0,swap,74.91569172412811,545.0,6.0,74.91571230148323,3.0,1.0,1.0,0.0,2.0
2808.0,add_cx,74.98469020045091,545.0,6.0,74.91571230148323,3.0,1.0,1.0,0.0,3.0
2809.0,add_rx,74.8999454817065,545.0,6.0,74.91571230148323,3.0,2.0,1.0,0.0,2.0
2810.0,add_ry,74.86065177228438,545.0,6.0,74.91571230148323,3.0,1.0,2.0,0.0,2.0
2811.0,add_rz,74.91571230148323,545.0,6.0,74.91571230148323,3.0,1.0,1.0,1.0,2.0
2812.0,delete,74.86610293329018,545.0,6.0,74.91571230148323,2.0,1.0,1.0,0.0,2.0
2813.0,swap,74.9158041456586,545.0,6.0,74.91571230148323,3.0,0.0,1.0,1.0,2.0
2814.0,add_cx,74.87975469489358,546.0,6.0,74.8797546948936,4.0,1.0,1.0,0.0,2.0
2815.0,add_cx,74.32603079059352,546.0,6.0,74.8797546948936,4.0,1.0,1.0,0.0,3.0
2816.0,add_rx,74.82128772232028,546.0,6.0,74.8797546948936,4.0,2.0,1.0,0.0,2.0
2817.0,add_ry,74.88132783365518,546.0,6.0,74.8797546948936,4.0,1.0,2.0,0.0,2.0
2818.0,add_rz,74.87929502799877,546.0,6.0,74.8797546948936,4.0,1.0,1.0,1.0,2.0
2819.0,delete,74.87975469489359,546.0,6.0,74.8797546948936,4.0,0.0,1.0,0.0,2.0
2820.0,swap,74.95282813020673,546.0,6.0,74.8797546948936,3.0,1.0,2.0,0.0,2.0
2821.0,change,74.81449454695904,547.0,6.0,74.81485119449746,5.0,0.0,1.0,0.0,1.0
2822.0,add_cx,74.81485119449746,547.0,6.0,74.81485119449746,5.0,0.0,1.0,0.0,2.0
2823.0,add_rx,74.80925431785818,547.0,6.0,74.81485119449746,5.0,1.0,1.0,0.0,1.0
2824.0,add_ry,74.09411704927024,547.0,6.0,74.81485119449746,5.0,0.0,2.0,0.0,1.0
2825.0,add_rz,74.7995653977956,547.0,6.0,74.81485119449746,5.0,0.0,1.0,1.0,1.0
2826.0,delete,75.03505732174328,547.0,6.0,74.81485119449746,4.0,0.0,1.0,0.0,1.0
2827.0,swap,74.94143583692453,547.0,6.0,74.81485119449746,4.0,0.0,1.0,0.0,2.0
2828.0,delete,74.87975469489359,548.0,5.0,74.90852716434752,4.0,0.0,1.0,0.0,1.0
2829.0,swap,74.96521057390716,549.0,5.0,74.8710434400572,4.0,0.0,1.0,1.0,1.0
2830.0,swap,74.96807497837364,550.0,6.0,74.96521057390716,4.0,0.0,1.0,1.0,1.0
2831.0,add_cx,74.82232673592307,550.0,6.0,74.96521057390716,4.0,0.0,1.0,1.0,2.0
2832.0,add_rx,74.83442897025625,550.0,6.0,74.96521057390716,4.0,1.0,1.0,1.0,1.0
2833.0,add_ry,74.94899085320324,550.0,6.0,74.96521057390716,4.0,0.0,2.0,1.0,1.0
2834.0,add_rz,74.96521057390716,550.0,6.0,74.96521057390716,4.0,0.0,1.0,2.0,1.0
2835.0,delete,74.88072071905192,550.0,6.0,74.96521057390716,4.0,0.0,0.0,1.0,1.0
2836.0,swap,74.92867681760033,550.0,6.0,74.96521057390716,3.0,0.0,2.0,1.0,1.0
2837.0,add_cx,74.86269458865613,551.0,6.0,74.8641361452817,4.0,0.0,1.0,0.0,3.0
2838.0,add_cx,74.87975469489359,551.0,6.0,74.8641361452817,4.0,0.0,1.0,0.0,4.0
2839.0,add_rx,74.30142800843196,551.0,6.0,74.8641361452817,4.0,1.0,1.0,0.0,3.0
2840.0,add_ry,74.88074394955329,551.0,6.0,74.8641361452817,4.0,0.0,2.0,0.0,3.0
2841.0,add_rz,74.82298694761117,551.0,6.0,74.8641361452817,4.0,0.0,1.0,1.0,3.0
2842.0,delete,74.93877248510697,551.0,6.0,74.8641361452817,3.0,0.0,1.0,0.0,3.0
2843.0,swap,74.22304186493679,551.0,6.0,74.8641361452817,4.0,0.0,1.0,1.0,2.0
2844.0,swap,74.22224147861527,552.0,3.0,74.78508085635686,5.0,0.0,1.0,0.0,1.0
2845.0,swap,74.24410437981224,553.0,4.0,74.22224147861527,5.0,0.0,1.0,0.0,1.0
2846.0,add_cx,74.21814885950924,553.0,4.0,74.22224147861527,5.0,0.0,1.0,0.0,2.0
2847.0,add_rx,74.23872410519695,553.0,4.0,74.22224147861527,5.0,1.0,1.0,0.0,1.0
2848.0,add_ry,74.48502998311439,553.0,4.0,74.22224147861527,5.0,0.0,2.0,0.0,1.0
2849.0,add_rz,74.19453877708509,553.0,4.0,74.22224147861527,5.0,0.0,1.0,1.0,1.0
2850.0,delete,73.9076875051132,553.0,4.0,74.22224147861527,4.0,0.0,1.0,0.0,1.0
2851.0,swap,74.26346833709073,553.0,4.0,74.22224147861527,4.0,0.0,2.0,0.0,1.0
2852.0,add_rz,74.687919480419,554.0,4.0,74.68753102624203,6.0,0.0,0.0,2.0,0.0
2853.0,add_cx,74.56226622089515,554.0,4.0,74.68753102624203,6.0,0.0,0.0,2.0,1.0
2854.0,add_rx,74.68753102624204,554.0,4.0,74.68753102624203,6.0,1.0,0.0,2.0,0.0
2855.0,add_ry,74.67335977916972,554.0,4.0,74.68753102624203,6.0,0.0,1.0,2.0,0.0
2856.0,add_rz,74.68510494483283,554.0,4.0,74.68753102624203,6.0,0.0,0.0,3.0,0.0
2857.0,delete,74.6881373075309,554.0,4.0,74.68753102624203,6.0,0.0,0.0,1.0,0.0
2858.0,swap,74.68615735878734,554.0,4.0,74.68753102624203,6.0,1.0,0.0,1.0,0.0
2859.0,swap,74.51621923278563,555.0,3.0,74.62733852678903,5.0,0.0,1.0,1.0,0.0
2860.0,add_cx,74.82382424862024,556.0,5.0,74.82382424862024,5.0,0.0,0.0,0.0,3.0
2861.0,add_rx,74.82382424862023,556.0,5.0,74.82382424862024,5.0,1.0,0.0,0.0,2.0
2862.0,add_ry,74.81753944963079,556.0,5.0,74.82382424862024,5.0,0.0,1.0,0.0,2.0
2863.0,add_rz,74.87057176367863,556.0,5.0,74.82382424862024,5.0,0.0,0.0,1.0,2.0
2864.0,delete,74.82382424862024,556.0,5.0,74.82382424862024,5.0,0.0,0.0,0.0,1.0
2865.0,swap,74.84893055431519,556.0,5.0,74.82382424862024,4.0,0.0,1.0,0.0,2.0
2866.0,add_ry,74.82381854155604,557.0,5.0,74.8206758963583,5.0,0.0,1.0,0.0,1.0
2867.0,add_cx,74.8206758963583,557.0,5.0,74.8206758963583,5.0,0.0,1.0,0.0,2.0
2868.0,add_rx,74.8206758963583,557.0,5.0,74.8206758963583,5.0,1.0,1.0,0.0,1.0
2869.0,add_ry,74.73846114725784,557.0,5.0,74.8206758963583,5.0,0.0,2.0,0.0,1.0
2870.0,add_rz,74.87458208506872,557.0,5.0,74.8206758963583,5.0,0.0,1.0,1.0,1.0
2871.0,delete,74.23021949351337,557.0,5.0,74.8206758963583,5.0,0.0,1.0,0.0,0.0
2872.0,swap,74.8734644523256,557.0,5.0,74.8206758963583,4.0,0.0,1.0,0.0,2.0
2873.0,swap,74.71258599042153,558.0,4.0,74.78609566288802,4.0,0.0,0.0,1.0,1.0
2874.0,swap,74.71258599042153,559.0,5.0,74.71258599042153,4.0,0.0,0.0,1.0,1.0
2875.0,add_cx,74.71258599042153,559.0,5.0,74.71258599042153,4.0,0.0,0.0,1.0,2.0
2876.0,add_rx,74.19270112073681,559.0,5.0,74.71258599042153,4.0,1.0,0.0,1.0,1.0
2877.0,add_ry,74.91324609152008,559.0,5.0,74.71258599042153,4.0,0.0,1.0,1.0,1.0
2878.0,add_rz,74.71258599042153,559.0,5.0,74.71258599042153,4.0,0.0,0.0,2.0,1.0
2879.0,delete,74.81901650292453,559.0,5.0,74.71258599042153,3.0,0.0,0.0,1.0,1.0
2880.0,swap,74.81386585627226,559.0,5.0,74.71258599042153,3.0,0.0,0.0,2.0,1.0
2881.0,add_rz,74.71233760452718,560.0,5.0,74.71233760452719,5.0,1.0,0.0,1.0,1.0
2882.0,add_cx,74.67688955990693,560.0,5.0,74.71233760452719,5.0,1.0,0.0,1.0,2.0
2883.0,add_rx,74.71233760452719,560.0,5.0,74.71233760452719,5.0,2.0,0.0,1.0,1.0
2884.0,add_ry,74.60778116640657,560.0,5.0,74.71233760452719,5.0,1.0,1.0,1.0,1.0
2885.0,add_rz,74.71240195532323,560.0,5.0,74.71233760452719,5.0,1.0,0.0,2.0,1.0
2886.0,delete,74.70688562063533,560.0,5.0,74.71233760452719,4.0,1.0,0.0,1.0,1.0
2887.0,swap,74.93051981583449,560.0,5.0,74.71233760452719,4.0,1.0,1.0,1.0,1.0
2888.0,change,74.72312485282221,561.0,4.0,74.73353654427584,5.0,0.0,0.0,1.0,1.0
2889.0,swap,74.90919470857624,562.0,6.0,74.90884204546893,4.0,0.0,0.0,1.0,1.0
2890.0,add_cx,74.94982782686438,562.0,6.0,74.90884204546893,4.0,0.0,0.0,1.0,2.0
2891.0,add_rx,74.90884204546893,562.0,6.0,74.90884204546893,4.0,1.0,0.0,1.0,1.0
2892.0,add_ry,74.87262514384764,562.0,6.0,74.90884204546893,4.0,0.0,1.0,1.0,1.0
2893.0,add_rz,74.90884204546893,562.0,6.0,74.90884204546893,4.0,0.0,0.0,2.0,1.0
2894.0,delete,74.8447394271518,562.0,6.0,74.90884204546893,3.0,0.0,0.0,1.0,1.0
2895.0,swap,74.89357619973816,562.0,6.0,74.90884204546893,3.0,1.0,0.0,1.0,1.0
2896.0,change,75.02681588045948,563.0,5.0,74.87877180413243,4.0,0.0,1.0,0.0,1.0
2897.0,change,75.00359916103562,564.0,6.0,75.02681588045948,4.0,0.0,1.0,0.0,1.0
2898.0,add_cx,75.02681588045948,564.0,6.0,75.02681588045948,4.0,0.0,1.0,0.0,2.0
2899.0,add_rx,74.62631859152214,564.0,6.0,75.02681588045948,4.0,1.0,1.0,0.0,1.0
2900.0,add_ry,74.96227753933927,564.0,6.0,75.02681588045948,4.0,0.0,2.0,0.0,1.0
2901.0,add_rz,75.02680623668117,564.0,6.0,75.02681588045948,4.0,0.0,1.0,1.0,1.0
2902.0,delete,74.83536143193379,564.0,6.0,75.02681588045948,3.0,0.0,1.0,0.0,1.0
2903.0,swap,74.19964709003968,564.0,6.0,75.02681588045948,4.0,0.0,1.0,1.0,0.0
2904.0,add_rx,74.81576682031513,565.0,4.0,74.73202634009574,5.0,1.0,1.0,0.0,1.0
2905.0,add_cx,74.97949500630511,566.0,6.0,74.97969704239333,5.0,0.0,1.0,0.0,2.0
2906.0,add_cx,74.95866868230843,566.0,6.0,74.97969704239333,5.0,0.0,1.0,0.0,3.0
2907.0,add_rx,74.97969704239331,566.0,6.0,74.97969704239333,5.0,1.0,1.0,0.0,2.0
2908.0,add_ry,74.97897186247572,566.0,6.0,74.97969704239333,5.0,0.0,2.0,0.0,2.0
2909.0,add_rz,74.9688238728907,566.0,6.0,74.97969704239333,5.0,0.0,1.0,1.0,2.0
2910.0,delete,75.02530352265087,566.0,6.0,74.97969704239333,4.0,0.0,1.0,0.0,2.0
2911.0,swap,74.63976926112453,566.0,6.0,74.97969704239333,5.0,0.0,2.0,0.0,1.0
2912.0,delete,74.93310117794226,567.0,6.0,74.93860322668934,4.0,0.0,1.0,0.0,2.0
2913.0,add_cx,74.62706554576143,567.0,6.0,74.93860322668934,4.0,0.0,1.0,0.0,3.0
2914.0,add_rx,74.77782279510099,567.0,6.0,74.93860322668934,4.0,1.0,1.0,0.0,2.0
2915.0,add_ry,74.97319495257415,567.0,6.0,74.93860322668934,4.0,0.0,2.0,0.0,2.0
2916.0,add_rz,74.93860322668934,567.0,6.0,74.93860322668934,4.0,0.0,1.0,1.0,2.0
2917.0,delete,74.62226448321503,567.0,6.0,74.93860322668934,4.0,0.0,1.0,0.0,1.0
2918.0,swap,74.74999329728385,567.0,6.0,74.93860322668934,3.0,1.0,1.0,0.0,2.0
2919.0,add_rx,74.81295018596141,568.0,5.0,74.81576682031513,5.0,1.0,1.0,0.0,1.0
2920.0,add_cx,74.81576682031513,568.0,5.0,74.81576682031513,5.0,1.0,1.0,0.0,2.0
2921.0,add_rx,74.81576682031513,568.0,5.0,74.81576682031513,5.0,2.0,1.0,0.0,1.0
2922.0,add_ry,74.89313347203816,568.0,5.0,74.81576682031513,5.0,1.0,2.0,0.0,1.0
2923.0,add_rz,74.78484450274925,568.0,5.0,74.81576682031513,5.0,1.0,1.0,1.0,1.0
2924.0,delete,74.87975469489365,568.0,5.0,74.81576682031513,4.0,1.0,1.0,0.0,1.0
2925.0,swap,74.89864352460921,568.0,5.0,74.81576682031513,4.0,1.0,2.0,0.0,1.0
2926.0,delete,74.87738217273278,569.0,6.0,74.89238557310058,3.0,0.0,1.0,0.0,1.0
2927.0,add_cx,74.80577359865906,569.0,6.0,74.89238557310058,3.0,0.0,1.0,0.0,2.0
2928.0,add_rx,74.89238557310061,569.0,6.0,74.89238557310058,3.0,1.0,1.0,0.0,1.0
2929.0,add_ry,74.86627090291533,569.0,6.0,74.89238557310058,3.0,0.0,2.0,0.0,1.0
2930.0,add_rz,74.88273280108227,569.0,6.0,74.89238557310058,3.0,0.0,1.0,1.0,1.0
2931.0,delete,74.86419319548762,569.0,6.0,74.89238557310058,3.0,0.0,0.0,0.0,1.0
2932.0,swap,74.58842269262114,569.0,6.0,74.89238557310058,3.0,0.0,1.0,0.0,1.0
2933.0,add_ry,74.96571134400187,570.0,4.0,74.79775666485075,5.0,0.0,2.0,0.0,1.0
2934.0,add_ry,74.98682151821265,571.0,5.0,74.96571134400187,5.0,0.0,2.0,0.0,1.0
2935.0,add_cx,74.96571134400187,571.0,5.0,74.96571134400187,5.0,0.0,2.0,0.0,2.0
2936.0,add_rx,74.81924034531067,571.0,5.0,74.96571134400187,5.0,1.0,2.0,0.0,1.0
2937.0,add_ry,74.7970520797167,571.0,5.0,74.96571134400187,5.0,0.0,3.0,0.0,1.0
2938.0,add_rz,74.96571134400189,571.0,5.0,74.96571134400187,5.0,0.0,2.0,1.0,1.0
2939.0,delete,74.07908525918714,571.0,5.0,74.96571134400187,5.0,0.0,2.0,0.0,0.0
2940.0,swap,74.86217206505674,571.0,5.0,74.96571134400187,4.0,0.0,3.0,0.0,1.0
2941.0,swap,74.71258599042153,572.0,4.0,74.81235689049944,4.0,0.0,0.0,0.0,3.0
2942.0,change,74.72162720034329,573.0,5.0,74.72312485282221,5.0,0.0,0.0,1.0,1.0
2943.0,add_cx,74.72312485282221,573.0,5.0,74.72312485282221,5.0,0.0,0.0,1.0,2.0
2944.0,add_rx,74.7229058385625,573.0,5.0,74.72312485282221,5.0,1.0,0.0,1.0,1.0
2945.0,add_ry,74.60532308708851,573.0,5.0,74.72312485282221,5.0,0.0,1.0,1.0,1.0
2946.0,add_rz,74.7231248528222,573.0,5.0,74.72312485282221,5.0,0.0,0.0,2.0,1.0
2947.0,delete,74.73994237358343,573.0,5.0,74.72312485282221,5.0,0.0,0.0,0.0,1.0
2948.0,swap,74.55251025199018,573.0,5.0,74.72312485282221,4.0,0.0,0.0,1.0,2.0
2949.0,delete,74.87503802849369,574.0,5.0,74.81798956030634,4.0,0.0,0.0,0.0,1.0
2950.0,add_cx,74.46116927432497,575.0,6.0,74.87503802849369,4.0,0.0,0.0,0.0,2.0
2951.0,add_rx,74.87503802849369,575.0,6.0,74.87503802849369,4.0,1.0,0.0,0.0,1.0
2952.0,add_ry,74.88569191533622,575.0,6.0,74.87503802849369,4.0,0.0,1.0,0.0,1.0
2953.0,add_rz,74.86645184968451,575.0,6.0,74.87503802849369,4.0,0.0,0.0,1.0,1.0
2954.0,delete,74.75314033281576,575.0,6.0,74.87503802849369,3.0,0.0,0.0,0.0,1.0
2955.0,swap,74.86419319548762,575.0,6.0,74.87503802849369,3.0,1.0,0.0,0.0,1.0
2956.0,swap,74.81745053662682,576.0,6.0,74.81302915342677,5.0,1.0,0.0,0.0,1.0
2957.0,add_cx,74.81302915342677,576.0,6.0,74.81302915342677,5.0,1.0,0.0,0.0,2.0
2958.0,add_rx,74.81302915342675,576.0,6.0,74.81302915342677,5.0,2.0,0.0,0.0,1.0
2959.0,add_ry,74.90969535236377,576.0,6.0,74.81302915342677,5.0,1.0,1.0,0.0,1.0
2960.0,add_rz,74.82360502766635,576.0,6.0,74.81302915342677,5.0,1.0,0.0,1.0,1.0
2961.0,delete,74.85696822655979,576.0,6.0,74.81302915342677,4.0,1.0,0.0,0.0,1.0
2962.0,swap,74.79445048395412,576.0,6.0,74.81302915342677,5.0,0.0,1.0,0.0,1.0
2963.0,add_cx,74.95106218415562,577.0,5.0,74.71258599042153,4.0,0.0,0.0,0.0,4.0
2964.0,add_rx,74.72672064959201,577.0,5.0,74.71258599042153,4.0,1.0,0.0,0.0,3.0
2965.0,add_ry,73.68245467158161,577.0,5.0,74.71258599042153,4.0,0.0,1.0,0.0,3.0
2966.0,add_rz,74.71258599042154,577.0,5.0,74.71258599042153,4.0,0.0,0.0,1.0,3.0
2967.0,delete,74.71258599042153,577.0,5.0,74.71258599042153,4.0,0.0,0.0,0.0,2.0
2968.0,swap,74.56545434234954,577.0,5.0,74.71258599042153,3.0,0.0,0.0,0.0,4.0
2969.0,delete,74.62812338350044,578.0,6.0,74.62878760739845,4.0,0.0,1.0,0.0,1.0
2970.0,add_cx,74.62878760739845,578.0,6.0,74.62878760739845,4.0,0.0,1.0,0.0,2.0
2971.0,add_rx,74.83703261810027,578.0,6.0,74.62878760739845,4.0,1.0,1.0,0.0,1.0
2972.0,add_ry,74.68233698670475,578.0,6.0,74.62878760739845,4.0,0.0,2.0,0.0,1.0
2973.0,add_rz,74.62261941171866,578.0,6.0,74.62878760739845,4.0,0.0,1.0,1.0,1.0
2974.0,delete,74.84577911354847,578.0,6.0,74.62878760739845,3.0,0.0,1.0,0.0,1.0
2975.0,swap,74.83849226391814,578.0,6.0,74.62878760739845,3.0,0.0,1.0,1.0,1.0
2976.0,change,74.97199405330751,579.0,5.0,74.84879159806728,4.0,0.0,2.0,0.0,1.0
2977.0,delete,74.94527072189891,580.0,5.0,74.92904767907004,3.0,0.0,2.0,0.0,1.0
2978.0,change,74.97004975760547,581.0,6.0,74.97199405330751,4.0,0.0,2.0,0.0,1.0
2979.0,add_cx,74.97199405330751,581.0,6.0,74.97199405330751,4.0,0.0,2.0,0.0,2.0
2980.0,add_rx,74.92605814770158,581.0,6.0,74.97199405330751,4.0,1.0,2.0,0.0,1.0
2981.0,add_ry,74.88689603043528,581.0,6.0,74.97199405330751,4.0,0.0,3.0,0.0,1.0
2982.0,add_rz,74.99150565128707,581.0,6.0,74.97199405330751,4.0,0.0,2.0,1.0,1.0
2983.0,delete,74.34577800521072,581.0,6.0,74.97199405330751,4.0,0.0,2.0,0.0,0.0
2984.0,swap,74.34311290698828,581.0,6.0,74.97199405330751,4.0,0.0,1.0,0.0,2.0
2985.0,add_rx,74.81576682031513,582.0,4.0,74.78580234762269,5.0,1.0,1.0,0.0,1.0
2986.0,add_rx,74.81576682031513,583.0,5.0,74.81576682031513,5.0,1.0,1.0,0.0,1.0
2987.0,add_cx,74.81576682031513,583.0,5.0,74.81576682031513,5.0,1.0,1.0,0.0,2.0
2988.0,add_rx,74.59473043459072,583.0,5.0,74.81576682031513,5.0,2.0,1.0,0.0,1.0
2989.0,add_ry,74.80568036278306,583.0,5.0,74.81576682031513,5.0,1.0,2.0,0.0,1.0
2990.0,add_rz,74.81884464562887,583.0,5.0,74.81576682031513,5.0,1.0,1.0,1.0,1.0
2991.0,delete,75.03953359630911,583.0,5.0,74.81576682031513,4.0,1.0,1.0,0.0,1.0
2992.0,swap,74.22362294930893,583.0,5.0,74.81576682031513,5.0,2.0,1.0,0.0,0.0
2993.0,add_rz,75.03540642462178,584.0,6.0,75.03953359630913,4.0,0.0,1.0,1.0,1.0
2994.0,add_cx,75.03953359630913,584.0,6.0,75.03953359630913,4.0,0.0,1.0,1.0,2.0
2995.0,add_rx,74.9862715938872,584.0,6.0,75.03953359630913,4.0,1.0,1.0,1.0,1.0
2996.0,add_ry,75.11770734951428,584.0,6.0,75.03953359630913,4.0,0.0,2.0,1.0,1.0
2997.0,add_rz,75.03953359630911,584.0,6.0,75.03953359630913,4.0,0.0,1.0,2.0,1.0
2998.0,delete,74.88271963958238,584.0,6.0,75.03953359630913,3.0,0.0,1.0,1.0,1.0
2999.0,swap,74.94691293870494,584.0,6.0,75.03953359630913,3.0,0.0,2.0,1.0,1.0
3000.0,add_cx,75.0465717585196,585.0,6.0,75.03953359630911,4.0,0.0,1.0,0.0,2.0
3001.0,add_cx,75.03953359630911,585.0,6.0,75.03953359630911,4.0,0.0,1.0,0.0,3.0
3002.0,add_rx,75.03260326351067,585.0,6.0,75.03953359630911,4.0,1.0,1.0,0.0,2.0
3003.0,add_ry,75.0522366944316,585.0,6.0,75.03953359630911,4.0,0.0,2.0,0.0,2.0
3004.0,add_rz,75.03337812308905,585.0,6.0,75.03953359630911,4.0,0.0,1.0,1.0,2.0
3005.0,delete,74.87864904073575,585.0,6.0,75.03953359630911,4.0,0.0,0.0,0.0,2.0
3006.0,swap,75.04089844673217,585.0,6.0,75.03953359630911,3.0,0.0,1.0,0.0,3.0
3007.0,add_rx,74.83844223802205,586.0,6.0,74.82729060730868,4.0,1.0,1.0,0.0,1.0
3008.0,add_cx,74.82729060730868,586.0,6.0,74.82729060730868,4.0,1.0,1.0,0.0,2.0
3009.0,add_rx,74.82729060730868,586.0,6.0,74.82729060730868,4.0,2.0,1.0,0.0,1.0
3010.0,add_ry,74.75551749721788,586.0,6.0,74.82729060730868,4.0,1.0,2.0,0.0,1.0
3011.0,add_rz,74.82729060730868,586.0,6.0,74.82729060730868,4.0,1.0,1.0,1.0,1.0
3012.0,delete,74.80153083884856,586.0,6.0,74.82729060730868,3.0,1.0,1.0,0.0,1.0
3013.0,swap,74.53322937556044,586.0,6.0,74.82729060730868,3.0,1.0,2.0,0.0,1.0
3014.0,delete,74.83924787616674,587.0,5.0,74.89639825070222,3.0,0.0,1.0,0.0,1.0
3015.0,delete,74.83413440711831,588.0,6.0,74.83924787616674,3.0,0.0,1.0,0.0,1.0
3016.0,add_cx,74.83924787616674,588.0,6.0,74.83924787616674,3.0,0.0,1.0,0.0,2.0
3017.0,add_rx,74.83924787616674,588.0,6.0,74.83924787616674,3.0,1.0,1.0,0.0,1.0
3018.0,add_ry,74.34687631229464,588.0,6.0,74.83924787616674,3.0,0.0,2.0,0.0,1.0
3019.0,add_rz,74.83924787616675,588.0,6.0,74.83924787616674,3.0,0.0,1.0,1.0,1.0
3020.0,delete,74.81901650292454,588.0,6.0,74.83924787616674,3.0,0.0,0.0,0.0,1.0
3021.0,swap,73.03093135682256,588.0,6.0,74.83924787616674,3.0,0.0,1.0,0.0,1.0
3022.0,swap,74.47113171115953,589.0,6.0,74.45999539703853,3.0,1.0,2.0,0.0,1.0
3023.0,add_cx,74.35059003141414,589.0,6.0,74.45999539703853,3.0,1.0,2.0,0.0,2.0
3024.0,add_rx,74.37858755852766,589.0,6.0,74.45999539703853,3.0,2.0,2.0,0.0,1.0
3025.0,add_ry,74.6329127564664,589.0,6.0,74.45999539703853,3.0,1.0,3.0,0.0,1.0
3026.0,add_rz,74.45282725852279,589.0,6.0,74.45999539703853,3.0,1.0,2.0,1.0,1.0
3027.0,delete,74.8827196395824,589.0,6.0,74.45999539703853,3.0,1.0,1.0,0.0,1.0
3028.0,swap,74.61543935989813,589.0,6.0,74.45999539703853,3.0,1.0,3.0,0.0,0.0
3029.0,swap,74.87295608962951,590.0,6.0,74.88192469669931,4.0,0.0,1.0,0.0,1.0
3030.0,add_cx,74.51507665894691,590.0,6.0,74.88192469669931,4.0,0.0,1.0,0.0,2.0
3031.0,add_rx,74.87489297089664,590.0,6.0,74.88192469669931,4.0,1.0,1.0,0.0,1.0
3032.0,add_ry,74.73610290474042,590.0,6.0,74.88192469669931,4.0,0.0,2.0,0.0,1.0
3033.0,add_rz,74.94638412364982,590.0,6.0,74.88192469669931,4.0,0.0,1.0,1.0,1.0
3034.0,delete,74.84170822370066,590.0,6.0,74.88192469669931,3.0,0.0,1.0,0.0,1.0
3035.0,swap,74.75234272347392,590.0,6.0,74.88192469669931,3.0,0.0,1.0,1.0,1.0
3036.0,swap,74.87503802849368,591.0,6.0,74.87503802849368,4.0,1.0,0.0,0.0,1.0
3037.0,add_cx,74.87503802849368,591.0,6.0,74.87503802849368,4.0,1.0,0.0,0.0,2.0
3038.0,add_rx,74.87309270960432,591.0,6.0,74.87503802849368,4.0,2.0,0.0,0.0,1.0
3039.0,add_ry,74.87149345219744,591.0,6.0,74.87503802849368,4.0,1.0,1.0,0.0,1.0
3040.0,add_rz,74.87503802849369,591.0,6.0,74.87503802849368,4.0,1.0,0.0,1.0,1.0
3041.0,delete,74.84483029123469,591.0,6.0,74.87503802849368,3.0,1.0,0.0,0.0,1.0
3042.0,swap,74.88558518833013,591.0,6.0,74.87503802849368,3.0,2.0,0.0,0.0,1.0
3043.0,swap,74.17162857323116,592.0,4.0,74.82328321692435,5.0,0.0,0.0,1.0,0.0
3044.0,add_cx,74.82382424862024,593.0,4.0,74.83319125172936,5.0,0.0,0.0,0.0,2.0
3045.0,add_cx,74.82382424862024,594.0,5.0,74.82382424862024,5.0,0.0,0.0,0.0,3.0
3046.0,add_rx,74.82000971249921,594.0,5.0,74.82382424862024,5.0,1.0,0.0,0.0,2.0
3047.0,add_ry,74.78760115524223,594.0,5.0,74.82382424862024,5.0,0.0,1.0,0.0,2.0
3048.0,add_rz,74.83426344283716,594.0,5.0,74.82382424862024,5.0,0.0,0.0,1.0,2.0
3049.0,delete,74.87864904073575,594.0,5.0,74.82382424862024,4.0,0.0,0.0,0.0,2.0
3050.0,swap,74.2264151562977,594.0,5.0,74.82382424862024,5.0,0.0,0.0,1.0,1.0
3051.0,swap,74.69712275938612,595.0,4.0,74.76892824640528,4.0,1.0,0.0,0.0,2.0
3052.0,delete,74.83288740379743,596.0,4.0,74.75637949220331,4.0,1.0,0.0,0.0,1.0
3053.0,delete,74.83288740379746,597.0,5.0,74.83288740379743,4.0,1.0,0.0,0.0,1.0
3054.0,add_cx,74.76465698470074,597.0,5.0,74.83288740379743,4.0,1.0,0.0,0.0,2.0
3055.0,add_rx,74.83288740379744,597.0,5.0,74.83288740379743,4.0,2.0,0.0,0.0,1.0
3056.0,add_ry,74.38046833679896,597.0,5.0,74.83288740379743,4.0,1.0,1.0,0.0,1.0
3057.0,add_rz,74.83288740379743,597.0,5.0,74.83288740379743,4.0,1.0,0.0,1.0,1.0
3058.0,delete,74.37632307692178,597.0,5.0,74.83288740379743,4.0,1.0,0.0,0.0,0.0
3059.0,swap,74.65567447284825,597.0,5.0,74.83288740379743,3.0,2.0,0.0,0.0,1.0
3060.0,add_cx,74.6588850610636,598.0,5.0,74.6588850610636,5.0,0.0,0.0,0.0,1.0
3061.0,add_rx,74.68573406469423,598.0,5.0,74.6588850610636,5.0,1.0,0.0,0.0,0.0
3062.0,add_ry,74.68524983702683,598.0,5.0,74.6588850610636,5.0,0.0,1.0,0.0,0.0
3063.0,add_rz,74.66439066821123,598.0,5.0,74.6588850610636,5.0,0.0,0.0,1.0,0.0
3064.0,delete,74.64656859155133,598.0,5.0,74.6588850610636,4.0,0.0,0.0,0.0,0.0
3065.0,swap,74.65429798364688,598.0,5.0,74.6588850610636,4.0,0.0,1.0,0.0,0.0
3066.0,swap,74.52557436496139,599.0,4.0,74.51621923278563,5.0,0.0,1.0,1.0,0.0
3067.0,add_cx,74.670734491279,599.0,4.0,74.51621923278563,5.0,0.0,1.0,1.0,1.0
3068.0,add_rx,74.59656428431767,599.0,4.0,74.51621923278563,5.0,1.0,1.0,1.0,0.0
3069.0,add_ry,74.67085811358798,599.0,4.0,74.51621923278563,5.0,0.0,2.0,1.0,0.0
3070.0,add_rz,74.51666376836778,599.0,4.0,74.51621923278563,5.0,0.0,1.0,2.0,0.0
3071.0,delete,74.51621923278563,599.0,4.0,74.51621923278563,5.0,0.0,1.0,0.0,0.0
3072.0,swap,74.51588360609973,599.0,4.0,74.51621923278563,5.0,1.0,1.0,0.0,0.0
3073.0,swap,74.52482483630281,600.0,5.0,74.52482483630281,6.0,0.0,0.0,1.0,0.0
3074.0,add_cx,74.52482483630281,600.0,5.0,74.52482483630281,6.0,0.0,0.0,1.0,1.0
3075.0,add_rx,74.52482483630281,600.0,5.0,74.52482483630281,6.0,1.0,0.0,1.0,0.0
3076.0,add_ry,74.4437596162063,600.0,5.0,74.52482483630281,6.0,0.0,1.0,1.0,0.0
3077.0,add_rz,74.52277739002011,600.0,5.0,74.52482483630281,6.0,0.0,0.0,2.0,0.0
3078.0,delete,74.21306923586957,600.0,5.0,74.52482483630281,5.0,0.0,0.0,1.0,0.0
3079.0,swap,74.06179785797748,600.0,5.0,74.52482483630281,5.0,0.0,1.0,1.0,0.0
3080.0,change,74.66764606236961,601.0,4.0,74.66905761228095,6.0,1.0,0.0,0.0,0.0
3081.0,add_cx,74.66905761228095,601.0,4.0,74.66905761228095,6.0,1.0,0.0,0.0,1.0
3082.0,add_rx,74.64372764688073,601.0,4.0,74.66905761228095,6.0,2.0,0.0,0.0,0.0
3083.0,add_ry,74.62364205101007,601.0,4.0,74.66905761228095,6.0,1.0,1.0,0.0,0.0
3084.0,add_rz,74.66905761228095,601.0,4.0,74.66905761228095,6.0,1.0,0.0,1.0,0.0
3085.0,delete,74.60312341539469,601.0,4.0,74.66905761228095,5.0,1.0,0.0,0.0,0.0
3086.0,swap,74.60308828329394,601.0,4.0,74.66905761228095,5.0,1.0,0.0,0.0,1.0
3087.0,add_cx,74.6769117951721,602.0,4.0,74.6769117951721,6.0,0.0,0.0,1.0,1.0
3088.0,add_cx,74.6769117951721,602.0,4.0,74.6769117951721,6.0,0.0,0.0,1.0,2.0
3089.0,add_rx,74.6769117951721,602.0,4.0,74.6769117951721,6.0,1.0,0.0,1.0,1.0
3090.0,add_ry,74.71919423155495,602.0,4.0,74.6769117951721,6.0,0.0,1.0,1.0,1.0
3091.0,add_rz,74.67459501515069,602.0,4.0,74.6769117951721,6.0,0.0,0.0,2.0,1.0
3092.0,delete,74.62376864251212,602.0,4.0,74.6769117951721,5.0,0.0,0.0,1.0,1.0
3093.0,swap,74.59388322208646,602.0,4.0,74.6769117951721,5.0,0.0,0.0,1.0,2.0
3094.0,delete,74.76929452650467,603.0,5.0,74.76929452650465,4.0,0.0,0.0,1.0,1.0
3095.0,add_cx,74.677232230165,603.0,5.0,74.76929452650465,4.0,0.0,0.0,1.0,2.0
3096.0,add_rx,74.7472150033816,603.0,5.0,74.76929452650465,4.0,1.0,0.0,1.0,1.0
3097.0,add_ry,74.89950028517053,603.0,5.0,74.76929452650465,4.0,0.0,1.0,1.0,1.0
3098.0,add_rz,74.72863488176945,603.0,5.0,74.76929452650465,4.0,0.0,0.0,2.0,1.0
3099.0,delete,74.61301193390675,603.0,5.0,74.76929452650465,3.0,0.0,0.0,1.0,1.0
3100.0,swap,74.84542627942838,603.0,5.0,74.76929452650465,3.0,0.0,0.0,2.0,1.0
3101.0,delete,74.78715185439115,604.0,5.0,74.78773420662507,4.0,0.0,1.0,0.0,1.0
3102.0,add_cx,74.78773420662507,604.0,5.0,74.78773420662507,4.0,0.0,1.0,0.0,2.0
3103.0,add_rx,74.78773420662506,604.0,5.0,74.78773420662507,4.0,1.0,1.0,0.0,1.0
3104.0,add_ry,74.78890247125504,604.0,5.0,74.78773420662507,4.0,0.0,2.0,0.0,1.0
3105.0,add_rz,74.79045810084531,604.0,5.0,74.78773420662507,4.0,0.0,1.0,1.0,1.0
3106.0,delete,74.7123229366237,604.0,5.0,74.78773420662507,3.0,0.0,1.0,0.0,1.0
3107.0,swap,74.68110077107545,604.0,5.0,74.78773420662507,4.0,0.0,1.0,1.0,0.0
3108.0,swap,74.59458237357106,605.0,3.0,74.72946681435086,6.0,0.0,1.0,0.0,0.0
3109.0,swap,74.60885003486919,606.0,4.0,74.59458237357106,6.0,0.0,1.0,0.0,0.0
3110.0,add_cx,74.45181921851085,606.0,4.0,74.59458237357106,6.0,0.0,1.0,0.0,1.0
3111.0,add_rx,74.68731761372342,606.0,4.0,74.59458237357106,6.0,1.0,1.0,0.0,0.0
3112.0,add_ry,74.56801410078741,606.0,4.0,74.59458237357106,6.0,0.0,2.0,0.0,0.0
3113.0,add_rz,74.59458237357106,606.0,4.0,74.59458237357106,6.0,0.0,1.0,1.0,0.0
3114.0,delete,74.77857881743475,606.0,4.0,74.59458237357106,5.0,0.0,1.0,0.0,0.0
3115.0,swap,74.64494185732738,606.0,4.0,74.59458237357106,6.0,0.0,0.0,0.0,1.0
3116.0,change,74.68815396010811,607.0,3.0,74.68069858432075,6.0,0.0,0.0,1.0,0.0
3117.0,delete,74.6540708263339,608.0,3.0,74.67055317233594,5.0,0.0,0.0,1.0,0.0
3118.0,delete,74.73994237358343,609.0,3.0,74.74169864828735,5.0,0.0,0.0,0.0,1.0
3119.0,add_cx,74.73994237358343,610.0,4.0,74.73994237358343,5.0,0.0,0.0,0.0,2.0
3120.0,add_rx,74.70670734853273,610.0,4.0,74.73994237358343,5.0,1.0,0.0,0.0,1.0
3121.0,add_ry,74.6746259429919,610.0,4.0,74.73994237358343,5.0,0.0,1.0,0.0,1.0
3122.0,add_rz,74.71795137091763,610.0,4.0,74.73994237358343,5.0,0.0,0.0,1.0,1.0
3123.0,delete,74.87503802849369,610.0,4.0,74.73994237358343,4.0,0.0,0.0,0.0,1.0
3124.0,swap,74.88363027076096,610.0,4.0,74.73994237358343,4.0,0.0,0.0,1.0,1.0
3125.0,swap,74.88791555534209,611.0,5.0,74.88363027076096,4.0,0.0,0.0,1.0,1.0
3126.0,add_cx,74.95253994270537,611.0,5.0,74.88363027076096,4.0,0.0,0.0,1.0,2.0
3127.0,add_rx,74.88283890798397,611.0,5.0,74.88363027076096,4.0,1.0,0.0,1.0,1.0
3128.0,add_ry,74.89302135532104,611.0,5.0,74.88363027076096,4.0,0.0,1.0,1.0,1.0
3129.0,add_rz,74.88363027076097,611.0,5.0,74.88363027076096,4.0,0.0,0.0,2.0,1.0
3130.0,delete,74.83421803777478,611.0,5.0,74.88363027076096,3.0,0.0,0.0,1.0,1.0
3131.0,swap,74.93490325386892,611.0,5.0,74.88363027076096,3.0,1.0,0.0,1.0,1.0
3132.0,add_cx,74.87503802849369,612.0,5.0,74.87503802849369,4.0,0.0,0.0,0.0,2.0
3133.0,add_rx,74.87503802849369,612.0,5.0,74.87503802849369,4.0,1.0,0.0,0.0,1.0
3134.0,add_ry,74.88293808945816,612.0,5.0,74.87503802849369,4.0,0.0,1.0,0.0,1.0
3135.0,add_rz,74.91592377937383,612.0,5.0,74.87503802849369,4.0,0.0,0.0,1.0,1.0
3136.0,delete,74.84483029123469,612.0,5.0,74.87503802849369,3.0,0.0,0.0,0.0,1.0
3137.0,swap,74.86419319548762,612.0,5.0,74.87503802849369,3.0,0.0,0.0,0.0,2.0
3138.0,swap,74.64086450232648,613.0,4.0,74.89408719931477,4.0,1.0,0.0,0.0,1.0
3139.0,delete,74.55251025199018,614.0,4.0,74.87614277729077,4.0,0.0,0.0,0.0,1.0
3140.0,swap,74.64086450232648,615.0,5.0,74.64086450232648,4.0,1.0,0.0,0.0,1.0
3141.0,add_cx,74.64086450232648,615.0,5.0,74.64086450232648,4.0,1.0,0.0,0.0,2.0
3142.0,add_rx,74.16221494427857,615.0,5.0,74.64086450232648,4.0,2.0,0.0,0.0,1.0
3143.0,add_ry,74.45154832676846,615.0,5.0,74.64086450232648,4.0,1.0,1.0,0.0,1.0
3144.0,add_rz,74.64086450232647,615.0,5.0,74.64086450232648,4.0,1.0,0.0,1.0,1.0
3145.0,delete,74.42023351758982,615.0,5.0,74.64086450232648,3.0,1.0,0.0,0.0,1.0
3146.0,swap,74.55565602951953,615.0,5.0,74.64086450232648,3.0,1.0,1.0,0.0,1.0
3147.0,add_rz,74.81687894554946,616.0,5.0,74.81816000226087,5.0,0.0,1.0,1.0,1.0
3148.0,add_cx,74.81816000226087,616.0,5.0,74.81816000226087,5.0,0.0,1.0,1.0,2.0
3149.0,add_rx,74.22791138841008,616.0,5.0,74.81816000226087,5.0,1.0,1.0,1.0,1.0
3150.0,add_ry,74.83682569409797,616.0,5.0,74.81816000226087,5.0,0.0,2.0,1.0,1.0
3151.0,add_rz,74.822945468453,616.0,5.0,74.81816000226087,5.0,0.0,1.0,2.0,1.0
3152.0,delete,74.71554158098685,616.0,5.0,74.81816000226087,4.0,0.0,1.0,1.0,1.0
3153.0,swap,74.71819846453276,616.0,5.0,74.81816000226087,4.0,0.0,2.0,1.0,1.0
3154.0,change,74.68799379401159,617.0,4.0,74.68815396010811,6.0,0.0,0.0,1.0,0.0
3155.0,add_cx,74.68815396010811,617.0,4.0,74.68815396010811,6.0,0.0,0.0,1.0,1.0
3156.0,add_rx,74.66852370755109,617.0,4.0,74.68815396010811,6.0,1.0,0.0,1.0,0.0
3157.0,add_ry,74.69004087447998,617.0,4.0,74.68815396010811,6.0,0.0,1.0,1.0,0.0
3158.0,add_rz,74.68815396010812,617.0,4.0,74.68815396010811,6.0,0.0,0.0,2.0,0.0
3159.0,delete,74.64309291200654,617.0,4.0,74.68815396010811,5.0,0.0,0.0,1.0,0.0
3160.0,swap,74.65428523735426,617.0,4.0,74.68815396010811,5.0,0.0,0.0,2.0,0.0
3161.0,add_cx,74.76574226844777,618.0,3.0,74.77173575383497,6.0,0.0,0.0,0.0,2.0
3162.0,add_cx,74.76574226844777,619.0,4.0,74.76574226844777,6.0,0.0,0.0,0.0,3.0
3163.0,add_rx,74.76574226844777,619.0,4.0,74.76574226844777,6.0,1.0,0.0,0.0,2.0
3164.0,add_ry,74.47492177172744,619.0,4.0,74.76574226844777,6.0,0.0,1.0,0.0,2.0
3165.0,add_rz,74.68810811155633,619.0,4.0,74.76574226844777,6.0,0.0,0.0,1.0,2.0
3166.0,delete,74.73994237358343,619.0,4.0,74.76574226844777,5.0,0.0,0.0,0.0,2.0
3167.0,swap,74.67688955990694,619.0,4.0,74.76574226844777,5.0,1.0,0.0,0.0,2.0
3168.0,swap,74.63158283440805,620.0,6.0,74.62718479916896,4.0,0.0,1.0,0.0,2.0
3169.0,add_cx,74.62718479916896,620.0,6.0,74.62718479916896,4.0,0.0,1.0,0.0,3.0
3170.0,add_rx,74.72087916168847,620.0,6.0,74.62718479916896,4.0,1.0,1.0,0.0,2.0
3171.0,add_ry,74.32788844906807,620.0,6.0,74.62718479916896,4.0,0.0,2.0,0.0,2.0
3172.0,add_rz,74.62718479916896,620.0,6.0,74.62718479916896,4.0,0.0,1.0,1.0,2.0
3173.0,delete,74.71258599042153,620.0,6.0,74.62718479916896,4.0,0.0,0.0,0.0,2.0
3174.0,swap,74.83198618683686,620.0,6.0,74.62718479916896,3.0,0.0,1.0,1.0,2.0
3175.0,swap,74.4398300356199,621.0,4.0,74.44855073044312,6.0,1.0,0.0,0.0,0.0
3176.0,add_cx,74.44855073044312,621.0,4.0,74.44855073044312,6.0,1.0,0.0,0.0,1.0
3177.0,add_rx,74.44855073044312,621.0,4.0,74.44855073044312,6.0,2.0,0.0,0.0,0.0
3178.0,add_ry,74.81380944325295,621.0,4.0,74.44855073044312,6.0,1.0,1.0,0.0,0.0
3179.0,add_rz,74.45701851400668,621.0,4.0,74.44855073044312,6.0,1.0,0.0,1.0,0.0
3180.0,delete,74.21037478334009,621.0,4.0,74.44855073044312,5.0,1.0,0.0,0.0,0.0
3181.0,swap,74.15663028920675,621.0,4.0,74.44855073044312,5.0,1.0,0.0,0.0,1.0
3182.0,swap,74.12169871794066,622.0,5.0,74.90023312031413,5.0,1.0,0.0,0.0,0.0
3183.0,change,74.75522931933276,623.0,4.0,74.70319765307896,5.0,0.0,1.0,0.0,1.0
3184.0,change,74.76005682609853,624.0,5.0,74.75522931933276,5.0,0.0,1.0,0.0,1.0
3185.0,add_cx,74.75522931933276,624.0,5.0,74.75522931933276,5.0,0.0,1.0,0.0,2.0
3186.0,add_rx,74.8185777908769,624.0,5.0,74.75522931933276,5.0,1.0,1.0,0.0,1.0
3187.0,add_ry,74.67608796587064,624.0,5.0,74.75522931933276,5.0,0.0,2.0,0.0,1.0
3188.0,add_rz,74.73288955095303,624.0,5.0,74.75522931933276,5.0,0.0,1.0,1.0,1.0
3189.0,delete,74.65010525742257,624.0,5.0,74.75522931933276,5.0,0.0,1.0,0.0,0.0
3190.0,swap,74.58564947189188,624.0,5.0,74.75522931933276,4.0,0.0,1.0,1.0,1.0
3191.0,swap,74.4916880059368,625.0,2.0,74.72897775446513,6.0,0.0,0.0,0.0,1.0
3192.0,add_cx,74.4916880059368,626.0,3.0,74.4916880059368,6.0,0.0,0.0,0.0,2.0
3193.0,add_rx,74.4916880059368,626.0,3.0,74.4916880059368,6.0,1.0,0.0,0.0,1.0
3194.0,add_ry,74.19418235906834,626.0,3.0,74.4916880059368,6.0,0.0,1.0,0.0,1.0
3195.0,add_rz,74.52441092712512,626.0,3.0,74.4916880059368,6.0,0.0,0.0,1.0,1.0
3196.0,delete,74.62376864251212,626.0,3.0,74.4916880059368,5.0,0.0,0.0,0.0,1.0
3197.0,swap,74.62214482855,626.0,3.0,74.4916880059368,5.0,0.0,1.0,0.0,1.0
3198.0,add_cx,74.62376864251212,627.0,4.0,74.62376864251212,5.0,0.0,0.0,0.0,2.0
3199.0,add_rx,74.69131337670653,627.0,4.0,74.62376864251212,5.0,1.0,0.0,0.0,1.0
3200.0,add_ry,74.62453780190002,627.0,4.0,74.62376864251212,5.0,0.0,1.0,0.0,1.0
3201.0,add_rz,74.65785829551976,627.0,4.0,74.62376864251212,5.0,0.0,0.0,1.0,1.0
3202.0,delete,74.68445282914281,627.0,4.0,74.62376864251212,4.0,0.0,0.0,0.0,1.0
3203.0,swap,74.41496764541978,627.0,4.0,74.62376864251212,4.0,0.0,0.0,1.0,1.0
3204.0,swap,74.62177623240393,628.0,4.0,74.62214482855,5.0,0.0,1.0,0.0,1.0
3205.0,add_cx,74.62214482855,628.0,4.0,74.62214482855,5.0,0.0,1.0,0.0,2.0
3206.0,add_rx,74.62214482855,628.0,4.0,74.62214482855,5.0,1.0,1.0,0.0,1.0
3207.0,add_ry,74.4491105092556,628.0,4.0,74.62214482855,5.0,0.0,2.0,0.0,1.0
3208.0,add_rz,74.62461424870746,628.0,4.0,74.62214482855,5.0,0.0,1.0,1.0,1.0
3209.0,delete,74.62214482854999,628.0,4.0,74.62214482855,5.0,0.0,1.0,0.0,0.0
3210.0,swap,74.78922605628372,628.0,4.0,74.62214482855,5.0,0.0,2.0,0.0,0.0
3211.0,delete,74.58324984723382,629.0,3.0,74.61723817624474,5.0,0.0,0.0,0.0,1.0
3212.0,swap,74.1350864382818,630.0,3.0,74.62166329510634,5.0,1.0,0.0,0.0,1.0
3213.0,add_cx,74.55251025199018,631.0,5.0,74.55251025199018,4.0,0.0,0.0,0.0,2.0
3214.0,add_rx,74.62077369876351,631.0,5.0,74.55251025199018,4.0,1.0,0.0,0.0,1.0
3215.0,add_ry,74.58162138415037,631.0,5.0,74.55251025199018,4.0,0.0,1.0,0.0,1.0
3216.0,add_rz,74.55251025199021,631.0,5.0,74.55251025199018,4.0,0.0,0.0,1.0,1.0
3217.0,delete,74.75314033281576,631.0,5.0,74.55251025199018,3.0,0.0,0.0,0.0,1.0
3218.0,swap,74.75314033281576,631.0,5.0,74.55251025199018,3.0,0.0,0.0,0.0,2.0
3219.0,delete,75.04642435514522,632.0,6.0,75.03953359630911,4.0,0.0,1.0,0.0,2.0
3220.0,add_cx,75.03953359630911,632.0,6.0,75.03953359630911,4.0,0.0,1.0,0.0,3.0
3221.0,add_rx,74.75847928410819,632.0,6.0,75.03953359630911,4.0,1.0,1.0,0.0,2.0
3222.0,add_ry,74.99635997109114,632.0,6.0,75.03953359630911,4.0,0.0,2.0,0.0,2.0
3223.0,add_rz,75.03953359630911,632.0,6.0,75.03953359630911,4.0,0.0,1.0,1.0,2.0
3224.0,delete,74.88271963958238,632.0,6.0,75.03953359630911,3.0,0.0,1.0,0.0,2.0
3225.0,swap,74.85818899518691,632.0,6.0,75.03953359630911,3.0,0.0,2.0,0.0,2.0
3226.0,add_cx,74.81576682031513,633.0,4.0,74.86928859341882,5.0,0.0,1.0,0.0,2.0
3227.0,add_cx,74.81521306473343,634.0,5.0,74.81576682031513,5.0,0.0,1.0,0.0,2.0
3228.0,add_cx,74.99973211369505,634.0,5.0,74.81576682031513,5.0,0.0,1.0,0.0,3.0
3229.0,add_rx,74.0997986296584,634.0,5.0,74.81576682031513,5.0,1.0,1.0,0.0,2.0
3230.0,add_ry,74.86996140916258,634.0,5.0,74.81576682031513,5.0,0.0,2.0,0.0,2.0
3231.0,add_rz,74.81576682031513,634.0,5.0,74.81576682031513,5.0,0.0,1.0,1.0,2.0
3232.0,delete,74.94223978559774,634.0,5.0,74.81576682031513,4.0,0.0,1.0,0.0,2.0
3233.0,swap,74.8384951133552,634.0,5.0,74.81576682031513,4.0,1.0,1.0,0.0,2.0
3234.0,add_rz,74.81223361812576,635.0,4.0,74.68722506045327,5.0,0.0,1.0,1.0,1.0
3235.0,add_rz,74.81418420698947,636.0,5.0,74.81223361812576,5.0,0.0,1.0,1.0,1.0
3236.0,add_cx,74.81223361812576,636.0,5.0,74.81223361812576,5.0,0.0,1.0,1.0,2.0
3237.0,add_rx,74.81223361812576,636.0,5.0,74.81223361812576,5.0,1.0,1.0,1.0,1.0
3238.0,add_ry,74.81368688942223,636.0,5.0,74.81223361812576,5.0,0.0,2.0,1.0,1.0
3239.0,add_rz,74.80536408292477,636.0,5.0,74.81223361812576,5.0,0.0,1.0,2.0,1.0
3240.0,delete,74.88332435571061,636.0,5.0,74.81223361812576,4.0,0.0,1.0,1.0,1.0
3241.0,swap,74.46910090557779,636.0,5.0,74.81223361812576,4.0,0.0,2.0,1.0,1.0
3242.0,delete,74.88412190931679,637.0,6.0,74.88425062188082,4.0,0.0,1.0,0.0,1.0
3243.0,add_cx,74.44380473119313,637.0,6.0,74.88425062188082,4.0,0.0,1.0,0.0,2.0
3244.0,add_rx,74.82582080867228,637.0,6.0,74.88425062188082,4.0,1.0,1.0,0.0,1.0
3245.0,add_ry,74.84564470419325,637.0,6.0,74.88425062188082,4.0,0.0,2.0,0.0,1.0
3246.0,add_rz,74.8490655690968,637.0,6.0,74.88425062188082,4.0,0.0,1.0,1.0,1.0
3247.0,delete,74.87923142589827,637.0,6.0,74.88425062188082,3.0,0.0,1.0,0.0,1.0
3248.0,swap,74.52457320073138,637.0,6.0,74.88425062188082,3.0,0.0,2.0,0.0,1.0
3249.0,delete,74.55251025199018,638.0,5.0,74.55251025199018,4.0,0.0,0.0,1.0,1.0
3250.0,add_cx,74.55251025199018,638.0,5.0,74.55251025199018,4.0,0.0,0.0,1.0,2.0
3251.0,add_rx,74.0342069063262,638.0,5.0,74.55251025199018,4.0,1.0,0.0,1.0,1.0
3252.0,add_ry,74.76192644192238,638.0,5.0,74.55251025199018,4.0,0.0,1.0,1.0,1.0
3253.0,add_rz,74.61165906746521,638.0,5.0,74.55251025199018,4.0,0.0,0.0,2.0,1.0
3254.0,delete,74.77825793595771,638.0,5.0,74.55251025199018,3.0,0.0,0.0,1.0,1.0
3255.0,swap,74.50988323135205,638.0,5.0,74.55251025199018,3.0,1.0,0.0,1.0,1.0
3256.0,add_rz,74.76236266375895,639.0,3.0,74.67735355718163,6.0,0.0,0.0,1.0,1.0
3257.0,add_rz,74.7612686711125,640.0,4.0,74.76236266375895,6.0,0.0,0.0,1.0,1.0
3258.0,add_cx,74.76236266375895,640.0,4.0,74.76236266375895,6.0,0.0,0.0,1.0,2.0
3259.0,add_rx,74.76236266375896,640.0,4.0,74.76236266375895,6.0,1.0,0.0,1.0,1.0
3260.0,add_ry,74.77809684801795,640.0,4.0,74.76236266375895,6.0,0.0,1.0,1.0,1.0
3261.0,add_rz,74.72762596055168,640.0,4.0,74.76236266375895,6.0,0.0,0.0,2.0,1.0
3262.0,delete,74.73825545709516,640.0,4.0,74.76236266375895,5.0,0.0,0.0,1.0,1.0
3263.0,swap,74.80654446954729,640.0,4.0,74.76236266375895,5.0,1.0,0.0,1.0,1.0
3264.0,add_cx,74.76574226844777,641.0,3.0,74.73423134992586,6.0,0.0,0.0,0.0,2.0
3265.0,add_cx,74.76574226844777,642.0,4.0,74.76574226844777,6.0,0.0,0.0,0.0,3.0
3266.0,add_rx,74.63996783727069,642.0,4.0,74.76574226844777,6.0,1.0,0.0,0.0,2.0
3267.0,add_ry,74.7856959273909,642.0,4.0,74.76574226844777,6.0,0.0,1.0,0.0,2.0
3268.0,add_rz,74.76962080068563,642.0,4.0,74.76574226844777,6.0,0.0,0.0,1.0,2.0
3269.0,delete,74.82382424862024,642.0,4.0,74.76574226844777,5.0,0.0,0.0,0.0,2.0
3270.0,swap,74.74183095449563,642.0,4.0,74.76574226844777,5.0,1.0,0.0,0.0,2.0
3271.0,add_rz,74.77229431757392,643.0,3.0,74.71985674094091,6.0,0.0,0.0,1.0,1.0
3272.0,add_rz,74.77259308971348,644.0,4.0,74.77229431757392,6.0,0.0,0.0,1.0,1.0
3273.0,add_cx,74.77229431757392,644.0,4.0,74.77229431757392,6.0,0.0,0.0,1.0,2.0
3274.0,add_rx,74.77229431757392,644.0,4.0,74.77229431757392,6.0,1.0,0.0,1.0,1.0
3275.0,add_ry,74.76054470590137,644.0,4.0,74.77229431757392,6.0,0.0,1.0,1.0,1.0
3276.0,add_rz,74.77190185509757,644.0,4.0,74.77229431757392,6.0,0.0,0.0,2.0,1.0
3277.0,delete,74.531376885429,644.0,4.0,74.77229431757392,6.0,0.0,0.0,1.0,0.0
3278.0,swap,74.83920005382538,644.0,4.0,74.77229431757392,5.0,0.0,0.0,1.0,2.0
3279.0,swap,74.6540708263339,645.0,3.0,74.60735805726885,5.0,0.0,0.0,1.0,1.0
3280.0,swap,74.81699991785831,646.0,5.0,74.81699991785831,5.0,0.0,0.0,1.0,2.0
3281.0,add_cx,74.81699991785831,646.0,5.0,74.81699991785831,5.0,0.0,0.0,1.0,3.0
3282.0,add_rx,74.81699991785831,646.0,5.0,74.81699991785831,5.0,1.0,0.0,1.0,2.0
3283.0,add_ry,74.71265271425268,646.0,5.0,74.81699991785831,5.0,0.0,1.0,1.0,2.0
3284.0,add_rz,74.81699991785831,646.0,5.0,74.81699991785831,5.0,0.0,0.0,2.0,2.0
3285.0,delete,74.71258599042156,646.0,5.0,74.81699991785831,4.0,0.0,0.0,1.0,2.0
3286.0,swap,74.14676531585508,646.0,5.0,74.81699991785831,5.0,0.0,0.0,1.0,2.0
3287.0,delete,74.6540708263339,647.0,4.0,74.6540708263339,5.0,0.0,0.0,1.0,0.0
3288.0,add_cx,74.71767704196387,647.0,4.0,74.6540708263339,5.0,0.0,0.0,1.0,1.0
3289.0,add_rx,74.659504316346,647.0,4.0,74.6540708263339,5.0,1.0,0.0,1.0,0.0
3290.0,add_ry,74.68255435404042,647.0,4.0,74.6540708263339,5.0,0.0,1.0,1.0,0.0
3291.0,add_rz,74.6540708263339,647.0,4.0,74.6540708263339,5.0,0.0,0.0,2.0,0.0
3292.0,delete,74.6540708263339,647.0,4.0,74.6540708263339,5.0,0.0,0.0,0.0,0.0
3293.0,swap,74.67414773444537,647.0,4.0,74.6540708263339,4.0,0.0,1.0,1.0,0.0
3294.0,delete,74.61930061093,648.0,3.0,74.62256477392964,5.0,0.0,0.0,0.0,1.0
3295.0,swap,74.80650595444992,649.0,5.0,74.80654446954729,5.0,1.0,0.0,1.0,1.0
3296.0,add_cx,74.80654446954729,649.0,5.0,74.80654446954729,5.0,1.0,0.0,1.0,2.0
3297.0,add_rx,74.7920259780906,649.0,5.0,74.80654446954729,5.0,2.0,0.0,1.0,1.0
3298.0,add_ry,74.78941774242323,649.0,5.0,74.80654446954729,5.0,1.0,1.0,1.0,1.0
3299.0,add_rz,74.81306523931121,649.0,5.0,74.80654446954729,5.0,1.0,0.0,2.0,1.0
3300.0,delete,74.91150479886635,649.0,5.0,74.80654446954729,4.0,1.0,0.0,1.0,1.0
3301.0,swap,73.95564027089358,649.0,5.0,74.80654446954729,5.0,1.0,1.0,1.0,0.0
3302.0,change,74.87870705439089,650.0,5.0,74.87547140930073,4.0,1.0,1.0,0.0,1.0
3303.0,change,74.8762308279659,651.0,6.0,74.87870705439089,4.0,1.0,1.0,0.0,1.0
3304.0,add_cx,74.99318524692796,651.0,6.0,74.87870705439089,4.0,1.0,1.0,0.0,2.0
3305.0,add_rx,74.87870705439087,651.0,6.0,74.87870705439089,4.0,2.0,1.0,0.0,1.0
3306.0,add_ry,74.3161455178644,651.0,6.0,74.87870705439089,4.0,1.0,2.0,0.0,1.0
3307.0,add_rz,74.8316898719213,651.0,6.0,74.87870705439089,4.0,1.0,1.0,1.0,1.0
3308.0,delete,74.89449756924907,651.0,6.0,74.87870705439089,3.0,1.0,1.0,0.0,1.0
3309.0,swap,74.76883186900716,651.0,6.0,74.87870705439089,4.0,2.0,1.0,0.0,0.0
3310.0,add_ry,74.44546661618149,652.0,5.0,74.44527718034537,5.0,0.0,2.0,0.0,1.0
3311.0,add_cx,74.44527718034537,652.0,5.0,74.44527718034537,5.0,0.0,2.0,0.0,2.0
3312.0,add_rx,74.62888234400761,652.0,5.0,74.44527718034537,5.0,1.0,2.0,0.0,1.0
3313.0,add_ry,74.44950640046532,652.0,5.0,74.44527718034537,5.0,0.0,3.0,0.0,1.0
3314.0,add_rz,74.44527718034539,652.0,5.0,74.44527718034537,5.0,0.0,2.0,1.0,1.0
3315.0,delete,74.5395444926703,652.0,5.0,74.44527718034537,5.0,0.0,1.0,0.0,1.0
3316.0,swap,74.6662743241192,652.0,5.0,74.44527718034537,4.0,0.0,2.0,0.0,2.0
3317.0,delete,74.6769117951721,653.0,3.0,74.59937396015228,6.0,0.0,0.0,0.0,0.0
3318.0,add_cx,74.61930061093,654.0,4.0,74.61930061093,5.0,0.0,0.0,0.0,2.0
3319.0,add_rx,74.72387738477525,654.0,4.0,74.61930061093,5.0,1.0,0.0,0.0,1.0
3320.0,add_ry,74.57412867582262,654.0,4.0,74.61930061093,5.0,0.0,1.0,0.0,1.0
3321.0,add_rz,74.61913140309926,654.0,4.0,74.61930061093,5.0,0.0,0.0,1.0,1.0
3322.0,delete,74.50408796321975,654.0,4.0,74.61930061093,4.0,0.0,0.0,0.0,1.0
3323.0,swap,74.56790010343656,654.0,4.0,74.61930061093,4.0,0.0,1.0,0.0,1.0
3324.0,swap,74.6540708263339,655.0,4.0,74.6540708263339,5.0,0.0,0.0,1.0,1.0
3325.0,add_cx,74.6540708263339,655.0,4.0,74.6540708263339,5.0,0.0,0.0,1.0,2.0
3326.0,add_rx,74.66619888735374,655.0,4.0,74.6540708263339,5.0,1.0,0.0,1.0,1.0
3327.0,add_ry,74.47602234070384,655.0,4.0,74.6540708263339,5.0,0.0,1.0,1.0,1.0
3328.0,add_rz,74.6540708263339,655.0,4.0,74.6540708263339,5.0,0.0,0.0,2.0,1.0
3329.0,delete,74.64284589255152,655.0,4.0,74.6540708263339,4.0,0.0,0.0,1.0,1.0
3330.0,swap,74.68445282914284,655.0,4.0,74.6540708263339,4.0,0.0,0.0,2.0,1.0
3331.0,add_cx,74.73994237358343,656.0,5.0,74.73994237358343,5.0,0.0,0.0,0.0,3.0
3332.0,add_rx,74.73994237358345,656.0,5.0,74.73994237358343,5.0,1.0,0.0,0.0,2.0
3333.0,add_ry,74.80296084176791,656.0,5.0,74.73994237358343,5.0,0.0,1.0,0.0,2.0
3334.0,add_rz,74.73994237358342,656.0,5.0,74.73994237358343,5.0,0.0,0.0,1.0,2.0
3335.0,delete,74.87528042585602,656.0,5.0,74.73994237358343,4.0,0.0,0.0,0.0,2.0
3336.0,swap,74.60475280503533,656.0,5.0,74.73994237358343,4.0,1.0,0.0,0.0,2.0
3337.0,add_cx,74.82382424862024,657.0,5.0,74.82382424862024,5.0,0.0,0.0,0.0,3.0
3338.0,add_rx,74.82382424862021,657.0,5.0,74.82382424862024,5.0,1.0,0.0,0.0,2.0
3339.0,add_ry,74.81587075938997,657.0,5.0,74.82382424862024,5.0,0.0,1.0,0.0,2.0
3340.0,add_rz,74.82759117165892,657.0,5.0,74.82382424862024,5.0,0.0,0.0,1.0,2.0
3341.0,delete,74.71258599042153,657.0,5.0,74.82382424862024,4.0,0.0,0.0,0.0,2.0
3342.0,swap,74.66887089956597,657.0,5.0,74.82382424862024,4.0,0.0,1.0,0.0,2.0
3343.0,add_cx,74.73994237358343,658.0,5.0,74.73994237358343,5.0,0.0,0.0,0.0,3.0
3344.0,add_rx,74.77800731713535,658.0,5.0,74.73994237358343,5.0,1.0,0.0,0.0,2.0
3345.0,add_ry,74.75854639503389,658.0,5.0,74.73994237358343,5.0,0.0,1.0,0.0,2.0
3346.0,add_rz,74.72408803111497,658.0,5.0,74.73994237358343,5.0,0.0,0.0,1.0,2.0
3347.0,delete,74.6599704684997,658.0,5.0,74.73994237358343,4.0,0.0,0.0,0.0,2.0
3348.0,swap,74.7130608491973,658.0,5.0,74.73994237358343,5.0,0.0,0.0,1.0,1.0
3349.0,delete,74.60641336078041,659.0,3.0,74.58315657820802,5.0,1.0,0.0,0.0,0.0
3350.0,swap,74.83659622852257,660.0,5.0,74.83920005382538,5.0,0.0,0.0,1.0,2.0
3351.0,add_cx,74.83920005382538,660.0,5.0,74.83920005382538,5.0,0.0,0.0,1.0,3.0
3352.0,add_rx,74.83920005382538,660.0,5.0,74.83920005382538,5.0,1.0,0.0,1.0,2.0
3353.0,add_ry,74.85219571180166,660.0,5.0,74.83920005382538,5.0,0.0,1.0,1.0,2.0
3354.0,add_rz,74.8392000538254,660.0,5.0,74.83920005382538,5.0,0.0,0.0,2.0,2.0
3355.0,delete,74.77246084823724,660.0,5.0,74.83920005382538,4.0,0.0,0.0,1.0,2.0
3356.0,swap,74.89334914558235,660.0,5.0,74.83920005382538,4.0,0.0,1.0,1.0,2.0
3357.0,add_rz,74.77048139788968,661.0,5.0,74.77259308971348,6.0,0.0,0.0,1.0,1.0
3358.0,add_cx,74.53167565756856,661.0,5.0,74.77259308971348,6.0,0.0,0.0,1.0,2.0
3359.0,add_rx,74.77259308971348,661.0,5.0,74.77259308971348,6.0,1.0,0.0,1.0,1.0
3360.0,add_ry,74.76746188934612,661.0,5.0,74.77259308971348,6.0,0.0,1.0,1.0,1.0
3361.0,add_rz,74.78804472823848,661.0,5.0,74.77259308971348,6.0,0.0,0.0,2.0,1.0
3362.0,delete,74.76574226844777,661.0,5.0,74.77259308971348,6.0,0.0,0.0,0.0,1.0
3363.0,swap,74.76574226844777,661.0,5.0,74.77259308971348,6.0,0.0,0.0,0.0,2.0
3364.0,add_rx,74.76574226844777,662.0,3.0,74.56857868293606,6.0,1.0,0.0,0.0,1.0
3365.0,add_rx,74.76574226844777,663.0,4.0,74.76574226844777,6.0,1.0,0.0,0.0,1.0
3366.0,add_cx,74.76574226844777,663.0,4.0,74.76574226844777,6.0,1.0,0.0,0.0,2.0
3367.0,add_rx,74.76574226844778,663.0,4.0,74.76574226844777,6.0,2.0,0.0,0.0,1.0
3368.0,add_ry,74.76794324833973,663.0,4.0,74.76574226844777,6.0,1.0,1.0,0.0,1.0
3369.0,add_rz,74.76574226844778,663.0,4.0,74.76574226844777,6.0,1.0,0.0,1.0,1.0
3370.0,delete,74.81699991785831,663.0,4.0,74.76574226844777,5.0,1.0,0.0,0.0,1.0
3371.0,swap,74.74297034776926,663.0,4.0,74.76574226844777,5.0,2.0,0.0,0.0,1.0
3372.0,add_rx,74.76574226844777,664.0,3.0,74.66907839498091,6.0,1.0,0.0,0.0,1.0
3373.0,add_rx,74.76574226844777,665.0,4.0,74.76574226844777,6.0,1.0,0.0,0.0,1.0
3374.0,add_cx,74.76574226844777,665.0,4.0,74.76574226844777,6.0,1.0,0.0,0.0,2.0
3375.0,add_rx,74.55984540250323,665.0,4.0,74.76574226844777,6.0,2.0,0.0,0.0,1.0
3376.0,add_ry,74.73250211814666,665.0,4.0,74.76574226844777,6.0,1.0,1.0,0.0,1.0
3377.0,add_rz,74.77908308411622,665.0,4.0,74.76574226844777,6.0,1.0,0.0,1.0,1.0
3378.0,delete,74.74928028552152,665.0,4.0,74.76574226844777,5.0,1.0,0.0,0.0,1.0
3379.0,swap,74.82382424862021,665.0,4.0,74.76574226844777,5.0,1.0,0.0,1.0,1.0
3380.0,add_cx,74.76574226844777,666.0,3.0,74.73644624122814,6.0,0.0,0.0,0.0,2.0
3381.0,add_cx,74.76574226844777,667.0,4.0,74.76574226844777,6.0,0.0,0.0,0.0,3.0
3382.0,add_rx,74.76574226844775,667.0,4.0,74.76574226844777,6.0,1.0,0.0,0.0,2.0
3383.0,add_ry,74.79503040588504,667.0,4.0,74.76574226844777,6.0,0.0,1.0,0.0,2.0
3384.0,add_rz,74.78015423680192,667.0,4.0,74.76574226844777,6.0,0.0,0.0,1.0,2.0
3385.0,delete,74.70371069466471,667.0,4.0,74.76574226844777,5.0,0.0,0.0,0.0,2.0
3386.0,swap,74.70370661498649,667.0,4.0,74.76574226844777,5.0,0.0,0.0,1.0,2.0
3387.0,add_rz,74.75026608297851,668.0,3.0,74.74264122770217,6.0,0.0,0.0,1.0,1.0
3388.0,delete,74.81699991785831,669.0,5.0,74.81699991785831,5.0,1.0,0.0,0.0,1.0
3389.0,add_cx,74.81699991785831,669.0,5.0,74.81699991785831,5.0,1.0,0.0,0.0,2.0
3390.0,add_rx,74.81699991785831,669.0,5.0,74.81699991785831,5.0,2.0,0.0,0.0,1.0
3391.0,add_ry,74.89005559092162,669.0,5.0,74.81699991785831,5.0,1.0,1.0,0.0,1.0
3392.0,add_rz,74.79472042109273,669.0,5.0,74.81699991785831,5.0,1.0,0.0,1.0,1.0
3393.0,delete,74.83288740379744,669.0,5.0,74.81699991785831,4.0,1.0,0.0,0.0,1.0
3394.0,swap,74.85686572328439,669.0,5.0,74.81699991785831,5.0,0.0,0.0,1.0,1.0
3395.0,swap,74.82382424862018,670.0,5.0,74.82382424862021,5.0,1.0,0.0,1.0,1.0
3396.0,add_cx,74.82382424862021,670.0,5.0,74.82382424862021,5.0,1.0,0.0,1.0,2.0
3397.0,add_rx,74.82382424862021,670.0,5.0,74.82382424862021,5.0,2.0,0.0,1.0,1.0
3398.0,add_ry,74.81758354351551,670.0,5.0,74.82382424862021,5.0,1.0,1.0,1.0,1.0
3399.0,add_rz,74.82382424862017,670.0,5.0,74.82382424862021,5.0,1.0,0.0,2.0,1.0
3400.0,delete,74.90409485937958,670.0,5.0,74.82382424862021,4.0,1.0,0.0,1.0,1.0
3401.0,swap,74.82382424862023,670.0,5.0,74.82382424862021,5.0,1.0,0.0,0.0,2.0
3402.0,add_rx,74.76574226844777,671.0,5.0,74.76574226844777,6.0,1.0,0.0,0.0,1.0
3403.0,add_cx,74.76574226844777,671.0,5.0,74.76574226844777,6.0,1.0,0.0,0.0,2.0
3404.0,add_rx,74.76574226844777,671.0,5.0,74.76574226844777,6.0,2.0,0.0,0.0,1.0
3405.0,add_ry,74.69166944364804,671.0,5.0,74.76574226844777,6.0,1.0,1.0,0.0,1.0
3406.0,add_rz,74.76574226844778,671.0,5.0,74.76574226844777,6.0,1.0,0.0,1.0,1.0
3407.0,delete,74.81699991785831,671.0,5.0,74.76574226844777,5.0,1.0,0.0,0.0,1.0
3408.0,swap,74.75777984095632,671.0,5.0,74.76574226844777,5.0,1.0,0.0,0.0,2.0
3409.0,add_rx,74.76574226844777,672.0,3.0,74.74761695730815,6.0,1.0,0.0,0.0,1.0
3410.0,add_rx,74.76574226844777,673.0,4.0,74.76574226844777,6.0,1.0,0.0,0.0,1.0
3411.0,add_cx,74.76574226844777,673.0,4.0,74.76574226844777,6.0,1.0,0.0,0.0,2.0
3412.0,add_rx,74.76574226844777,673.0,4.0,74.76574226844777,6.0,2.0,0.0,0.0,1.0
3413.0,add_ry,74.7613956346276,673.0,4.0,74.76574226844777,6.0,1.0,1.0,0.0,1.0
3414.0,add_rz,74.7657422684478,673.0,4.0,74.76574226844777,6.0,1.0,0.0,1.0,1.0
3415.0,delete,74.81699991785831,673.0,4.0,74.76574226844777,5.0,1.0,0.0,0.0,1.0
3416.0,swap,74.71233760452719,673.0,4.0,74.76574226844777,5.0,1.0,0.0,1.0,1.0
3417.0,add_rz,74.74434833511042,674.0,4.0,74.75026608297851,6.0,0.0,0.0,1.0,1.0
3418.0,add_cx,74.75026608297851,674.0,4.0,74.75026608297851,6.0,0.0,0.0,1.0,2.0
3419.0,add_rx,74.75026608297853,674.0,4.0,74.75026608297851,6.0,1.0,0.0,1.0,1.0
3420.0,add_ry,74.51759935104997,674.0,4.0,74.75026608297851,6.0,0.0,1.0,1.0,1.0
3421.0,add_rz,74.75090636370622,674.0,4.0,74.75026608297851,6.0,0.0,0.0,2.0,1.0
3422.0,delete,74.73224704867863,674.0,4.0,74.75026608297851,5.0,0.0,0.0,1.0,1.0
3423.0,swap,74.74999898039182,674.0,4.0,74.75026608297851,5.0,0.0,0.0,1.0,2.0
3424.0,delete,74.81699991785833,675.0,5.0,74.81699991785831,5.0,1.0,0.0,0.0,1.0
3425.0,add_cx,74.81699991785831,675.0,5.0,74.81699991785831,5.0,1.0,0.0,0.0,2.0
3426.0,add_rx,74.81699991785831,675.0,5.0,74.81699991785831,5.0,2.0,0.0,0.0,1.0
3427.0,add_ry,74.76873927417482,675.0,5.0,74.81699991785831,5.0,1.0,1.0,0.0,1.0
3428.0,add_rz,74.85390297957616,675.0,5.0,74.81699991785831,5.0,1.0,0.0,1.0,1.0
3429.0,delete,74.81699991785831,675.0,5.0,74.81699991785831,5.0,0.0,0.0,0.0,1.0
3430.0,swap,74.81699991785831,675.0,5.0,74.81699991785831,5.0,1.0,0.0,0.0,1.0
3431.0,add_rx,74.76574226844775,676.0,5.0,74.76574226844777,6.0,1.0,0.0,0.0,1.0
3432.0,add_cx,74.76574226844777,676.0,5.0,74.76574226844777,6.0,1.0,0.0,0.0,2.0
3433.0,add_rx,74.76574226844777,676.0,5.0,74.76574226844777,6.0,2.0,0.0,0.0,1.0
3434.0,add_ry,74.307338218408,676.0,5.0,74.76574226844777,6.0,1.0,1.0,0.0,1.0
3435.0,add_rz,74.78411777370887,676.0,5.0,74.76574226844777,6.0,1.0,0.0,1.0,1.0
3436.0,delete,74.74297700642138,676.0,5.0,74.76574226844777,5.0,1.0,0.0,0.0,1.0
3437.0,swap,74.89242755864393,676.0,5.0,74.76574226844777,5.0,1.0,1.0,0.0,1.0
3438.0,add_cx,74.70371069466471,677.0,5.0,74.70371069466471,5.0,0.0,0.0,0.0,3.0
3439.0,add_rx,74.70371069466472,677.0,5.0,74.70371069466471,5.0,1.0,0.0,0.0,2.0
3440.0,add_ry,74.6595533958049,677.0,5.0,74.70371069466471,5.0,0.0,1.0,0.0,2.0
3441.0,add_rz,74.70336342584669,677.0,5.0,74.70371069466471,5.0,0.0,0.0,1.0,2.0
3442.0,delete,74.67603752747254,677.0,5.0,74.70371069466471,4.0,0.0,0.0,0.0,2.0
3443.0,swap,74.45279645458388,677.0,5.0,74.70371069466471,5.0,1.0,0.0,0.0,1.0
3444.0,swap,74.39882137292739,678.0,4.0,74.37904486276808,5.0,1.0,0.0,0.0,1.0
3445.0,add_cx,74.37904486276808,678.0,4.0,74.37904486276808,5.0,1.0,0.0,0.0,2.0
3446.0,add_rx,74.38645105080614,678.0,4.0,74.37904486276808,5.0,2.0,0.0,0.0,1.0
3447.0,add_ry,74.38078165285054,678.0,4.0,74.37904486276808,5.0,1.0,1.0,0.0,1.0
3448.0,add_rz,74.37701715939541,678.0,4.0,74.37904486276808,5.0,1.0,0.0,1.0,1.0
3449.0,delete,74.18673361475675,678.0,4.0,74.37904486276808,4.0,1.0,0.0,0.0,1.0
3450.0,swap,74.61724675744489,678.0,4.0,74.37904486276808,4.0,1.0,1.0,0.0,1.0
3451.0,add_rx,74.76574226844777,679.0,5.0,74.76574226844777,6.0,1.0,0.0,0.0,1.0
3452.0,add_cx,74.76574226844777,679.0,5.0,74.76574226844777,6.0,1.0,0.0,0.0,2.0
3453.0,add_rx,74.76574226844775,679.0,5.0,74.76574226844777,6.0,2.0,0.0,0.0,1.0
3454.0,add_ry,74.72778356258775,679.0,5.0,74.76574226844777,6.0,1.0,1.0,0.0,1.0
3455.0,add_rz,74.7630867961945,679.0,5.0,74.76574226844777,6.0,1.0,0.0,1.0,1.0
3456.0,delete,74.74929531207145,679.0,5.0,74.76574226844777,5.0,1.0,0.0,0.0,1.0
3457.0,swap,74.75239159089004,679.0,5.0,74.76574226844777,5.0,2.0,0.0,0.0,1.0
3458.0,swap,74.753685155845,680.0,5.0,74.74999898039182,5.0,0.0,0.0,1.0,2.0
3459.0,add_cx,74.79467602046803,680.0,5.0,74.74999898039182,5.0,0.0,0.0,1.0,3.0
3460.0,add_rx,74.66431665266087,680.0,5.0,74.74999898039182,5.0,1.0,0.0,1.0,2.0
3461.0,add_ry,74.72354349943579,680.0,5.0,74.74999898039182,5.0,0.0,1.0,1.0,2.0
3462.0,add_rz,74.75079832961812,680.0,5.0,74.74999898039182,5.0,0.0,0.0,2.0,2.0
3463.0,delete,74.74999898039182,680.0,5.0,74.74999898039182,5.0,0.0,0.0,1.0,1.0
3464.0,swap,74.75777984095632,680.0,5.0,74.74999898039182,5.0,0.0,0.0,0.0,3.0
3465.0,swap,74.74297034776927,681.0,5.0,74.74297034776926,5.0,2.0,0.0,0.0,1.0
3466.0,add_cx,74.74297034776926,681.0,5.0,74.74297034776926,5.0,2.0,0.0,0.0,2.0
3467.0,add_rx,74.74297034776926,681.0,5.0,74.74297034776926,5.0,3.0,0.0,0.0,1.0
3468.0,add_ry,74.71138314173648,681.0,5.0,74.74297034776926,5.0,2.0,1.0,0.0,1.0
3469.0,add_rz,74.7237215776097,681.0,5.0,74.74297034776926,5.0,2.0,0.0,1.0,1.0
3470.0,delete,74.82382424862024,681.0,5.0,74.74297034776926,5.0,1.0,0.0,0.0,1.0
3471.0,swap,74.5237186397298,681.0,5.0,74.74297034776926,5.0,2.0,0.0,1.0,0.0
3472.0,add_cx,74.6843641688657,682.0,4.0,74.58324984723382,5.0,0.0,0.0,0.0,2.0
3473.0,add_rx,74.58324984723382,682.0,4.0,74.58324984723382,5.0,1.0,0.0,0.0,1.0
3474.0,add_ry,74.43975050724137,682.0,4.0,74.58324984723382,5.0,0.0,1.0,0.0,1.0
3475.0,add_rz,74.58324984723382,682.0,4.0,74.58324984723382,5.0,0.0,0.0,1.0,1.0
3476.0,delete,74.37632307692178,682.0,4.0,74.58324984723382,4.0,0.0,0.0,0.0,1.0
3477.0,swap,74.62853251075452,682.0,4.0,74.58324984723382,5.0,0.0,1.0,0.0,0.0
3478.0,add_rz,74.76574226844777,683.0,5.0,74.76574226844775,6.0,0.0,0.0,1.0,1.0
3479.0,add_cx,74.76574226844775,683.0,5.0,74.76574226844775,6.0,0.0,0.0,1.0,2.0
3480.0,add_rx,74.42982348486177,683.0,5.0,74.76574226844775,6.0,1.0,0.0,1.0,1.0
3481.0,add_ry,74.78387168319057,683.0,5.0,74.76574226844775,6.0,0.0,1.0,1.0,1.0
3482.0,add_rz,74.76574226844777,683.0,5.0,74.76574226844775,6.0,0.0,0.0,2.0,1.0
3483.0,delete,74.75777984095632,683.0,5.0,74.76574226844775,5.0,0.0,0.0,1.0,1.0
3484.0,swap,74.74297700642134,683.0,5.0,74.76574226844775,5.0,0.0,0.0,1.0,2.0
3485.0,swap,74.69767574259774,684.0,3.0,74.66317294196648,6.0,1.0,0.0,0.0,0.0
3486.0,delete,74.87005345937793,685.0,4.0,74.64077029078085,4.0,0.0,0.0,0.0,1.0
3487.0,add_cx,74.71600832073328,686.0,5.0,74.87005345937793,4.0,0.0,0.0,0.0,2.0
3488.0,add_rx,74.87005345937793,686.0,5.0,74.87005345937793,4.0,1.0,0.0,0.0,1.0
3489.0,add_ry,74.79720352053822,686.0,5.0,74.87005345937793,4.0,0.0,1.0,0.0,1.0
3490.0,add_rz,74.86919027519296,686.0,5.0,74.87005345937793,4.0,0.0,0.0,1.0,1.0
3491.0,delete,74.90821632347752,686.0,5.0,74.87005345937793,3.0,0.0,0.0,0.0,1.0
3492.0,swap,74.82418465470678,686.0,5.0,74.87005345937793,3.0,0.0,0.0,1.0,1.0
3493.0,delete,74.87528042585602,687.0,4.0,74.73859300349076,4.0,0.0,0.0,0.0,1.0
3494.0,add_cx,74.87528042585602,688.0,5.0,74.87528042585602,4.0,0.0,0.0,0.0,2.0
3495.0,add_rx,74.87528042585602,688.0,5.0,74.87528042585602,4.0,1.0,0.0,0.0,1.0
3496.0,add_ry,74.63758736035534,688.0,5.0,74.87528042585602,4.0,0.0,1.0,0.0,1.0
3497.0,add_rz,74.87528042585603,688.0,5.0,74.87528042585602,4.0,0.0,0.0,1.0,1.0
3498.0,delete,74.8574562368049,688.0,5.0,74.87528042585602,3.0,0.0,0.0,0.0,1.0
3499.0,swap,74.5145608108204,688.0,5.0,74.87528042585602,3.0,1.0,0.0,0.0,1.0
3500.0,swap,74.75314033281576,689.0,6.0,74.75314033281576,3.0,1.0,0.0,0.0,2.0
3501.0,add_cx,74.57015346666132,689.0,6.0,74.75314033281576,3.0,1.0,0.0,0.0,3.0
3502.0,add_rx,74.75314033281576,689.0,6.0,74.75314033281576,3.0,2.0,0.0,0.0,2.0
3503.0,add_ry,74.75226859895125,689.0,6.0,74.75314033281576,3.0,1.0,1.0,0.0,2.0
3504.0,add_rz,74.75314033281576,689.0,6.0,74.75314033281576,3.0,1.0,0.0,1.0,2.0
3505.0,delete,74.73518949225245,689.0,6.0,74.75314033281576,3.0,1.0,0.0,0.0,1.0
3506.0,swap,74.6880315529055,689.0,6.0,74.75314033281576,2.0,1.0,1.0,0.0,2.0
3507.0,add_rz,74.76106865027043,690.0,5.0,74.75888606300177,5.0,0.0,0.0,1.0,1.0
3508.0,add_cx,74.75888606300177,690.0,5.0,74.75888606300177,5.0,0.0,0.0,1.0,2.0
3509.0,add_rx,74.76932810983375,690.0,5.0,74.75888606300177,5.0,1.0,0.0,1.0,1.0
3510.0,add_ry,74.67812808546873,690.0,5.0,74.75888606300177,5.0,0.0,1.0,1.0,1.0
3511.0,add_rz,74.75888606300177,690.0,5.0,74.75888606300177,5.0,0.0,0.0,2.0,1.0
3512.0,delete,74.83288740379746,690.0,5.0,74.75888606300177,4.0,0.0,0.0,1.0,1.0
3513.0,swap,74.74108232378438,690.0,5.0,74.75888606300177,4.0,1.0,0.0,1.0,1.0
3514.0,add_rz,74.73938455041619,691.0,5.0,74.73879317499615,5.0,0.0,0.0,1.0,1.0
3515.0,add_cx,74.73879317499615,691.0,5.0,74.73879317499615,5.0,0.0,0.0,1.0,2.0
3516.0,add_rx,74.73879317499616,691.0,5.0,74.73879317499615,5.0,1.0,0.0,1.0,1.0
3517.0,add_ry,74.6221932159112,691.0,5.0,74.73879317499615,5.0,0.0,1.0,1.0,1.0
3518.0,add_rz,74.73879317499615,691.0,5.0,74.73879317499615,5.0,0.0,0.0,2.0,1.0
3519.0,delete,74.71233760452718,691.0,5.0,74.73879317499615,5.0,0.0,0.0,0.0,1.0
3520.0,swap,74.6853122329747,691.0,5.0,74.73879317499615,4.0,0.0,0.0,1.0,2.0
3521.0,add_rz,74.67467198302995,692.0,4.0,74.67518153798093,6.0,1.0,0.0,1.0,0.0
3522.0,add_cx,74.67518153798093,692.0,4.0,74.67518153798093,6.0,1.0,0.0,1.0,1.0
3523.0,add_rx,74.67777721066827,692.0,4.0,74.67518153798093,6.0,2.0,0.0,1.0,0.0
3524.0,add_ry,74.73312163082704,692.0,4.0,74.67518153798093,6.0,1.0,1.0,1.0,0.0
3525.0,add_rz,74.67518153798092,692.0,4.0,74.67518153798093,6.0,1.0,0.0,2.0,0.0
3526.0,delete,74.69916595923743,692.0,4.0,74.67518153798093,6.0,0.0,0.0,1.0,0.0
3527.0,swap,74.68852556588533,692.0,4.0,74.67518153798093,5.0,1.0,0.0,2.0,0.0
3528.0,add_cx,74.84483029123469,693.0,6.0,74.84483029123469,3.0,0.0,0.0,0.0,3.0
3529.0,add_rx,74.84483029123467,693.0,6.0,74.84483029123469,3.0,1.0,0.0,0.0,2.0
3530.0,add_ry,74.83331660825483,693.0,6.0,74.84483029123469,3.0,0.0,1.0,0.0,2.0
3531.0,add_rz,74.84483029123467,693.0,6.0,74.84483029123469,3.0,0.0,0.0,1.0,2.0
3532.0,delete,74.84063866044715,693.0,6.0,74.84483029123469,2.0,0.0,0.0,0.0,2.0
3533.0,swap,74.85621344205917,693.0,6.0,74.84483029123469,2.0,0.0,1.0,0.0,2.0
3534.0,delete,74.82382424862024,694.0,4.0,74.71119814297518,5.0,0.0,0.0,0.0,1.0
3535.0,add_cx,74.82382424862024,695.0,5.0,74.82382424862024,5.0,0.0,0.0,0.0,2.0
3536.0,add_rx,74.82382424862024,695.0,5.0,74.82382424862024,5.0,1.0,0.0,0.0,1.0
3537.0,add_ry,74.78925479278097,695.0,5.0,74.82382424862024,5.0,0.0,1.0,0.0,1.0
3538.0,add_rz,74.82382424862023,695.0,5.0,74.82382424862024,5.0,0.0,0.0,1.0,1.0
3539.0,delete,74.90409485937958,695.0,5.0,74.82382424862024,4.0,0.0,0.0,0.0,1.0
3540.0,swap,74.88072071905192,695.0,5.0,74.82382424862024,4.0,1.0,0.0,0.0,1.0
3541.0,add_cx,74.59078535358486,696.0,6.0,74.90409485937958,4.0,0.0,0.0,0.0,2.0
3542.0,add_rx,74.73417009657888,696.0,6.0,74.90409485937958,4.0,1.0,0.0,0.0,1.0
3543.0,add_ry,74.52492946762098,696.0,6.0,74.90409485937958,4.0,0.0,1.0,0.0,1.0
3544.0,add_rz,74.9040948593796,696.0,6.0,74.90409485937958,4.0,0.0,0.0,1.0,1.0
3545.0,delete,74.86419319548762,696.0,6.0,74.90409485937958,3.0,0.0,0.0,0.0,1.0
3546.0,swap,74.45775670855646,696.0,6.0,74.90409485937958,4.0,1.0,0.0,0.0,0.0
3547.0,swap,74.69712275938612,697.0,5.0,74.69712275938612,4.0,1.0,0.0,0.0,2.0
3548.0,add_cx,74.69712275938612,697.0,5.0,74.69712275938612,4.0,1.0,0.0,0.0,3.0
3549.0,add_rx,74.71220871729234,697.0,5.0,74.69712275938612,4.0,2.0,0.0,0.0,2.0
3550.0,add_ry,74.61183365093216,697.0,5.0,74.69712275938612,4.0,1.0,1.0,0.0,2.0
3551.0,add_rz,74.69727359855194,697.0,5.0,74.69712275938612,4.0,1.0,0.0,1.0,2.0
3552.0,delete,74.62991974657267,697.0,5.0,74.69712275938612,3.0,1.0,0.0,0.0,2.0
3553.0,swap,74.55080289818129,697.0,5.0,74.69712275938612,3.0,1.0,1.0,0.0,2.0
3554.0,swap,74.61280097809771,698.0,3.0,74.65668662751658,5.0,0.0,0.0,2.0,0.0
3555.0,swap,74.7416213200323,699.0,5.0,74.74183095449563,5.0,1.0,0.0,0.0,2.0
3556.0,add_cx,74.74183095449563,699.0,5.0,74.74183095449563,5.0,1.0,0.0,0.0,3.0
3557.0,add_rx,74.74183095449563,699.0,5.0,74.74183095449563,5.0,2.0,0.0,0.0,2.0
3558.0,add_ry,74.7666134338893,699.0,5.0,74.74183095449563,5.0,1.0,1.0,0.0,2.0
3559.0,add_rz,74.76567300764137,699.0,5.0,74.74183095449563,5.0,1.0,0.0,1.0,2.0
3560.0,delete,74.82844140790421,699.0,5.0,74.74183095449563,4.0,1.0,0.0,0.0,2.0
3561.0,swap,73.9993297132224,699.0,5.0,74.74183095449563,4.0,2.0,0.0,0.0,2.0
3562.0,add_rz,74.83541685682667,700.0,6.0,74.8371030396506,5.0,1.0,0.0,1.0,1.0
3563.0,add_cx,74.8371030396506,700.0,6.0,74.8371030396506,5.0,1.0,0.0,1.0,2.0
3564.0,add_rx,74.85500725367262,700.0,6.0,74.8371030396506,5.0,2.0,0.0,1.0,1.0
3565.0,add_ry,74.8510156587422,700.0,6.0,74.8371030396506,5.0,1.0,1.0,1.0,1.0
3566.0,add_rz,74.87138764199868,700.0,6.0,74.8371030396506,5.0,1.0,0.0,2.0,1.0
3567.0,delete,74.80635776550133,700.0,6.0,74.8371030396506,5.0,1.0,0.0,0.0,1.0
3568.0,swap,74.40682189724262,700.0,6.0,74.8371030396506,4.0,1.0,0.0,1.0,2.0
3569.0,swap,74.88072071905194,701.0,6.0,74.88072071905192,4.0,1.0,0.0,0.0,1.0
3570.0,add_cx,74.88072071905192,701.0,6.0,74.88072071905192,4.0,1.0,0.0,0.0,2.0
3571.0,add_rx,74.88072071905192,701.0,6.0,74.88072071905192,4.0,2.0,0.0,0.0,1.0
3572.0,add_ry,74.73302721401971,701.0,6.0,74.88072071905192,4.0,1.0,1.0,0.0,1.0
3573.0,add_rz,74.88072073958942,701.0,6.0,74.88072071905192,4.0,1.0,0.0,1.0,1.0
3574.0,delete,74.92904508904492,701.0,6.0,74.88072071905192,3.0,1.0,0.0,0.0,1.0
3575.0,swap,74.66643941312815,701.0,6.0,74.88072071905192,3.0,2.0,0.0,0.0,1.0
3576.0,add_cx,74.22641515629772,702.0,5.0,74.22641515629772,5.0,0.0,0.0,0.0,2.0
3577.0,add_rx,74.3981647864982,702.0,5.0,74.22641515629772,5.0,1.0,0.0,0.0,1.0
3578.0,add_ry,74.40968489418795,702.0,5.0,74.22641515629772,5.0,0.0,1.0,0.0,1.0
3579.0,add_rz,74.22641515629772,702.0,5.0,74.22641515629772,5.0,0.0,0.0,1.0,1.0
3580.0,delete,74.39220808573506,702.0,5.0,74.22641515629772,4.0,0.0,0.0,0.0,1.0
3581.0,swap,73.6837684873503,702.0,5.0,74.22641515629772,4.0,0.0,0.0,1.0,1.0
3582.0,swap,74.6128009780977,703.0,4.0,74.61280097809771,5.0,0.0,0.0,2.0,0.0
3583.0,add_cx,74.36558555159031,703.0,4.0,74.61280097809771,5.0,0.0,0.0,2.0,1.0
3584.0,add_rx,74.6128009780977,703.0,4.0,74.61280097809771,5.0,1.0,0.0,2.0,0.0
3585.0,add_ry,74.57320293927089,703.0,4.0,74.61280097809771,5.0,0.0,1.0,2.0,0.0
3586.0,add_rz,74.6128009780977,703.0,4.0,74.61280097809771,5.0,0.0,0.0,3.0,0.0
3587.0,delete,74.66176229206025,703.0,4.0,74.61280097809771,4.0,0.0,0.0,2.0,0.0
3588.0,swap,74.60668895156336,703.0,4.0,74.61280097809771,5.0,0.0,1.0,1.0,0.0
3589.0,swap,74.69767574259774,704.0,4.0,74.69767574259774,6.0,1.0,0.0,0.0,0.0
3590.0,add_cx,74.69767574259774,704.0,4.0,74.69767574259774,6.0,1.0,0.0,0.0,1.0
3591.0,add_rx,74.67625197382701,704.0,4.0,74.69767574259774,6.0,2.0,0.0,0.0,0.0
3592.0,add_ry,74.68849031794525,704.0,4.0,74.69767574259774,6.0,1.0,1.0,0.0,0.0
3593.0,add_rz,74.69767574259774,704.0,4.0,74.69767574259774,6.0,1.0,0.0,1.0,0.0
3594.0,delete,74.69767574259775,704.0,4.0,74.69767574259774,6.0,0.0,0.0,0.0,0.0
3595.0,swap,74.60904903502524,704.0,4.0,74.69767574259774,5.0,1.0,0.0,1.0,0.0
3596.0,add_rz,74.72466767947937,705.0,5.0,74.71795137091763,5.0,0.0,0.0,1.0,1.0
3597.0,add_cx,74.71795137091763,705.0,5.0,74.71795137091763,5.0,0.0,0.0,1.0,2.0
3598.0,add_rx,74.71795137091763,705.0,5.0,74.71795137091763,5.0,1.0,0.0,1.0,1.0
3599.0,add_ry,74.77958234151592,705.0,5.0,74.71795137091763,5.0,0.0,1.0,1.0,1.0
3600.0,add_rz,74.71795137091763,705.0,5.0,74.71795137091763,5.0,0.0,0.0,2.0,1.0
3601.0,delete,74.8547600746643,705.0,5.0,74.71795137091763,4.0,0.0,0.0,1.0,1.0
3602.0,swap,74.68431152161817,705.0,5.0,74.71795137091763,4.0,0.0,1.0,1.0,1.0
3603.0,add_cx,74.90821632347752,706.0,6.0,74.90821632347752,3.0,0.0,0.0,0.0,2.0
3604.0,add_rx,74.60778702723657,706.0,6.0,74.90821632347752,3.0,1.0,0.0,0.0,1.0
3605.0,add_ry,74.56188190634653,706.0,6.0,74.90821632347752,3.0,0.0,1.0,0.0,1.0
3606.0,add_rz,74.90821632347752,706.0,6.0,74.90821632347752,3.0,0.0,0.0,1.0,1.0
3607.0,delete,74.74637401878098,706.0,6.0,74.90821632347752,2.0,0.0,0.0,0.0,1.0
3608.0,swap,74.63566028604131,706.0,6.0,74.90821632347752,3.0,0.0,0.0,1.0,0.0
3609.0,swap,74.82445579554377,707.0,6.0,74.82445579554374,3.0,1.0,0.0,0.0,1.0
3610.0,add_cx,74.82445579554374,707.0,6.0,74.82445579554374,3.0,1.0,0.0,0.0,2.0
3611.0,add_rx,74.82445579554374,707.0,6.0,74.82445579554374,3.0,2.0,0.0,0.0,1.0
3612.0,add_ry,74.84049009698765,707.0,6.0,74.82445579554374,3.0,1.0,1.0,0.0,1.0
3613.0,add_rz,74.82445579554374,707.0,6.0,74.82445579554374,3.0,1.0,0.0,1.0,1.0
3614.0,delete,74.54155534985917,707.0,6.0,74.82445579554374,3.0,1.0,0.0,0.0,0.0
3615.0,swap,74.52348614464617,707.0,6.0,74.82445579554374,2.0,1.0,0.0,0.0,2.0
3616.0,delete,74.65399045576501,708.0,4.0,74.74994328182508,5.0,0.0,0.0,0.0,0.0
3617.0,add_rz,74.82622584236186,709.0,4.0,74.80349117096662,5.0,0.0,0.0,1.0,1.0
3618.0,add_rz,74.8281762045581,710.0,5.0,74.82622584236186,5.0,0.0,0.0,1.0,1.0
3619.0,add_cx,74.82622584236186,710.0,5.0,74.82622584236186,5.0,0.0,0.0,1.0,2.0
3620.0,add_rx,74.72889559762825,710.0,5.0,74.82622584236186,5.0,1.0,0.0,1.0,1.0
3621.0,add_ry,74.78921605216318,710.0,5.0,74.82622584236186,5.0,0.0,1.0,1.0,1.0
3622.0,add_rz,74.85520864919538,710.0,5.0,74.82622584236186,5.0,0.0,0.0,2.0,1.0
3623.0,delete,74.88105063447739,710.0,5.0,74.82622584236186,4.0,0.0,0.0,1.0,1.0
3624.0,swap,74.82382424862026,710.0,5.0,74.82622584236186,5.0,0.0,0.0,1.0,1.0
3625.0,add_cx,74.87503802849369,711.0,6.0,74.87503802849369,4.0,0.0,0.0,0.0,2.0
3626.0,add_rx,74.87503802849369,711.0,6.0,74.87503802849369,4.0,1.0,0.0,0.0,1.0
3627.0,add_ry,74.87197750127127,711.0,6.0,74.87503802849369,4.0,0.0,1.0,0.0,1.0
3628.0,add_rz,74.87503802849369,711.0,6.0,74.87503802849369,4.0,0.0,0.0,1.0,1.0
3629.0,delete,74.75314033281576,711.0,6.0,74.87503802849369,3.0,0.0,0.0,0.0,1.0
3630.0,swap,74.93290906985717,711.0,6.0,74.87503802849369,3.0,1.0,0.0,0.0,1.0
3631.0,swap,74.83180626850877,712.0,6.0,74.83180626850876,3.0,2.0,0.0,0.0,1.0
3632.0,add_cx,74.7893717093692,712.0,6.0,74.83180626850876,3.0,2.0,0.0,0.0,2.0
3633.0,add_rx,74.83180626850877,712.0,6.0,74.83180626850876,3.0,3.0,0.0,0.0,1.0
3634.0,add_ry,74.35746987964056,712.0,6.0,74.83180626850876,3.0,2.0,1.0,0.0,1.0
3635.0,add_rz,74.83180626850876,712.0,6.0,74.83180626850876,3.0,2.0,0.0,1.0,1.0
3636.0,delete,74.71516302144552,712.0,6.0,74.83180626850876,2.0,2.0,0.0,0.0,1.0
3637.0,swap,74.65813076119714,712.0,6.0,74.83180626850876,2.0,2.0,1.0,0.0,1.0
3638.0,add_cx,74.65399045576501,713.0,5.0,74.65399045576501,5.0,0.0,0.0,0.0,1.0
3639.0,add_rx,74.65399045576501,713.0,5.0,74.65399045576501,5.0,1.0,0.0,0.0,0.0
3640.0,add_ry,74.42690184444898,713.0,5.0,74.65399045576501,5.0,0.0,1.0,0.0,0.0
3641.0,add_rz,74.64196190709164,713.0,5.0,74.65399045576501,5.0,0.0,0.0,1.0,0.0
3642.0,delete,74.41496764541981,713.0,5.0,74.65399045576501,4.0,0.0,0.0,0.0,0.0
3643.0,swap,74.74761523194965,713.0,5.0,74.65399045576501,4.0,0.0,0.0,1.0,0.0
3644.0,add_rz,74.59437692144719,714.0,4.0,74.59378366564864,6.0,0.0,1.0,1.0,0.0
3645.0,add_cx,74.5000743900392,714.0,4.0,74.59378366564864,6.0,0.0,1.0,1.0,1.0
3646.0,add_rx,74.55360055092878,714.0,4.0,74.59378366564864,6.0,1.0,1.0,1.0,0.0
3647.0,add_ry,74.5817378315733,714.0,4.0,74.59378366564864,6.0,0.0,2.0,1.0,0.0
3648.0,add_rz,74.59378366564863,714.0,4.0,74.59378366564864,6.0,0.0,1.0,2.0,0.0
3649.0,delete,74.67213544216784,714.0,4.0,74.59378366564864,5.0,0.0,1.0,1.0,0.0
3650.0,swap,74.75405713094678,714.0,4.0,74.59378366564864,5.0,0.0,1.0,1.0,1.0
3651.0,delete,74.0797679055917,715.0,5.0,74.07604604184594,5.0,0.0,1.0,0.0,0.0
3652.0,add_cx,74.07604604184594,715.0,5.0,74.07604604184594,5.0,0.0,1.0,0.0,1.0
3653.0,add_rx,74.63383468694245,715.0,5.0,74.07604604184594,5.0,1.0,1.0,0.0,0.0
3654.0,add_ry,74.55060908362712,715.0,5.0,74.07604604184594,5.0,0.0,2.0,0.0,0.0
3655.0,add_rz,74.07604604184594,715.0,5.0,74.07604604184594,5.0,0.0,1.0,1.0,0.0
3656.0,delete,74.22641515629772,715.0,5.0,74.07604604184594,5.0,0.0,0.0,0.0,0.0
3657.0,swap,74.35358994862793,715.0,5.0,74.07604604184594,4.0,0.0,1.0,1.0,0.0
3658.0,swap,74.75006568192056,716.0,5.0,74.75006568192056,5.0,0.0,0.0,1.0,1.0
3659.0,add_cx,74.75006568192056,716.0,5.0,74.75006568192056,5.0,0.0,0.0,1.0,2.0
3660.0,add_rx,74.75006568192056,716.0,5.0,74.75006568192056,5.0,1.0,0.0,1.0,1.0
3661.0,add_ry,74.4994521730843,716.0,5.0,74.75006568192056,5.0,0.0,1.0,1.0,1.0
3662.0,add_rz,74.75006568192056,716.0,5.0,74.75006568192056,5.0,0.0,0.0,2.0,1.0
3663.0,delete,74.69308333272171,716.0,5.0,74.75006568192056,4.0,0.0,0.0,1.0,1.0
3664.0,swap,74.63013414026933,716.0,5.0,74.75006568192056,5.0,0.0,0.0,2.0,0.0
3665.0,add_cx,74.6769117951721,717.0,4.0,74.6769117951721,6.0,0.0,0.0,0.0,1.0
3666.0,add_rx,74.6769117951721,717.0,4.0,74.6769117951721,6.0,1.0,0.0,0.0,0.0
3667.0,add_ry,74.6719808665129,717.0,4.0,74.6769117951721,6.0,0.0,1.0,0.0,0.0
3668.0,add_rz,74.64974273049846,717.0,4.0,74.6769117951721,6.0,0.0,0.0,1.0,0.0
3669.0,delete,74.58575146162005,717.0,4.0,74.6769117951721,5.0,0.0,0.0,0.0,0.0
3670.0,swap,74.46169955817943,717.0,4.0,74.6769117951721,5.0,0.0,1.0,0.0,0.0
3671.0,delete,74.74934803969781,718.0,5.0,74.74928028552152,5.0,1.0,0.0,0.0,1.0
3672.0,add_cx,74.74928028552152,718.0,5.0,74.74928028552152,5.0,1.0,0.0,0.0,2.0
3673.0,add_rx,74.74928028552152,718.0,5.0,74.74928028552152,5.0,2.0,0.0,0.0,1.0
3674.0,add_ry,74.72496186955587,718.0,5.0,74.74928028552152,5.0,1.0,1.0,0.0,1.0
3675.0,add_rz,74.74928028552154,718.0,5.0,74.74928028552152,5.0,1.0,0.0,1.0,1.0
3676.0,delete,74.70049725477968,718.0,5.0,74.74928028552152,4.0,1.0,0.0,0.0,1.0
3677.0,swap,74.90196363543951,718.0,5.0,74.74928028552152,4.0,1.0,0.0,0.0,2.0
3678.0,delete,74.60357190300897,719.0,4.0,74.60641336078041,5.0,1.0,0.0,0.0,0.0
3679.0,add_cx,74.44975475673299,719.0,4.0,74.60641336078041,5.0,1.0,0.0,0.0,1.0
3680.0,add_rx,74.60403727783604,719.0,4.0,74.60641336078041,5.0,2.0,0.0,0.0,0.0
3681.0,add_ry,74.5810515815229,719.0,4.0,74.60641336078041,5.0,1.0,1.0,0.0,0.0
3682.0,add_rz,74.60641336078041,719.0,4.0,74.60641336078041,5.0,1.0,0.0,1.0,0.0
3683.0,delete,74.41468538544665,719.0,4.0,74.60641336078041,4.0,1.0,0.0,0.0,0.0
3684.0,swap,74.6471432604939,719.0,4.0,74.60641336078041,4.0,1.0,1.0,0.0,0.0
3685.0,delete,74.53126809340311,720.0,5.0,74.531376885429,6.0,0.0,0.0,1.0,0.0
3686.0,add_cx,74.82875017536604,720.0,5.0,74.531376885429,6.0,0.0,0.0,1.0,1.0
3687.0,add_rx,74.63910351619656,720.0,5.0,74.531376885429,6.0,1.0,0.0,1.0,0.0
3688.0,add_ry,74.59564074217778,720.0,5.0,74.531376885429,6.0,0.0,1.0,1.0,0.0
3689.0,add_rz,74.531376885429,720.0,5.0,74.531376885429,6.0,0.0,0.0,2.0,0.0
3690.0,delete,74.67387916017508,720.0,5.0,74.531376885429,5.0,0.0,0.0,1.0,0.0
3691.0,swap,74.67387916017506,720.0,5.0,74.531376885429,5.0,1.0,0.0,1.0,0.0
3692.0,swap,74.84362103521889,721.0,6.0,74.84362103521886,3.0,0.0,0.0,1.0,2.0
3693.0,add_cx,74.84362103521886,721.0,6.0,74.84362103521886,3.0,0.0,0.0,1.0,3.0
3694.0,add_rx,74.88863710763053,721.0,6.0,74.84362103521886,3.0,1.0,0.0,1.0,2.0
3695.0,add_ry,74.91120909658163,721.0,6.0,74.84362103521886,3.0,0.0,1.0,1.0,2.0
3696.0,add_rz,74.81517152426898,721.0,6.0,74.84362103521886,3.0,0.0,0.0,2.0,2.0
3697.0,delete,74.58071539403323,721.0,6.0,74.84362103521886,3.0,0.0,0.0,1.0,1.0
3698.0,swap,74.84362103521889,721.0,6.0,74.84362103521886,3.0,0.0,0.0,2.0,1.0
3699.0,swap,74.79901952269837,722.0,6.0,74.79145892603542,4.0,1.0,0.0,0.0,1.0
3700.0,add_cx,74.79145892603542,722.0,6.0,74.79145892603542,4.0,1.0,0.0,0.0,2.0
3701.0,add_rx,74.79145892603543,722.0,6.0,74.79145892603542,4.0,2.0,0.0,0.0,1.0
3702.0,add_ry,74.78554570919846,722.0,6.0,74.79145892603542,4.0,1.0,1.0,0.0,1.0
3703.0,add_rz,74.79002058888373,722.0,6.0,74.79145892603542,4.0,1.0,0.0,1.0,1.0
3704.0,delete,74.44900287184609,722.0,6.0,74.79145892603542,4.0,1.0,0.0,0.0,0.0
3705.0,swap,74.67195738487584,722.0,6.0,74.79145892603542,3.0,1.0,1.0,0.0,1.0
3706.0,swap,74.90818838482785,723.0,4.0,74.7307103052545,4.0,1.0,0.0,0.0,1.0
3707.0,swap,74.90761848580006,724.0,5.0,74.90818838482785,4.0,1.0,0.0,0.0,1.0
3708.0,add_cx,74.90818838482785,724.0,5.0,74.90818838482785,4.0,1.0,0.0,0.0,2.0
3709.0,add_rx,74.90320025480847,724.0,5.0,74.90818838482785,4.0,2.0,0.0,0.0,1.0
3710.0,add_ry,74.83507469397713,724.0,5.0,74.90818838482785,4.0,1.0,1.0,0.0,1.0
3711.0,add_rz,74.844522355454,724.0,5.0,74.90818838482785,4.0,1.0,0.0,1.0,1.0
3712.0,delete,74.83288740379744,724.0,5.0,74.90818838482785,4.0,0.0,0.0,0.0,1.0
3713.0,swap,74.89579783159354,724.0,5.0,74.90818838482785,3.0,1.0,0.0,1.0,1.0
3714.0,swap,74.90700191094953,725.0,6.0,74.90761848580006,4.0,1.0,0.0,0.0,1.0
3715.0,add_cx,74.90761848580004,725.0,6.0,74.90761848580006,4.0,1.0,0.0,0.0,2.0
3716.0,add_rx,74.85170547921288,725.0,6.0,74.90761848580006,4.0,2.0,0.0,0.0,1.0
3717.0,add_ry,74.89291659671537,725.0,6.0,74.90761848580006,4.0,1.0,1.0,0.0,1.0
3718.0,add_rz,74.90761848580004,725.0,6.0,74.90761848580006,4.0,1.0,0.0,1.0,1.0
3719.0,delete,74.93299179477454,725.0,6.0,74.90761848580006,3.0,1.0,0.0,0.0,1.0
3720.0,swap,74.94196536799181,725.0,6.0,74.90761848580006,3.0,1.0,0.0,1.0,1.0
3721.0,swap,74.89997659273453,726.0,6.0,74.89462037118962,3.0,1.0,1.0,0.0,1.0
3722.0,add_cx,74.78800494222907,726.0,6.0,74.89462037118962,3.0,1.0,1.0,0.0,2.0
3723.0,add_rx,74.54615002345498,726.0,6.0,74.89462037118962,3.0,2.0,1.0,0.0,1.0
3724.0,add_ry,74.84262992377452,726.0,6.0,74.89462037118962,3.0,1.0,2.0,0.0,1.0
3725.0,add_rz,74.89458645533139,726.0,6.0,74.89462037118962,3.0,1.0,1.0,1.0,1.0
3726.0,delete,74.81186105339026,726.0,6.0,74.89462037118962,3.0,1.0,0.0,0.0,1.0
3727.0,swap,74.46794246980497,726.0,6.0,74.89462037118962,3.0,1.0,1.0,1.0,0.0
3728.0,swap,74.89579783159354,727.0,6.0,74.89579783159354,3.0,1.0,0.0,1.0,1.0
3729.0,add_cx,74.89579783159354,727.0,6.0,74.89579783159354,3.0,1.0,0.0,1.0,2.0
3730.0,add_rx,74.24065225004166,727.0,6.0,74.89579783159354,3.0,2.0,0.0,1.0,1.0
3731.0,add_ry,74.88257201822874,727.0,6.0,74.89579783159354,3.0,1.0,1.0,1.0,1.0
3732.0,add_rz,74.89579783159354,727.0,6.0,74.89579783159354,3.0,1.0,0.0,2.0,1.0
3733.0,delete,74.9606817189196,727.0,6.0,74.89579783159354,2.0,1.0,0.0,1.0,1.0
3734.0,swap,74.77263424458278,727.0,6.0,74.89579783159354,3.0,1.0,0.0,1.0,1.0
3735.0,add_rx,74.71233760452718,728.0,5.0,74.71233760452719,5.0,1.0,0.0,0.0,1.0
3736.0,add_cx,74.71233760452719,728.0,5.0,74.71233760452719,5.0,1.0,0.0,0.0,2.0
3737.0,add_rx,74.42231276690237,728.0,5.0,74.71233760452719,5.0,2.0,0.0,0.0,1.0
3738.0,add_ry,74.70305264803139,728.0,5.0,74.71233760452719,5.0,1.0,1.0,0.0,1.0
3739.0,add_rz,74.7188488607734,728.0,5.0,74.71233760452719,5.0,1.0,0.0,1.0,1.0
3740.0,delete,74.88072071905192,728.0,5.0,74.71233760452719,4.0,1.0,0.0,0.0,1.0
3741.0,swap,74.71673607236589,728.0,5.0,74.71233760452719,4.0,1.0,0.0,1.0,1.0
3742.0,delete,74.74297700642136,729.0,3.0,74.74943759075883,5.0,0.0,0.0,0.0,1.0
3743.0,add_cx,74.6588850610636,730.0,4.0,74.74297700642136,5.0,0.0,0.0,0.0,2.0
3744.0,add_rx,74.74297700642136,730.0,4.0,74.74297700642136,5.0,1.0,0.0,0.0,1.0
3745.0,add_ry,74.65875947631886,730.0,4.0,74.74297700642136,5.0,0.0,1.0,0.0,1.0
3746.0,add_rz,74.74280693931266,730.0,4.0,74.74297700642136,5.0,0.0,0.0,1.0,1.0
3747.0,delete,74.55251025199018,730.0,4.0,74.74297700642136,4.0,0.0,0.0,0.0,1.0
3748.0,swap,74.91432146872806,730.0,4.0,74.74297700642136,4.0,1.0,0.0,0.0,1.0
3749.0,swap,74.91698482594127,731.0,5.0,74.91432146872806,4.0,1.0,0.0,0.0,1.0
3750.0,add_cx,74.92707231999152,731.0,5.0,74.91432146872806,4.0,1.0,0.0,0.0,2.0
3751.0,add_rx,74.91432146872806,731.0,5.0,74.91432146872806,4.0,2.0,0.0,0.0,1.0
3752.0,add_ry,74.76433734876962,731.0,5.0,74.91432146872806,4.0,1.0,1.0,0.0,1.0
3753.0,add_rz,74.91432146872806,731.0,5.0,74.91432146872806,4.0,1.0,0.0,1.0,1.0
3754.0,delete,74.92680849022993,731.0,5.0,74.91432146872806,3.0,1.0,0.0,0.0,1.0
3755.0,swap,74.94612339819955,731.0,5.0,74.91432146872806,3.0,1.0,0.0,1.0,1.0
3756.0,add_cx,74.66752141555237,732.0,5.0,74.55251025199018,4.0,0.0,0.0,0.0,2.0
3757.0,add_rx,74.63984006202979,732.0,5.0,74.55251025199018,4.0,1.0,0.0,0.0,1.0
3758.0,add_ry,74.38974578873629,732.0,5.0,74.55251025199018,4.0,0.0,1.0,0.0,1.0
3759.0,add_rz,74.55251025199018,732.0,5.0,74.55251025199018,4.0,0.0,0.0,1.0,1.0
3760.0,delete,74.42109697237078,732.0,5.0,74.55251025199018,3.0,0.0,0.0,0.0,1.0
3761.0,swap,74.77825793595768,732.0,5.0,74.55251025199018,3.0,0.0,0.0,1.0,1.0
3762.0,swap,74.71184772066123,733.0,4.0,74.90303634866451,4.0,0.0,0.0,0.0,2.0
3763.0,add_cx,74.6485769205989,734.0,5.0,74.71184772066123,4.0,0.0,0.0,0.0,3.0
3764.0,add_rx,74.71184772066123,734.0,5.0,74.71184772066123,4.0,1.0,0.0,0.0,2.0
3765.0,add_ry,74.83206590626521,734.0,5.0,74.71184772066123,4.0,0.0,1.0,0.0,2.0
3766.0,add_rz,74.71184772066123,734.0,5.0,74.71184772066123,4.0,0.0,0.0,1.0,2.0
3767.0,delete,74.90821632347752,734.0,5.0,74.71184772066123,3.0,0.0,0.0,0.0,2.0
3768.0,swap,74.71117758590862,734.0,5.0,74.71184772066123,4.0,0.0,1.0,0.0,1.0
3769.0,add_rx,74.74297700642138,735.0,5.0,74.74297700642136,5.0,1.0,0.0,0.0,1.0
3770.0,add_cx,74.74297700642136,735.0,5.0,74.74297700642136,5.0,1.0,0.0,0.0,2.0
3771.0,add_rx,74.74297700642134,735.0,5.0,74.74297700642136,5.0,2.0,0.0,0.0,1.0
3772.0,add_ry,74.02987129975847,735.0,5.0,74.74297700642136,5.0,1.0,1.0,0.0,1.0
3773.0,add_rz,74.74065659457689,735.0,5.0,74.74297700642136,5.0,1.0,0.0,1.0,1.0
3774.0,delete,74.71184772066125,735.0,5.0,74.74297700642136,4.0,1.0,0.0,0.0,1.0
3775.0,swap,74.63529090005653,735.0,5.0,74.74297700642136,4.0,2.0,0.0,0.0,1.0
3776.0,swap,74.72500663546515,736.0,4.0,74.83065804583667,4.0,0.0,1.0,0.0,1.0
3777.0,swap,74.77568993013445,737.0,5.0,74.72500663546515,4.0,0.0,1.0,0.0,1.0
3778.0,add_cx,74.64404878855086,737.0,5.0,74.72500663546515,4.0,0.0,1.0,0.0,2.0
3779.0,add_rx,74.72500663546515,737.0,5.0,74.72500663546515,4.0,1.0,1.0,0.0,1.0
3780.0,add_ry,74.45624702351044,737.0,5.0,74.72500663546515,4.0,0.0,2.0,0.0,1.0
3781.0,add_rz,74.72500663546515,737.0,5.0,74.72500663546515,4.0,0.0,1.0,1.0,1.0
3782.0,delete,74.79154496741732,737.0,5.0,74.72500663546515,4.0,0.0,1.0,0.0,0.0
3783.0,swap,74.93809499652022,737.0,5.0,74.72500663546515,3.0,0.0,1.0,0.0,2.0
3784.0,change,74.82384606970847,738.0,4.0,74.7082461199242,5.0,0.0,1.0,0.0,1.0
3785.0,change,74.82824352760629,739.0,5.0,74.82384606970847,5.0,0.0,1.0,0.0,1.0
3786.0,add_cx,74.82384606970847,739.0,5.0,74.82384606970847,5.0,0.0,1.0,0.0,2.0
3787.0,add_rx,74.82384606970847,739.0,5.0,74.82384606970847,5.0,1.0,1.0,0.0,1.0
3788.0,add_ry,74.73348765860462,739.0,5.0,74.82384606970847,5.0,0.0,2.0,0.0,1.0
3789.0,add_rz,74.82384606970847,739.0,5.0,74.82384606970847,5.0,0.0,1.0,1.0,1.0
3790.0,delete,74.73058833482577,739.0,5.0,74.82384606970847,4.0,0.0,1.0,0.0,1.0
3791.0,swap,74.24156988997098,739.0,5.0,74.82384606970847,5.0,0.0,1.0,1.0,0.0
3792.0,swap,74.72672163921345,740.0,5.0,74.7217084237867,4.0,1.0,1.0,0.0,1.0
3793.0,add_cx,74.64825329408319,740.0,5.0,74.7217084237867,4.0,1.0,1.0,0.0,2.0
3794.0,add_rx,74.71068037741834,740.0,5.0,74.7217084237867,4.0,2.0,1.0,0.0,1.0
3795.0,add_ry,74.71958829977623,740.0,5.0,74.7217084237867,4.0,1.0,2.0,0.0,1.0
3796.0,add_rz,74.72084147501744,740.0,5.0,74.7217084237867,4.0,1.0,1.0,1.0,1.0
3797.0,delete,74.66396059841092,740.0,5.0,74.7217084237867,3.0,1.0,1.0,0.0,1.0
3798.0,swap,74.66396059841092,740.0,5.0,74.7217084237867,3.0,1.0,1.0,1.0,1.0
3799.0,delete,74.83288740379744,741.0,4.0,74.6123975869393,4.0,0.0,0.0,0.0,1.0
3800.0,add_cx,74.77297137600424,742.0,5.0,74.83288740379744,4.0,0.0,0.0,0.0,2.0
3801.0,add_rx,74.83153689239612,742.0,5.0,74.83288740379744,4.0,1.0,0.0,0.0,1.0
3802.0,add_ry,74.4875250260017,742.0,5.0,74.83288740379744,4.0,0.0,1.0,0.0,1.0
3803.0,add_rz,74.83288740379746,742.0,5.0,74.83288740379744,4.0,0.0,0.0,1.0,1.0
3804.0,delete,74.8067046523541,742.0,5.0,74.83288740379744,3.0,0.0,0.0,0.0,1.0
3805.0,swap,74.43903005869937,742.0,5.0,74.83288740379744,4.0,0.0,1.0,0.0,0.0
3806.0,swap,74.71233760452718,743.0,5.0,74.71233760452719,5.0,1.0,0.0,1.0,1.0
3807.0,add_cx,74.71233760452719,743.0,5.0,74.71233760452719,5.0,1.0,0.0,1.0,2.0
3808.0,add_rx,74.63616201565252,743.0,5.0,74.71233760452719,5.0,2.0,0.0,1.0,1.0
3809.0,add_ry,74.66149230861527,743.0,5.0,74.71233760452719,5.0,1.0,1.0,1.0,1.0
3810.0,add_rz,74.71355594192345,743.0,5.0,74.71233760452719,5.0,1.0,0.0,2.0,1.0
3811.0,delete,74.71184772066125,743.0,5.0,74.71233760452719,4.0,1.0,0.0,1.0,1.0
3812.0,swap,74.71184772066125,743.0,5.0,74.71233760452719,4.0,1.0,0.0,1.0,2.0
3813.0,delete,74.73994237358343,744.0,4.0,74.75421612746267,5.0,0.0,0.0,0.0,1.0
3814.0,add_cx,74.73994237358343,745.0,5.0,74.73994237358343,5.0,0.0,0.0,0.0,2.0
3815.0,add_rx,74.73994237358343,745.0,5.0,74.73994237358343,5.0,1.0,0.0,0.0,1.0
3816.0,add_ry,74.70295528184825,745.0,5.0,74.73994237358343,5.0,0.0,1.0,0.0,1.0
3817.0,add_rz,74.75648374433054,745.0,5.0,74.73994237358343,5.0,0.0,0.0,1.0,1.0
3818.0,delete,74.65399045576501,745.0,5.0,74.73994237358343,5.0,0.0,0.0,0.0,0.0
3819.0,swap,74.62064875875677,745.0,5.0,74.73994237358343,5.0,0.0,0.0,0.0,1.0
3820.0,swap,74.94612339819956,746.0,6.0,74.94612339819955,3.0,1.0,0.0,1.0,1.0
3821.0,add_cx,74.94612339819955,746.0,6.0,74.94612339819955,3.0,1.0,0.0,1.0,2.0
3822.0,add_rx,74.94915199862412,746.0,6.0,74.94612339819955,3.0,2.0,0.0,1.0,1.0
3823.0,add_ry,74.73974704886027,746.0,6.0,74.94612339819955,3.0,1.0,1.0,1.0,1.0
3824.0,add_rz,74.94612339819956,746.0,6.0,74.94612339819955,3.0,1.0,0.0,2.0,1.0
3825.0,delete,75.01974976898839,746.0,6.0,74.94612339819955,2.0,1.0,0.0,1.0,1.0
3826.0,swap,74.93434015666753,746.0,6.0,74.94612339819955,2.0,1.0,0.0,1.0,2.0
3827.0,swap,74.52482483630283,747.0,2.0,74.7241222225451,6.0,0.0,0.0,1.0,0.0
3828.0,swap,74.52482483630283,748.0,3.0,74.52482483630283,6.0,0.0,0.0,1.0,0.0
3829.0,add_cx,74.52482483630283,748.0,3.0,74.52482483630283,6.0,0.0,0.0,1.0,1.0
3830.0,add_rx,74.52482483630283,748.0,3.0,74.52482483630283,6.0,1.0,0.0,1.0,0.0
3831.0,add_ry,74.73114430167855,748.0,3.0,74.52482483630283,6.0,0.0,1.0,1.0,0.0
3832.0,add_rz,74.52482483630281,748.0,3.0,74.52482483630283,6.0,0.0,0.0,2.0,0.0
3833.0,delete,74.21306923586957,748.0,3.0,74.52482483630283,5.0,0.0,0.0,1.0,0.0
3834.0,swap,74.21306923586957,748.0,3.0,74.52482483630283,5.0,0.0,0.0,2.0,0.0
3835.0,swap,74.52482483630281,749.0,4.0,74.52482483630283,6.0,0.0,0.0,1.0,0.0
3836.0,add_cx,74.52482483630283,749.0,4.0,74.52482483630283,6.0,0.0,0.0,1.0,1.0
3837.0,add_rx,74.73751322781746,749.0,4.0,74.52482483630283,6.0,1.0,0.0,1.0,0.0
3838.0,add_ry,74.31358524007193,749.0,4.0,74.52482483630283,6.0,0.0,1.0,1.0,0.0
3839.0,add_rz,74.53014511304873,749.0,4.0,74.52482483630283,6.0,0.0,0.0,2.0,0.0
3840.0,delete,74.6588850610636,749.0,4.0,74.52482483630283,5.0,0.0,0.0,1.0,0.0
3841.0,swap,74.51501236114886,749.0,4.0,74.52482483630283,6.0,1.0,0.0,0.0,0.0
3842.0,add_ry,74.7605606751715,750.0,4.0,74.73114430167855,6.0,0.0,1.0,1.0,0.0
3843.0,add_cx,74.73114430167855,750.0,4.0,74.73114430167855,6.0,0.0,1.0,1.0,1.0
3844.0,add_rx,74.73114430167855,750.0,4.0,74.73114430167855,6.0,1.0,1.0,1.0,0.0
3845.0,add_ry,74.74526565163659,750.0,4.0,74.73114430167855,6.0,0.0,2.0,1.0,0.0
3846.0,add_rz,74.66351260074438,750.0,4.0,74.73114430167855,6.0,0.0,1.0,2.0,0.0
3847.0,delete,74.69709615869958,750.0,4.0,74.73114430167855,5.0,0.0,1.0,1.0,0.0
3848.0,swap,74.72179136437067,750.0,4.0,74.73114430167855,5.0,0.0,1.0,2.0,0.0
3849.0,delete,74.21306923586957,751.0,4.0,74.21306923586957,5.0,0.0,0.0,1.0,0.0
3850.0,add_cx,74.21306923586957,751.0,4.0,74.21306923586957,5.0,0.0,0.0,1.0,1.0
3851.0,add_rx,74.21306923586958,751.0,4.0,74.21306923586957,5.0,1.0,0.0,1.0,0.0
3852.0,add_ry,74.01814942820934,751.0,4.0,74.21306923586957,5.0,0.0,1.0,1.0,0.0
3853.0,add_rz,74.20733398812754,751.0,4.0,74.21306923586957,5.0,0.0,0.0,2.0,0.0
3854.0,delete,74.41496764541981,751.0,4.0,74.21306923586957,4.0,0.0,0.0,1.0,0.0
3855.0,swap,74.8466372158079,751.0,4.0,74.21306923586957,4.0,0.0,0.0,1.0,1.0
3856.0,delete,74.93744331228484,752.0,6.0,74.92680849022993,3.0,1.0,0.0,0.0,1.0
3857.0,add_cx,74.92680849022993,752.0,6.0,74.92680849022993,3.0,1.0,0.0,0.0,2.0
3858.0,add_rx,74.92680849022993,752.0,6.0,74.92680849022993,3.0,2.0,0.0,0.0,1.0
3859.0,add_ry,74.91202086501357,752.0,6.0,74.92680849022993,3.0,1.0,1.0,0.0,1.0
3860.0,add_rz,74.92681083744007,752.0,6.0,74.92680849022993,3.0,1.0,0.0,1.0,1.0
3861.0,delete,74.85089833414057,752.0,6.0,74.92680849022993,3.0,0.0,0.0,0.0,1.0
3862.0,swap,74.80281654871109,752.0,6.0,74.92680849022993,2.0,2.0,0.0,0.0,1.0
3863.0,swap,74.91706348401729,753.0,6.0,74.91698482594127,4.0,1.0,0.0,0.0,1.0
3864.0,add_cx,74.82152665140296,753.0,6.0,74.91698482594127,4.0,1.0,0.0,0.0,2.0
3865.0,add_rx,74.86985487845654,753.0,6.0,74.91698482594127,4.0,2.0,0.0,0.0,1.0
3866.0,add_ry,74.92225233702396,753.0,6.0,74.91698482594127,4.0,1.0,1.0,0.0,1.0
3867.0,add_rz,74.88710638131417,753.0,6.0,74.91698482594127,4.0,1.0,0.0,1.0,1.0
3868.0,delete,74.85735228813004,753.0,6.0,74.91698482594127,3.0,1.0,0.0,0.0,1.0
3869.0,swap,74.648103714031,753.0,6.0,74.91698482594127,4.0,0.0,1.0,0.0,1.0
3870.0,swap,74.87005345937793,754.0,4.0,74.83928959273284,4.0,0.0,0.0,1.0,1.0
3871.0,swap,74.87005345937793,755.0,5.0,74.87005345937793,4.0,0.0,0.0,1.0,1.0
3872.0,add_cx,74.87005345937793,755.0,5.0,74.87005345937793,4.0,0.0,0.0,1.0,2.0
3873.0,add_rx,74.87005345937793,755.0,5.0,74.87005345937793,4.0,1.0,0.0,1.0,1.0
3874.0,add_ry,74.71052092951369,755.0,5.0,74.87005345937793,4.0,0.0,1.0,1.0,1.0
3875.0,add_rz,74.87005345937793,755.0,5.0,74.87005345937793,4.0,0.0,0.0,2.0,1.0
3876.0,delete,74.4501310668286,755.0,5.0,74.87005345937793,4.0,0.0,0.0,1.0,0.0
3877.0,swap,74.87005345937793,755.0,5.0,74.87005345937793,4.0,0.0,0.0,0.0,2.0
3878.0,add_cx,74.4501310668286,756.0,6.0,74.87005345937793,4.0,0.0,0.0,0.0,3.0
3879.0,add_rx,74.82889044680364,756.0,6.0,74.87005345937793,4.0,1.0,0.0,0.0,2.0
3880.0,add_ry,74.48811126361318,756.0,6.0,74.87005345937793,4.0,0.0,1.0,0.0,2.0
3881.0,add_rz,74.87005345937793,756.0,6.0,74.87005345937793,4.0,0.0,0.0,1.0,2.0
3882.0,delete,74.87005345937793,756.0,6.0,74.87005345937793,4.0,0.0,0.0,0.0,1.0
3883.0,swap,74.44418870337705,756.0,6.0,74.87005345937793,4.0,0.0,1.0,0.0,1.0
3884.0,add_cx,74.83189059527837,757.0,6.0,74.90821632347752,3.0,0.0,0.0,0.0,3.0
3885.0,add_rx,74.90821632347752,757.0,6.0,74.90821632347752,3.0,1.0,0.0,0.0,2.0
3886.0,add_ry,74.90674462709164,757.0,6.0,74.90821632347752,3.0,0.0,1.0,0.0,2.0
3887.0,add_rz,74.90821632347752,757.0,6.0,74.90821632347752,3.0,0.0,0.0,1.0,2.0
3888.0,delete,74.74637401878098,757.0,6.0,74.90821632347752,2.0,0.0,0.0,0.0,2.0
3889.0,swap,74.63566028604127,757.0,6.0,74.90821632347752,3.0,0.0,0.0,1.0,1.0
3890.0,add_cx,74.92828320106567,758.0,6.0,74.92707231999152,4.0,1.0,0.0,0.0,2.0
3891.0,add_cx,74.95360212116903,758.0,6.0,74.92707231999152,4.0,1.0,0.0,0.0,3.0
3892.0,add_rx,74.90114474291676,758.0,6.0,74.92707231999152,4.0,2.0,0.0,0.0,2.0
3893.0,add_ry,74.57873686160954,758.0,6.0,74.92707231999152,4.0,1.0,1.0,0.0,2.0
3894.0,add_rz,74.9147923948182,758.0,6.0,74.92707231999152,4.0,1.0,0.0,1.0,2.0
3895.0,delete,74.91432146872806,758.0,6.0,74.92707231999152,4.0,1.0,0.0,0.0,1.0
3896.0,swap,74.52365408133745,758.0,6.0,74.92707231999152,3.0,1.0,0.0,0.0,3.0
3897.0,swap,74.8306444738359,759.0,5.0,74.92843532074231,4.0,0.0,1.0,0.0,1.0
3898.0,swap,74.87966458685364,760.0,6.0,74.93809499652022,3.0,0.0,1.0,0.0,2.0
3899.0,add_cx,74.88115985564914,760.0,6.0,74.93809499652022,3.0,0.0,1.0,0.0,3.0
3900.0,add_rx,74.9368203972426,760.0,6.0,74.93809499652022,3.0,1.0,1.0,0.0,2.0
3901.0,add_ry,74.83229558495196,760.0,6.0,74.93809499652022,3.0,0.0,2.0,0.0,2.0
3902.0,add_rz,74.95822616968297,760.0,6.0,74.93809499652022,3.0,0.0,1.0,1.0,2.0
3903.0,delete,74.92904508904496,760.0,6.0,74.93809499652022,3.0,0.0,0.0,0.0,2.0
3904.0,swap,74.71231299912961,760.0,6.0,74.93809499652022,2.0,0.0,2.0,0.0,2.0
3905.0,swap,74.84915420630165,761.0,6.0,74.8306444738359,4.0,0.0,1.0,0.0,1.0
3906.0,add_cx,74.8306444738359,761.0,6.0,74.8306444738359,4.0,0.0,1.0,0.0,2.0
3907.0,add_rx,74.83904592899613,761.0,6.0,74.8306444738359,4.0,1.0,1.0,0.0,1.0
3908.0,add_ry,74.88687256859447,761.0,6.0,74.8306444738359,4.0,0.0,2.0,0.0,1.0
3909.0,add_rz,74.824670221657,761.0,6.0,74.8306444738359,4.0,0.0,1.0,1.0,1.0
3910.0,delete,74.87414773696426,761.0,6.0,74.8306444738359,3.0,0.0,1.0,0.0,1.0
3911.0,swap,74.83471246207179,761.0,6.0,74.8306444738359,3.0,0.0,1.0,1.0,1.0
3912.0,swap,74.71417275149122,762.0,6.0,74.71117758590862,4.0,0.0,1.0,0.0,1.0
3913.0,add_cx,74.71117758590862,762.0,6.0,74.71117758590862,4.0,0.0,1.0,0.0,2.0
3914.0,add_rx,74.6263389421753,762.0,6.0,74.71117758590862,4.0,1.0,1.0,0.0,1.0
3915.0,add_ry,74.25727511006512,762.0,6.0,74.71117758590862,4.0,0.0,2.0,0.0,1.0
3916.0,add_rz,74.70859450571675,762.0,6.0,74.71117758590862,4.0,0.0,1.0,1.0,1.0
3917.0,delete,74.78646974319054,762.0,6.0,74.71117758590862,4.0,0.0,0.0,0.0,1.0
3918.0,swap,74.45511518992424,762.0,6.0,74.71117758590862,3.0,1.0,1.0,0.0,1.0
3919.0,add_rz,74.74287559645751,763.0,5.0,74.74280693931266,5.0,0.0,0.0,1.0,1.0
3920.0,add_cx,74.74280693931266,763.0,5.0,74.74280693931266,5.0,0.0,0.0,1.0,2.0
3921.0,add_rx,74.0468725232532,763.0,5.0,74.74280693931266,5.0,1.0,0.0,1.0,1.0
3922.0,add_ry,74.65400883038811,763.0,5.0,74.74280693931266,5.0,0.0,1.0,1.0,1.0
3923.0,add_rz,74.74217523274399,763.0,5.0,74.74280693931266,5.0,0.0,0.0,2.0,1.0
3924.0,delete,74.88225305361938,763.0,5.0,74.74280693931266,4.0,0.0,0.0,1.0,1.0
3925.0,swap,74.85993962227414,763.0,5.0,74.74280693931266,4.0,1.0,0.0,1.0,1.0
3926.0,delete,74.65399045576501,764.0,4.0,74.66485875246539,5.0,0.0,0.0,0.0,0.0
3927.0,add_ry,74.86970176138347,765.0,4.0,74.75032167609956,5.0,0.0,1.0,0.0,1.0
3928.0,add_ry,74.86696065120553,766.0,5.0,74.86970176138347,5.0,0.0,1.0,0.0,1.0
3929.0,add_cx,74.86970176138347,766.0,5.0,74.86970176138347,5.0,0.0,1.0,0.0,2.0
3930.0,add_rx,74.86941684410887,766.0,5.0,74.86970176138347,5.0,1.0,1.0,0.0,1.0
3931.0,add_ry,74.92966442422238,766.0,5.0,74.86970176138347,5.0,0.0,2.0,0.0,1.0
3932.0,add_rz,74.86970176138347,766.0,5.0,74.86970176138347,5.0,0.0,1.0,1.0,1.0
3933.0,delete,74.81459674952507,766.0,5.0,74.86970176138347,4.0,0.0,1.0,0.0,1.0
3934.0,swap,74.75747799002714,766.0,5.0,74.86970176138347,4.0,0.0,1.0,1.0,1.0
3935.0,add_rx,74.22981831370947,767.0,5.0,74.2289398613739,5.0,1.0,0.0,0.0,1.0
3936.0,add_cx,74.2289398613739,767.0,5.0,74.2289398613739,5.0,1.0,0.0,0.0,2.0
3937.0,add_rx,74.3281669254113,767.0,5.0,74.2289398613739,5.0,2.0,0.0,0.0,1.0
3938.0,add_ry,74.08646019555667,767.0,5.0,74.2289398613739,5.0,1.0,1.0,0.0,1.0
3939.0,add_rz,74.22289504007138,767.0,5.0,74.2289398613739,5.0,1.0,0.0,1.0,1.0
3940.0,delete,74.82382424862024,767.0,5.0,74.2289398613739,5.0,0.0,0.0,0.0,1.0
3941.0,swap,74.35810403676285,767.0,5.0,74.2289398613739,4.0,1.0,0.0,0.0,2.0
3942.0,delete,74.9383594423457,768.0,6.0,74.94527072189891,3.0,0.0,2.0,0.0,1.0
3943.0,add_cx,74.94527072189891,768.0,6.0,74.94527072189891,3.0,0.0,2.0,0.0,2.0
3944.0,add_rx,74.9957379084033,768.0,6.0,74.94527072189891,3.0,1.0,2.0,0.0,1.0
3945.0,add_ry,74.67106798254709,768.0,6.0,74.94527072189891,3.0,0.0,3.0,0.0,1.0
3946.0,add_rz,74.94527072189888,768.0,6.0,74.94527072189891,3.0,0.0,2.0,1.0,1.0
3947.0,delete,74.98906298132687,768.0,6.0,74.94527072189891,2.0,0.0,2.0,0.0,1.0
3948.0,swap,74.83470612500996,768.0,6.0,74.94527072189891,3.0,1.0,1.0,0.0,1.0
3949.0,swap,74.80841487338392,769.0,5.0,74.89262423391752,3.0,0.0,2.0,0.0,2.0
3950.0,delete,75.08481556977152,770.0,7.0,75.11708706174254,3.0,0.0,1.0,0.0,1.0
3951.0,add_cx,75.11708706174254,770.0,7.0,75.11708706174254,3.0,0.0,1.0,0.0,2.0
3952.0,add_rx,75.0722984772775,770.0,7.0,75.11708706174254,3.0,1.0,1.0,0.0,1.0
3953.0,add_ry,75.09026894382865,770.0,7.0,75.11708706174254,3.0,0.0,2.0,0.0,1.0
3954.0,add_rz,75.11708706174254,770.0,7.0,75.11708706174254,3.0,0.0,1.0,1.0,1.0
3955.0,delete,74.58233567358658,770.0,7.0,75.11708706174254,3.0,0.0,1.0,0.0,0.0
3956.0,swap,74.18334130251243,770.0,7.0,75.11708706174254,2.0,0.0,2.0,0.0,1.0
3957.0,swap,74.8198442120017,771.0,6.0,74.80841487338392,3.0,0.0,2.0,0.0,2.0
3958.0,add_cx,74.71892796944977,771.0,6.0,74.80841487338392,3.0,0.0,2.0,0.0,3.0
3959.0,add_rx,74.61617598287049,771.0,6.0,74.80841487338392,3.0,1.0,2.0,0.0,2.0
3960.0,add_ry,74.69354030889022,771.0,6.0,74.80841487338392,3.0,0.0,3.0,0.0,2.0
3961.0,add_rz,74.80819502441338,771.0,6.0,74.80841487338392,3.0,0.0,2.0,1.0,2.0
3962.0,delete,74.94106301381956,771.0,6.0,74.80841487338392,3.0,0.0,1.0,0.0,2.0
3963.0,swap,74.80148822946687,771.0,6.0,74.80841487338392,3.0,1.0,1.0,0.0,2.0
3964.0,swap,74.0499319158787,772.0,4.0,74.82865761088486,5.0,0.0,1.0,1.0,0.0
3965.0,change,74.81544651269108,773.0,4.0,74.7968834396282,5.0,0.0,1.0,0.0,1.0
3966.0,change,74.81713166439465,774.0,5.0,74.81544651269108,5.0,0.0,1.0,0.0,1.0
3967.0,add_cx,74.86598995608696,774.0,5.0,74.81544651269108,5.0,0.0,1.0,0.0,2.0
3968.0,add_rx,74.50494294825474,774.0,5.0,74.81544651269108,5.0,1.0,1.0,0.0,1.0
3969.0,add_ry,74.95695270808416,774.0,5.0,74.81544651269108,5.0,0.0,2.0,0.0,1.0
3970.0,add_rz,74.78289100225884,774.0,5.0,74.81544651269108,5.0,0.0,1.0,1.0,1.0
3971.0,delete,74.62725762559347,774.0,5.0,74.81544651269108,4.0,0.0,1.0,0.0,1.0
3972.0,swap,74.97554661871197,774.0,5.0,74.81544651269108,4.0,1.0,1.0,0.0,1.0
3973.0,delete,74.88367806706572,775.0,6.0,74.87975469489359,4.0,0.0,1.0,0.0,1.0
3974.0,add_cx,74.87975469489359,775.0,6.0,74.87975469489359,4.0,0.0,1.0,0.0,2.0
3975.0,add_rx,74.79146064925284,775.0,6.0,74.87975469489359,4.0,1.0,1.0,0.0,1.0
3976.0,add_ry,74.69865787754016,775.0,6.0,74.87975469489359,4.0,0.0,2.0,0.0,1.0
3977.0,add_rz,74.8797546948936,775.0,6.0,74.87975469489359,4.0,0.0,1.0,1.0,1.0
3978.0,delete,74.79229513348281,775.0,6.0,74.87975469489359,3.0,0.0,1.0,0.0,1.0
3979.0,swap,74.30781201909271,775.0,6.0,74.87975469489359,3.0,1.0,1.0,0.0,1.0
3980.0,swap,74.97556719624079,776.0,6.0,74.97554661871197,4.0,1.0,1.0,0.0,1.0
3981.0,add_cx,74.60325946797325,776.0,6.0,74.97554661871197,4.0,1.0,1.0,0.0,2.0
3982.0,add_rx,74.83902531250655,776.0,6.0,74.97554661871197,4.0,2.0,1.0,0.0,1.0
3983.0,add_ry,74.96672480627821,776.0,6.0,74.97554661871197,4.0,1.0,2.0,0.0,1.0
3984.0,add_rz,74.97588560384574,776.0,6.0,74.97554661871197,4.0,1.0,1.0,1.0,1.0
3985.0,delete,74.85267820064126,776.0,6.0,74.97554661871197,3.0,1.0,1.0,0.0,1.0
3986.0,swap,74.8594383224817,776.0,6.0,74.97554661871197,3.0,2.0,1.0,0.0,1.0
3987.0,change,74.81918273544387,777.0,6.0,74.81713166439465,5.0,0.0,1.0,0.0,1.0
3988.0,add_cx,74.81713166439465,777.0,6.0,74.81713166439465,5.0,0.0,1.0,0.0,2.0
3989.0,add_rx,74.81706175615557,777.0,6.0,74.81713166439465,5.0,1.0,1.0,0.0,1.0
3990.0,add_ry,74.81545091547822,777.0,6.0,74.81713166439465,5.0,0.0,2.0,0.0,1.0
3991.0,add_rz,74.81969105616612,777.0,6.0,74.81713166439465,5.0,0.0,1.0,1.0,1.0
3992.0,delete,74.62677313080097,777.0,6.0,74.81713166439465,4.0,0.0,1.0,0.0,1.0
3993.0,swap,74.87819282022382,777.0,6.0,74.81713166439465,4.0,1.0,1.0,0.0,1.0
3994.0,swap,74.81699991785831,778.0,3.0,74.76508854430057,5.0,0.0,0.0,1.0,1.0
3995.0,swap,74.81699991785831,779.0,4.0,74.81699991785831,5.0,0.0,0.0,1.0,1.0
3996.0,add_cx,74.70829805162683,779.0,4.0,74.81699991785831,5.0,0.0,0.0,1.0,2.0
3997.0,add_rx,74.78017638940726,779.0,4.0,74.81699991785831,5.0,1.0,0.0,1.0,1.0
3998.0,add_ry,74.62329562526989,779.0,4.0,74.81699991785831,5.0,0.0,1.0,1.0,1.0
3999.0,add_rz,74.81699991785831,779.0,4.0,74.81699991785831,5.0,0.0,0.0,2.0,1.0
4000.0,delete,74.87005345937793,779.0,4.0,74.81699991785831,4.0,0.0,0.0,1.0,1.0
4001.0,swap,74.75069599784379,779.0,4.0,74.81699991785831,5.0,0.0,0.0,0.0,2.0
4002.0,delete,74.87005345937793,780.0,5.0,74.87005345937793,4.0,0.0,0.0,1.0,1.0
4003.0,add_cx,74.87005345937793,780.0,5.0,74.87005345937793,4.0,0.0,0.0,1.0,2.0
4004.0,add_rx,74.76234204129452,780.0,5.0,74.87005345937793,4.0,1.0,0.0,1.0,1.0
4005.0,add_ry,74.63701086368148,780.0,5.0,74.87005345937793,4.0,0.0,1.0,1.0,1.0
4006.0,add_rz,74.87005345937791,780.0,5.0,74.87005345937793,4.0,0.0,0.0,2.0,1.0
4007.0,delete,74.45013106682862,780.0,5.0,74.87005345937793,4.0,0.0,0.0,1.0,0.0
4008.0,swap,74.528877021795,780.0,5.0,74.87005345937793,4.0,0.0,1.0,1.0,0.0
4009.0,swap,74.81699991785831,781.0,5.0,74.81699991785831,5.0,0.0,0.0,1.0,1.0
4010.0,add_cx,74.21306923586957,781.0,5.0,74.81699991785831,5.0,0.0,0.0,1.0,2.0
4011.0,add_rx,74.81699991785831,781.0,5.0,74.81699991785831,5.0,1.0,0.0,1.0,1.0
4012.0,add_ry,74.72721589412524,781.0,5.0,74.81699991785831,5.0,0.0,1.0,1.0,1.0
4013.0,add_rz,74.8169999178583,781.0,5.0,74.81699991785831,5.0,0.0,0.0,2.0,1.0
4014.0,delete,74.89029117257263,781.0,5.0,74.81699991785831,4.0,0.0,0.0,1.0,1.0
4015.0,swap,74.81699991785831,781.0,5.0,74.81699991785831,5.0,0.0,0.0,1.0,1.0
4016.0,add_cx,74.75069599784379,782.0,5.0,74.75069599784379,5.0,0.0,0.0,0.0,3.0
4017.0,add_rx,74.7506959978438,782.0,5.0,74.75069599784379,5.0,1.0,0.0,0.0,2.0
4018.0,add_ry,74.83431359514898,782.0,5.0,74.75069599784379,5.0,0.0,1.0,0.0,2.0
4019.0,add_rz,74.7506959978438,782.0,5.0,74.75069599784379,5.0,0.0,0.0,1.0,2.0
4020.0,delete,74.14676531585506,782.0,5.0,74.75069599784379,5.0,0.0,0.0,0.0,1.0
4021.0,swap,74.79282690845923,782.0,5.0,74.75069599784379,4.0,1.0,0.0,0.0,2.0
4022.0,add_rz,74.81699991785831,783.0,5.0,74.81699991785831,5.0,0.0,0.0,2.0,1.0
4023.0,add_cx,74.81699991785831,783.0,5.0,74.81699991785831,5.0,0.0,0.0,2.0,2.0
4024.0,add_rx,74.81699991785831,783.0,5.0,74.81699991785831,5.0,1.0,0.0,2.0,1.0
4025.0,add_ry,74.61422049854777,783.0,5.0,74.81699991785831,5.0,0.0,1.0,2.0,1.0
4026.0,add_rz,74.75986501038795,783.0,5.0,74.81699991785831,5.0,0.0,0.0,3.0,1.0
4027.0,delete,74.81699991785831,783.0,5.0,74.81699991785831,5.0,0.0,0.0,1.0,1.0
4028.0,swap,74.53946652371677,783.0,5.0,74.81699991785831,5.0,1.0,0.0,1.0,1.0
4029.0,change,74.81699991785831,784.0,4.0,74.73944698648236,5.0,0.0,0.0,1.0,1.0
4030.0,change,74.81699991785831,785.0,5.0,74.81699991785831,5.0,0.0,0.0,1.0,1.0
4031.0,add_cx,74.81699991785831,785.0,5.0,74.81699991785831,5.0,0.0,0.0,1.0,2.0
4032.0,add_rx,74.81699991785831,785.0,5.0,74.81699991785831,5.0,1.0,0.0,1.0,1.0
4033.0,add_ry,74.85158854535067,785.0,5.0,74.81699991785831,5.0,0.0,1.0,1.0,1.0
4034.0,add_rz,74.81700555044654,785.0,5.0,74.81699991785831,5.0,0.0,0.0,2.0,1.0
4035.0,delete,74.87005345937793,785.0,5.0,74.81699991785831,4.0,0.0,0.0,1.0,1.0
4036.0,swap,74.89162985132778,785.0,5.0,74.81699991785831,4.0,0.0,0.0,1.0,2.0
4037.0,delete,74.89029117257265,786.0,4.0,74.73232185388892,4.0,0.0,0.0,1.0,1.0
4038.0,delete,74.89029117257265,787.0,5.0,74.89029117257265,4.0,0.0,0.0,1.0,1.0
4039.0,add_cx,74.89029117257265,787.0,5.0,74.89029117257265,4.0,0.0,0.0,1.0,2.0
4040.0,add_rx,74.87820510836141,787.0,5.0,74.89029117257265,4.0,1.0,0.0,1.0,1.0
4041.0,add_ry,74.9041925026744,787.0,5.0,74.89029117257265,4.0,0.0,1.0,1.0,1.0
4042.0,add_rz,74.85592814501943,787.0,5.0,74.89029117257265,4.0,0.0,0.0,2.0,1.0
4043.0,delete,74.89029117257263,787.0,5.0,74.89029117257265,4.0,0.0,0.0,0.0,1.0
4044.0,swap,74.84362103521892,787.0,5.0,74.89029117257265,3.0,0.0,0.0,2.0,1.0
4045.0,delete,74.83288740379744,788.0,4.0,74.80635539454227,4.0,0.0,0.0,1.0,1.0
4046.0,delete,74.83288740379743,789.0,5.0,74.83288740379744,4.0,0.0,0.0,1.0,1.0
4047.0,add_cx,74.56480190817508,789.0,5.0,74.83288740379744,4.0,0.0,0.0,1.0,2.0
4048.0,add_rx,74.69264220930457,789.0,5.0,74.83288740379744,4.0,1.0,0.0,1.0,1.0
4049.0,add_ry,74.83253561428471,789.0,5.0,74.83288740379744,4.0,0.0,1.0,1.0,1.0
4050.0,add_rz,74.83288740379744,789.0,5.0,74.83288740379744,4.0,0.0,0.0,2.0,1.0
4051.0,delete,74.81186105339027,789.0,5.0,74.83288740379744,3.0,0.0,0.0,1.0,1.0
4052.0,swap,74.81186105339026,789.0,5.0,74.83288740379744,3.0,1.0,0.0,1.0,1.0
4053.0,change,74.81699991785831,790.0,4.0,74.78836581061218,5.0,0.0,0.0,1.0,1.0
4054.0,swap,74.81699991785831,791.0,4.0,74.6823842586912,5.0,0.0,0.0,1.0,1.0
4055.0,change,74.81699991785831,792.0,5.0,74.81699991785831,5.0,0.0,0.0,1.0,1.0
4056.0,add_cx,74.81699991785831,792.0,5.0,74.81699991785831,5.0,0.0,0.0,1.0,2.0
4057.0,add_rx,74.7878445804784,792.0,5.0,74.81699991785831,5.0,1.0,0.0,1.0,1.0
4058.0,add_ry,74.70298446615159,792.0,5.0,74.81699991785831,5.0,0.0,1.0,1.0,1.0
4059.0,add_rz,74.81699991785831,792.0,5.0,74.81699991785831,5.0,0.0,0.0,2.0,1.0
4060.0,delete,74.87005345937793,792.0,5.0,74.81699991785831,4.0,0.0,0.0,1.0,1.0
4061.0,swap,74.82600219867196,792.0,5.0,74.81699991785831,4.0,0.0,0.0,2.0,1.0
4062.0,swap,74.81699991785831,793.0,5.0,74.81699991785831,5.0,0.0,0.0,1.0,1.0
4063.0,add_cx,74.7082980516268,793.0,5.0,74.81699991785831,5.0,0.0,0.0,1.0,2.0
4064.0,add_rx,74.81699991785831,793.0,5.0,74.81699991785831,5.0,1.0,0.0,1.0,1.0
4065.0,add_ry,74.80953894885434,793.0,5.0,74.81699991785831,5.0,0.0,1.0,1.0,1.0
4066.0,add_rz,74.81699991785831,793.0,5.0,74.81699991785831,5.0,0.0,0.0,2.0,1.0
4067.0,delete,74.81699991785831,793.0,5.0,74.81699991785831,5.0,0.0,0.0,0.0,1.0
4068.0,swap,74.875280425856,793.0,5.0,74.81699991785831,4.0,0.0,0.0,2.0,1.0
4069.0,add_rx,74.77632697308574,794.0,5.0,74.78017638940726,5.0,1.0,0.0,1.0,1.0
4070.0,add_cx,74.78017638940726,794.0,5.0,74.78017638940726,5.0,1.0,0.0,1.0,2.0
4071.0,add_rx,74.78017638940729,794.0,5.0,74.78017638940726,5.0,2.0,0.0,1.0,1.0
4072.0,add_ry,74.4556608081701,794.0,5.0,74.78017638940726,5.0,1.0,1.0,1.0,1.0
4073.0,add_rz,74.78314372186487,794.0,5.0,74.78017638940726,5.0,1.0,0.0,2.0,1.0
4074.0,delete,74.83260628854836,794.0,5.0,74.78017638940726,4.0,1.0,0.0,1.0,1.0
4075.0,swap,74.68417520530014,794.0,5.0,74.78017638940726,4.0,2.0,0.0,1.0,1.0
4076.0,delete,74.89029117257265,795.0,6.0,74.89029117257265,4.0,0.0,0.0,1.0,1.0
4077.0,add_cx,74.89029117257265,795.0,6.0,74.89029117257265,4.0,0.0,0.0,1.0,2.0
4078.0,add_rx,74.88160220742151,795.0,6.0,74.89029117257265,4.0,1.0,0.0,1.0,1.0
4079.0,add_ry,74.87768041958442,795.0,6.0,74.89029117257265,4.0,0.0,1.0,1.0,1.0
4080.0,add_rz,74.88103363849011,795.0,6.0,74.89029117257265,4.0,0.0,0.0,2.0,1.0
4081.0,delete,74.8574562368049,795.0,6.0,74.89029117257265,3.0,0.0,0.0,1.0,1.0
4082.0,swap,74.44337724194759,795.0,6.0,74.89029117257265,4.0,0.0,0.0,1.0,1.0
4083.0,swap,74.86407488826384,796.0,4.0,74.75032045509782,4.0,0.0,0.0,2.0,1.0
4084.0,swap,74.86543748511065,797.0,5.0,74.86407488826384,4.0,0.0,0.0,2.0,1.0
4085.0,add_cx,74.86407488826384,797.0,5.0,74.86407488826384,4.0,0.0,0.0,2.0,2.0
4086.0,add_rx,74.86407488826386,797.0,5.0,74.86407488826384,4.0,1.0,0.0,2.0,1.0
4087.0,add_ry,74.85698988595962,797.0,5.0,74.86407488826384,4.0,0.0,1.0,2.0,1.0
4088.0,add_rz,74.86407488826386,797.0,5.0,74.86407488826384,4.0,0.0,0.0,3.0,1.0
4089.0,delete,74.86407488826387,797.0,5.0,74.86407488826384,4.0,0.0,0.0,1.0,1.0
4090.0,swap,74.79765597171149,797.0,5.0,74.86407488826384,3.0,0.0,1.0,2.0,1.0
4091.0,swap,74.89162985132778,798.0,6.0,74.89162985132778,4.0,0.0,0.0,1.0,2.0
4092.0,add_cx,74.43574992513074,798.0,6.0,74.89162985132778,4.0,0.0,0.0,1.0,3.0
4093.0,add_rx,74.89011756908293,798.0,6.0,74.89162985132778,4.0,1.0,0.0,1.0,2.0
4094.0,add_ry,74.90099712409292,798.0,6.0,74.89162985132778,4.0,0.0,1.0,1.0,2.0
4095.0,add_rz,74.8537806816899,798.0,6.0,74.89162985132778,4.0,0.0,0.0,2.0,2.0
4096.0,delete,74.84257709514857,798.0,6.0,74.89162985132778,3.0,0.0,0.0,1.0,2.0
4097.0,swap,74.8812918849408,798.0,6.0,74.89162985132778,3.0,1.0,0.0,1.0,2.0
4098.0,swap,74.86543748511066,799.0,6.0,74.86543748511065,4.0,0.0,0.0,2.0,1.0
4099.0,add_cx,74.86543748511065,799.0,6.0,74.86543748511065,4.0,0.0,0.0,2.0,2.0
4100.0,add_rx,74.75248300439836,799.0,6.0,74.86543748511065,4.0,1.0,0.0,2.0,1.0
4101.0,add_ry,74.85925586545247,799.0,6.0,74.86543748511065,4.0,0.0,1.0,2.0,1.0
4102.0,add_rz,74.86543748511065,799.0,6.0,74.86543748511065,4.0,0.0,0.0,3.0,1.0
4103.0,delete,74.41852355448562,799.0,6.0,74.86543748511065,4.0,0.0,0.0,2.0,0.0
4104.0,swap,74.84362103521886,799.0,6.0,74.86543748511065,3.0,0.0,0.0,3.0,1.0
4105.0,add_cx,74.64117264919724,800.0,6.0,74.89029117257263,4.0,0.0,0.0,0.0,2.0
4106.0,add_rx,74.8427689110694,800.0,6.0,74.89029117257263,4.0,1.0,0.0,0.0,1.0
4107.0,add_ry,74.87989750828035,800.0,6.0,74.89029117257263,4.0,0.0,1.0,0.0,1.0
4108.0,add_rz,74.89029117257265,800.0,6.0,74.89029117257263,4.0,0.0,0.0,1.0,1.0
4109.0,delete,74.87113737845459,800.0,6.0,74.89029117257263,3.0,0.0,0.0,0.0,1.0
4110.0,swap,74.78650384701822,800.0,6.0,74.89029117257263,4.0,1.0,0.0,0.0,0.0
4111.0,delete,74.87005345937793,801.0,6.0,74.87005345937793,4.0,0.0,0.0,1.0,1.0
4112.0,add_cx,74.6976424563242,801.0,6.0,74.87005345937793,4.0,0.0,0.0,1.0,2.0
4113.0,add_rx,74.72806978471885,801.0,6.0,74.87005345937793,4.0,1.0,0.0,1.0,1.0
4114.0,add_ry,74.48782124624614,801.0,6.0,74.87005345937793,4.0,0.0,1.0,1.0,1.0
4115.0,add_rz,74.87005345937796,801.0,6.0,74.87005345937793,4.0,0.0,0.0,2.0,1.0
4116.0,delete,74.45013106682862,801.0,6.0,74.87005345937793,4.0,0.0,0.0,1.0,0.0
4117.0,swap,74.8436210352189,801.0,6.0,74.87005345937793,3.0,1.0,0.0,1.0,1.0
4118.0,delete,74.83288740379743,802.0,6.0,74.83288740379743,4.0,0.0,0.0,1.0,1.0
4119.0,add_cx,74.71249055012983,802.0,6.0,74.83288740379743,4.0,0.0,0.0,1.0,2.0
4120.0,add_rx,74.7131629501668,802.0,6.0,74.83288740379743,4.0,1.0,0.0,1.0,1.0
4121.0,add_ry,74.84302577213046,802.0,6.0,74.83288740379743,4.0,0.0,1.0,1.0,1.0
4122.0,add_rz,74.83288740379743,802.0,6.0,74.83288740379743,4.0,0.0,0.0,2.0,1.0
4123.0,delete,74.9082163234775,802.0,6.0,74.83288740379743,3.0,0.0,0.0,1.0,1.0
4124.0,swap,74.84663721580785,802.0,6.0,74.83288740379743,4.0,0.0,0.0,1.0,1.0
4125.0,swap,74.875280425856,803.0,6.0,74.875280425856,4.0,0.0,0.0,2.0,1.0
4126.0,add_cx,74.41496764541978,803.0,6.0,74.875280425856,4.0,0.0,0.0,2.0,2.0
4127.0,add_rx,74.74680500218838,803.0,6.0,74.875280425856,4.0,1.0,0.0,2.0,1.0
4128.0,add_ry,74.78307708988542,803.0,6.0,74.875280425856,4.0,0.0,1.0,2.0,1.0
4129.0,add_rz,74.875280425856,803.0,6.0,74.875280425856,4.0,0.0,0.0,3.0,1.0
4130.0,delete,74.84483029123464,803.0,6.0,74.875280425856,3.0,0.0,0.0,2.0,1.0
4131.0,swap,74.3945155076266,803.0,6.0,74.875280425856,4.0,0.0,0.0,2.0,1.0
4132.0,add_cx,74.7082980516268,804.0,5.0,74.70829805162683,5.0,0.0,0.0,1.0,2.0
4133.0,add_cx,74.70829805162683,804.0,5.0,74.70829805162683,5.0,0.0,0.0,1.0,3.0
4134.0,add_rx,74.70829805162683,804.0,5.0,74.70829805162683,5.0,1.0,0.0,1.0,2.0
4135.0,add_ry,74.82446415800818,804.0,5.0,74.70829805162683,5.0,0.0,1.0,1.0,2.0
4136.0,add_rz,74.7082980516268,804.0,5.0,74.70829805162683,5.0,0.0,0.0,2.0,2.0
4137.0,delete,74.84276700414654,804.0,5.0,74.70829805162683,5.0,0.0,0.0,1.0,1.0
4138.0,swap,74.79459371134479,804.0,5.0,74.70829805162683,4.0,0.0,1.0,1.0,2.0
4139.0,delete,74.81699991785831,805.0,4.0,74.80538321677062,5.0,0.0,0.0,0.0,1.0
4140.0,add_cx,74.81699991785831,806.0,5.0,74.81699991785831,5.0,0.0,0.0,0.0,2.0
4141.0,add_rx,74.77554300813384,806.0,5.0,74.81699991785831,5.0,1.0,0.0,0.0,1.0
4142.0,add_ry,74.78140605563748,806.0,5.0,74.81699991785831,5.0,0.0,1.0,0.0,1.0
4143.0,add_rz,74.81699991785831,806.0,5.0,74.81699991785831,5.0,0.0,0.0,1.0,1.0
4144.0,delete,74.87005345937793,806.0,5.0,74.81699991785831,4.0,0.0,0.0,0.0,1.0
4145.0,swap,74.21306923586957,806.0,5.0,74.81699991785831,5.0,0.0,0.0,1.0,0.0
4146.0,delete,74.87005345937793,807.0,6.0,74.87005345937793,4.0,0.0,0.0,1.0,1.0
4147.0,add_cx,74.87005345937793,807.0,6.0,74.87005345937793,4.0,0.0,0.0,1.0,2.0
4148.0,add_rx,74.86706166678069,807.0,6.0,74.87005345937793,4.0,1.0,0.0,1.0,1.0
4149.0,add_ry,74.68577777138518,807.0,6.0,74.87005345937793,4.0,0.0,1.0,1.0,1.0
4150.0,add_rz,74.82994709214856,807.0,6.0,74.87005345937793,4.0,0.0,0.0,2.0,1.0
4151.0,delete,74.7782579359577,807.0,6.0,74.87005345937793,3.0,0.0,0.0,1.0,1.0
4152.0,swap,74.77825793595771,807.0,6.0,74.87005345937793,3.0,0.0,0.0,2.0,1.0
4153.0,add_cx,74.87005345937793,808.0,6.0,74.87005345937793,4.0,0.0,0.0,0.0,2.0
4154.0,add_rx,74.87005345937793,808.0,6.0,74.87005345937793,4.0,1.0,0.0,0.0,1.0
4155.0,add_ry,74.48033626079835,808.0,6.0,74.87005345937793,4.0,0.0,1.0,0.0,1.0
4156.0,add_rz,74.87005345937793,808.0,6.0,74.87005345937793,4.0,0.0,0.0,1.0,1.0
4157.0,delete,74.81901650292454,808.0,6.0,74.87005345937793,3.0,0.0,0.0,0.0,1.0
4158.0,swap,74.81901650292453,808.0,6.0,74.87005345937793,3.0,0.0,0.0,1.0,1.0
4159.0,change,74.81699991785831,809.0,4.0,74.78648185125333,5.0,0.0,0.0,1.0,1.0
4160.0,add_ry,74.62329562526989,810.0,5.0,74.62329562526989,5.0,0.0,1.0,1.0,1.0
4161.0,add_cx,74.62329562526989,810.0,5.0,74.62329562526989,5.0,0.0,1.0,1.0,2.0
4162.0,add_rx,74.69855744718163,810.0,5.0,74.62329562526989,5.0,1.0,1.0,1.0,1.0
4163.0,add_ry,74.73210943206331,810.0,5.0,74.62329562526989,5.0,0.0,2.0,1.0,1.0
4164.0,add_rz,74.61825152319247,810.0,5.0,74.62329562526989,5.0,0.0,1.0,2.0,1.0
4165.0,delete,74.69000193502944,810.0,5.0,74.62329562526989,4.0,0.0,1.0,1.0,1.0
4166.0,swap,74.61484060375732,810.0,5.0,74.62329562526989,4.0,0.0,2.0,1.0,1.0
4167.0,change,74.8169999178583,811.0,5.0,74.81699991785831,5.0,0.0,0.0,1.0,1.0
4168.0,add_cx,74.81699991785831,811.0,5.0,74.81699991785831,5.0,0.0,0.0,1.0,2.0
4169.0,add_rx,74.21523632921492,811.0,5.0,74.81699991785831,5.0,1.0,0.0,1.0,1.0
4170.0,add_ry,74.37005556627625,811.0,5.0,74.81699991785831,5.0,0.0,1.0,1.0,1.0
4171.0,add_rz,74.81946845770085,811.0,5.0,74.81699991785831,5.0,0.0,0.0,2.0,1.0
4172.0,delete,74.89029117257265,811.0,5.0,74.81699991785831,4.0,0.0,0.0,1.0,1.0
4173.0,swap,74.81699991785831,811.0,5.0,74.81699991785831,5.0,0.0,0.0,1.0,1.0
4174.0,delete,74.15421015973415,812.0,5.0,74.21774377494506,5.0,0.0,1.0,0.0,0.0
4175.0,add_cx,74.81816000226088,812.0,5.0,74.21774377494506,5.0,0.0,1.0,0.0,1.0
4176.0,add_rx,74.21774377494506,812.0,5.0,74.21774377494506,5.0,1.0,1.0,0.0,0.0
4177.0,add_ry,74.53892286715345,812.0,5.0,74.21774377494506,5.0,0.0,2.0,0.0,0.0
4178.0,add_rz,74.18896738210975,812.0,5.0,74.21774377494506,5.0,0.0,1.0,1.0,0.0
4179.0,delete,74.41754951535434,812.0,5.0,74.21774377494506,4.0,0.0,1.0,0.0,0.0
4180.0,swap,74.41754951535434,812.0,5.0,74.21774377494506,4.0,1.0,1.0,0.0,0.0
4181.0,add_rx,74.76567592167648,813.0,5.0,74.76463055303411,6.0,1.0,0.0,0.0,0.0
4182.0,add_cx,74.76463055303411,813.0,5.0,74.76463055303411,6.0,1.0,0.0,0.0,1.0
4183.0,add_rx,74.76463055303411,813.0,5.0,74.76463055303411,6.0,2.0,0.0,0.0,0.0
4184.0,add_ry,74.70279889692894,813.0,5.0,74.76463055303411,6.0,1.0,1.0,0.0,0.0
4185.0,add_rz,74.76139871719798,813.0,5.0,74.76463055303411,6.0,1.0,0.0,1.0,0.0
4186.0,delete,74.7573926805951,813.0,5.0,74.76463055303411,5.0,1.0,0.0,0.0,0.0
4187.0,swap,74.6284544188505,813.0,5.0,74.76463055303411,5.0,1.0,1.0,0.0,0.0
4188.0,swap,74.82382424862021,814.0,4.0,74.83307798682704,5.0,2.0,0.0,0.0,1.0
4189.0,add_rz,74.77767807239611,815.0,5.0,74.77908308411622,6.0,1.0,0.0,1.0,1.0
4190.0,add_cx,74.77918940483713,815.0,5.0,74.77908308411622,6.0,1.0,0.0,1.0,2.0
4191.0,add_rx,74.77908308411621,815.0,5.0,74.77908308411622,6.0,2.0,0.0,1.0,1.0
4192.0,add_ry,74.83703324473588,815.0,5.0,74.77908308411622,6.0,1.0,1.0,1.0,1.0
4193.0,add_rz,74.6900705032101,815.0,5.0,74.77908308411622,6.0,1.0,0.0,2.0,1.0
4194.0,delete,74.54878000327504,815.0,5.0,74.77908308411622,6.0,1.0,0.0,1.0,0.0
4195.0,swap,74.5246906251004,815.0,5.0,74.77908308411622,5.0,1.0,0.0,1.0,2.0
4196.0,add_rx,74.75668658145878,816.0,4.0,74.83900033483404,5.0,1.0,0.0,0.0,1.0
4197.0,add_rx,74.76929511198726,817.0,5.0,74.75668658145878,5.0,1.0,0.0,0.0,1.0
4198.0,add_cx,74.72362112484007,817.0,5.0,74.75668658145878,5.0,1.0,0.0,0.0,2.0
4199.0,add_rx,74.75668658145878,817.0,5.0,74.75668658145878,5.0,2.0,0.0,0.0,1.0
4200.0,add_ry,74.71090812278635,817.0,5.0,74.75668658145878,5.0,1.0,1.0,0.0,1.0
4201.0,add_rz,74.75965220057805,817.0,5.0,74.75668658145878,5.0,1.0,0.0,1.0,1.0
4202.0,delete,74.63589943439692,817.0,5.0,74.75668658145878,5.0,1.0,0.0,0.0,0.0
4203.0,swap,74.68531416574841,817.0,5.0,74.75668658145878,4.0,1.0,0.0,1.0,1.0
4204.0,delete,74.7618968807872,818.0,5.0,74.77857881743475,5.0,0.0,1.0,0.0,0.0
4205.0,add_cx,74.77939958406748,818.0,5.0,74.77857881743475,5.0,0.0,1.0,0.0,1.0
4206.0,add_rx,74.57327494328693,818.0,5.0,74.77857881743475,5.0,1.0,1.0,0.0,0.0
4207.0,add_ry,74.8023318535799,818.0,5.0,74.77857881743475,5.0,0.0,2.0,0.0,0.0
4208.0,add_rz,74.77857881743475,818.0,5.0,74.77857881743475,5.0,0.0,1.0,1.0,0.0
4209.0,delete,74.7472614823527,818.0,5.0,74.77857881743475,4.0,0.0,1.0,0.0,0.0
4210.0,swap,74.58908725747632,818.0,5.0,74.77857881743475,4.0,0.0,1.0,0.0,1.0
4211.0,swap,74.60933441126718,819.0,4.0,74.79847808369139,4.0,0.0,0.0,1.0,1.0
4212.0,add_cx,74.74297700642136,820.0,5.0,74.74297700642136,5.0,0.0,0.0,0.0,3.0
4213.0,add_rx,74.74297700642136,820.0,5.0,74.74297700642136,5.0,1.0,0.0,0.0,2.0
4214.0,add_ry,74.55411468620677,820.0,5.0,74.74297700642136,5.0,0.0,1.0,0.0,2.0
4215.0,add_rz,74.74297700642136,820.0,5.0,74.74297700642136,5.0,0.0,0.0,1.0,2.0
4216.0,delete,74.55251025199018,820.0,5.0,74.74297700642136,4.0,0.0,0.0,0.0,2.0
4217.0,swap,74.67073339951277,820.0,5.0,74.74297700642136,5.0,1.0,0.0,0.0,1.0
4218.0,add_cx,74.80753066142357,821.0,5.0,74.80768250564735,5.0,0.0,1.0,0.0,2.0
4219.0,add_cx,74.75478866995999,821.0,5.0,74.80768250564735,5.0,0.0,1.0,0.0,3.0
4220.0,add_rx,74.80768250564734,821.0,5.0,74.80768250564735,5.0,1.0,1.0,0.0,2.0
4221.0,add_ry,74.81691373870733,821.0,5.0,74.80768250564735,5.0,0.0,2.0,0.0,2.0
4222.0,add_rz,74.80714481495363,821.0,5.0,74.80768250564735,5.0,0.0,1.0,1.0,2.0
4223.0,delete,74.83118460743516,821.0,5.0,74.80768250564735,5.0,0.0,1.0,0.0,1.0
4224.0,swap,74.74464545654925,821.0,5.0,74.80768250564735,5.0,1.0,0.0,0.0,2.0
4225.0,delete,74.61553612365448,822.0,5.0,74.61512176855462,4.0,0.0,1.0,0.0,1.0
4226.0,add_cx,74.81035428894113,822.0,5.0,74.61512176855462,4.0,0.0,1.0,0.0,2.0
4227.0,add_rx,74.61512237647545,822.0,5.0,74.61512176855462,4.0,1.0,1.0,0.0,1.0
4228.0,add_ry,74.46341698524768,822.0,5.0,74.61512176855462,4.0,0.0,2.0,0.0,1.0
4229.0,add_rz,74.61436800146946,822.0,5.0,74.61512176855462,4.0,0.0,1.0,1.0,1.0
4230.0,delete,74.46134970731332,822.0,5.0,74.61512176855462,3.0,0.0,1.0,0.0,1.0
4231.0,swap,74.62752807490956,822.0,5.0,74.61512176855462,3.0,0.0,2.0,0.0,1.0
4232.0,swap,74.21306923586957,823.0,5.0,74.21306923586958,5.0,0.0,0.0,1.0,0.0
4233.0,add_cx,74.21306923586958,823.0,5.0,74.21306923586958,5.0,0.0,0.0,1.0,1.0
4234.0,add_rx,74.21306923586958,823.0,5.0,74.21306923586958,5.0,1.0,0.0,1.0,0.0
4235.0,add_ry,74.01261787202978,823.0,5.0,74.21306923586958,5.0,0.0,1.0,1.0,0.0
4236.0,add_rz,74.18570433138005,823.0,5.0,74.21306923586958,5.0,0.0,0.0,2.0,0.0
4237.0,delete,73.68376848735033,823.0,5.0,74.21306923586958,4.0,0.0,0.0,1.0,0.0
4238.0,swap,74.37632307692178,823.0,5.0,74.21306923586958,4.0,0.0,0.0,1.0,1.0
4239.0,delete,74.86497695428686,824.0,6.0,74.86407488826387,4.0,0.0,0.0,1.0,1.0
4240.0,add_cx,74.86407488826387,824.0,6.0,74.86407488826387,4.0,0.0,0.0,1.0,2.0
4241.0,add_rx,74.62491074212905,824.0,6.0,74.86407488826387,4.0,1.0,0.0,1.0,1.0
4242.0,add_ry,74.79998723940842,824.0,6.0,74.86407488826387,4.0,0.0,1.0,1.0,1.0
4243.0,add_rz,74.86407488826386,824.0,6.0,74.86407488826387,4.0,0.0,0.0,2.0,1.0
4244.0,delete,74.87236219664706,824.0,6.0,74.86407488826387,3.0,0.0,0.0,1.0,1.0
4245.0,swap,74.87236219664707,824.0,6.0,74.86407488826387,3.0,0.0,0.0,2.0,1.0
4246.0,swap,74.84592569937753,825.0,4.0,74.77870377316292,4.0,0.0,0.0,1.0,2.0
4247.0,swap,74.84592569937753,826.0,5.0,74.84592569937753,4.0,0.0,0.0,1.0,2.0
4248.0,add_cx,74.84592569937753,826.0,5.0,74.84592569937753,4.0,0.0,0.0,1.0,3.0
4249.0,add_rx,74.84592569937752,826.0,5.0,74.84592569937753,4.0,1.0,0.0,1.0,2.0
4250.0,add_ry,74.79484487972893,826.0,5.0,74.84592569937753,4.0,0.0,1.0,1.0,2.0
4251.0,add_rz,74.84592569937755,826.0,5.0,74.84592569937753,4.0,0.0,0.0,2.0,2.0
4252.0,delete,74.86822082581098,826.0,5.0,74.84592569937753,3.0,0.0,0.0,1.0,2.0
4253.0,swap,74.42716892855915,826.0,5.0,74.84592569937753,4.0,1.0,0.0,1.0,1.0
4254.0,swap,74.8436210352189,827.0,6.0,74.84362103521892,3.0,0.0,0.0,2.0,1.0
4255.0,add_cx,74.94569020642349,827.0,6.0,74.84362103521892,3.0,0.0,0.0,2.0,2.0
4256.0,add_rx,74.8866657177465,827.0,6.0,74.84362103521892,3.0,1.0,0.0,2.0,1.0
4257.0,add_ry,74.4159480306642,827.0,6.0,74.84362103521892,3.0,0.0,1.0,2.0,1.0
4258.0,add_rz,74.84362103521892,827.0,6.0,74.84362103521892,3.0,0.0,0.0,3.0,1.0
4259.0,delete,74.87251947853515,827.0,6.0,74.84362103521892,2.0,0.0,0.0,2.0,1.0
4260.0,swap,74.89000024005139,827.0,6.0,74.84362103521892,3.0,1.0,0.0,1.0,1.0
4261.0,delete,74.87005345937793,828.0,6.0,74.87005345937793,4.0,0.0,0.0,1.0,1.0
4262.0,add_cx,74.87005345937793,828.0,6.0,74.87005345937793,4.0,0.0,0.0,1.0,2.0
4263.0,add_rx,74.79665776661068,828.0,6.0,74.87005345937793,4.0,1.0,0.0,1.0,1.0
4264.0,add_ry,74.57106182758619,828.0,6.0,74.87005345937793,4.0,0.0,1.0,1.0,1.0
4265.0,add_rz,74.87005345937793,828.0,6.0,74.87005345937793,4.0,0.0,0.0,2.0,1.0
4266.0,delete,74.9082163234775,828.0,6.0,74.87005345937793,3.0,0.0,0.0,1.0,1.0
4267.0,swap,74.45013106682862,828.0,6.0,74.87005345937793,4.0,0.0,0.0,2.0,0.0
4268.0,delete,74.62928489231793,829.0,6.0,74.62725762559347,4.0,0.0,1.0,0.0,1.0
4269.0,add_cx,74.62725762559347,829.0,6.0,74.62725762559347,4.0,0.0,1.0,0.0,2.0
4270.0,add_rx,74.62725762559344,829.0,6.0,74.62725762559347,4.0,1.0,1.0,0.0,1.0
4271.0,add_ry,74.65270142210159,829.0,6.0,74.62725762559347,4.0,0.0,2.0,0.0,1.0
4272.0,add_rz,74.62725762559347,829.0,6.0,74.62725762559347,4.0,0.0,1.0,1.0,1.0
4273.0,delete,74.79427726864317,829.0,6.0,74.62725762559347,3.0,0.0,1.0,0.0,1.0
4274.0,swap,74.83874044922118,829.0,6.0,74.62725762559347,3.0,0.0,1.0,1.0,1.0
4275.0,delete,74.86822082581098,830.0,6.0,74.86822082581098,3.0,0.0,0.0,1.0,2.0
4276.0,add_cx,73.9807008259276,830.0,6.0,74.86822082581098,3.0,0.0,0.0,1.0,3.0
4277.0,add_rx,74.89669076682283,830.0,6.0,74.86822082581098,3.0,1.0,0.0,1.0,2.0
4278.0,add_ry,74.86819348029475,830.0,6.0,74.86822082581098,3.0,0.0,1.0,1.0,2.0
4279.0,add_rz,74.8671187532828,830.0,6.0,74.86822082581098,3.0,0.0,0.0,2.0,2.0
4280.0,delete,74.868220825811,830.0,6.0,74.86822082581098,3.0,0.0,0.0,0.0,2.0
4281.0,swap,74.21290024002275,830.0,6.0,74.86822082581098,3.0,0.0,1.0,1.0,1.0
4282.0,swap,74.04941389820043,831.0,5.0,74.0499319158787,5.0,0.0,1.0,1.0,0.0
4283.0,add_cx,74.0499319158787,831.0,5.0,74.0499319158787,5.0,0.0,1.0,1.0,1.0
4284.0,add_rx,74.27694763251748,831.0,5.0,74.0499319158787,5.0,1.0,1.0,1.0,0.0
4285.0,add_ry,74.64817761871953,831.0,5.0,74.0499319158787,5.0,0.0,2.0,1.0,0.0
4286.0,add_rz,74.05041625685347,831.0,5.0,74.0499319158787,5.0,0.0,1.0,2.0,0.0
4287.0,delete,74.32001974876012,831.0,5.0,74.0499319158787,4.0,0.0,1.0,1.0,0.0
4288.0,swap,74.93624354818536,831.0,5.0,74.0499319158787,4.0,0.0,1.0,1.0,1.0
4289.0,swap,74.6886028157429,832.0,5.0,74.68860281574293,5.0,1.0,0.0,1.0,0.0
4290.0,add_cx,74.69222244849472,832.0,5.0,74.68860281574293,5.0,1.0,0.0,1.0,1.0
4291.0,add_rx,74.6886028157429,832.0,5.0,74.68860281574293,5.0,2.0,0.0,1.0,0.0
4292.0,add_ry,74.66414263652455,832.0,5.0,74.68860281574293,5.0,1.0,1.0,1.0,0.0
4293.0,add_rz,74.6886028157429,832.0,5.0,74.68860281574293,5.0,1.0,0.0,2.0,0.0
4294.0,delete,74.6886028157429,832.0,5.0,74.68860281574293,5.0,1.0,0.0,0.0,0.0
4295.0,swap,74.7897282119067,832.0,5.0,74.68860281574293,4.0,1.0,0.0,1.0,1.0
4296.0,add_rz,74.60486423077957,833.0,4.0,74.6048642307796,6.0,0.0,0.0,1.0,1.0
4297.0,add_cx,74.59362147217361,833.0,4.0,74.6048642307796,6.0,0.0,0.0,1.0,2.0
4298.0,add_rx,74.6048642307796,833.0,4.0,74.6048642307796,6.0,1.0,0.0,1.0,1.0
4299.0,add_ry,74.58936356608993,833.0,4.0,74.6048642307796,6.0,0.0,1.0,1.0,1.0
4300.0,add_rz,74.6048642307796,833.0,4.0,74.6048642307796,6.0,0.0,0.0,2.0,1.0
4301.0,delete,74.61929992958267,833.0,4.0,74.6048642307796,5.0,0.0,0.0,1.0,1.0
4302.0,swap,74.1716788474941,833.0,4.0,74.6048642307796,5.0,1.0,0.0,1.0,1.0
4303.0,change,74.67691179517209,834.0,3.0,74.65096638047753,6.0,0.0,0.0,1.0,0.0
4304.0,add_ry,74.68289031649552,835.0,4.0,74.68307975917753,6.0,0.0,1.0,1.0,0.0
4305.0,add_cx,74.66947419632034,835.0,4.0,74.68307975917753,6.0,0.0,1.0,1.0,1.0
4306.0,add_rx,74.68735252784472,835.0,4.0,74.68307975917753,6.0,1.0,1.0,1.0,0.0
4307.0,add_ry,74.64929666236897,835.0,4.0,74.68307975917753,6.0,0.0,2.0,1.0,0.0
4308.0,add_rz,74.7276504725243,835.0,4.0,74.68307975917753,6.0,0.0,1.0,2.0,0.0
4309.0,delete,74.65411306023165,835.0,4.0,74.68307975917753,5.0,0.0,1.0,1.0,0.0
4310.0,swap,74.59526309519887,835.0,4.0,74.68307975917753,6.0,0.0,0.0,1.0,1.0
4311.0,add_rx,74.76574226844777,836.0,3.0,74.74504680835608,6.0,1.0,0.0,0.0,1.0
4312.0,add_rx,74.76574226844777,837.0,4.0,74.76574226844777,6.0,1.0,0.0,0.0,1.0
4313.0,add_cx,74.76574226844777,837.0,4.0,74.76574226844777,6.0,1.0,0.0,0.0,2.0
4314.0,add_rx,74.76574226844775,837.0,4.0,74.76574226844777,6.0,2.0,0.0,0.0,1.0
4315.0,add_ry,74.81073118986059,837.0,4.0,74.76574226844777,6.0,1.0,1.0,0.0,1.0
4316.0,add_rz,74.76671419374775,837.0,4.0,74.76574226844777,6.0,1.0,0.0,1.0,1.0
4317.0,delete,74.81699991785831,837.0,4.0,74.76574226844777,5.0,1.0,0.0,0.0,1.0
4318.0,swap,74.70590385146333,837.0,4.0,74.76574226844777,5.0,1.0,1.0,0.0,1.0
4319.0,add_rz,74.76150259033665,838.0,5.0,74.7612686711125,6.0,0.0,0.0,1.0,1.0
4320.0,add_cx,74.7612686711125,838.0,5.0,74.7612686711125,6.0,0.0,0.0,1.0,2.0
4321.0,add_rx,74.7612686711125,838.0,5.0,74.7612686711125,6.0,1.0,0.0,1.0,1.0
4322.0,add_ry,74.8045290428659,838.0,5.0,74.7612686711125,6.0,0.0,1.0,1.0,1.0
4323.0,add_rz,74.76126867111252,838.0,5.0,74.7612686711125,6.0,0.0,0.0,2.0,1.0
4324.0,delete,74.76574226844777,838.0,5.0,74.7612686711125,6.0,0.0,0.0,0.0,1.0
4325.0,swap,74.71278276111231,838.0,5.0,74.7612686711125,5.0,0.0,1.0,1.0,1.0
4326.0,delete,74.81699991785833,839.0,5.0,74.81699991785831,5.0,1.0,0.0,0.0,1.0
4327.0,add_cx,74.21306923586957,839.0,5.0,74.81699991785831,5.0,1.0,0.0,0.0,2.0
4328.0,add_rx,74.8169999178583,839.0,5.0,74.81699991785831,5.0,2.0,0.0,0.0,1.0
4329.0,add_ry,74.85733293572093,839.0,5.0,74.81699991785831,5.0,1.0,1.0,0.0,1.0
4330.0,add_rz,74.81699991785831,839.0,5.0,74.81699991785831,5.0,1.0,0.0,1.0,1.0
4331.0,delete,74.21306923586957,839.0,5.0,74.81699991785831,5.0,1.0,0.0,0.0,0.0
4332.0,swap,74.85825655880409,839.0,5.0,74.81699991785831,4.0,2.0,0.0,0.0,1.0
4333.0,add_rx,74.67691179517209,840.0,4.0,74.6769117951721,6.0,1.0,0.0,1.0,0.0
4334.0,add_cx,74.44248534664145,840.0,4.0,74.6769117951721,6.0,1.0,0.0,1.0,1.0
4335.0,add_rx,74.6769117951721,840.0,4.0,74.6769117951721,6.0,2.0,0.0,1.0,0.0
4336.0,add_ry,74.68448736903018,840.0,4.0,74.6769117951721,6.0,1.0,1.0,1.0,0.0
4337.0,add_rz,74.68593368628554,840.0,4.0,74.6769117951721,6.0,1.0,0.0,2.0,0.0
4338.0,delete,74.58575146162005,840.0,4.0,74.6769117951721,5.0,1.0,0.0,1.0,0.0
4339.0,swap,74.6540708263339,840.0,4.0,74.6769117951721,5.0,2.0,0.0,1.0,0.0
4340.0,delete,74.68543800065953,841.0,3.0,74.586976714161,5.0,0.0,1.0,0.0,0.0
4341.0,change,74.71233760452719,842.0,4.0,74.72155306399762,5.0,1.0,0.0,0.0,1.0
4342.0,delete,74.67918067516314,843.0,4.0,74.68543800065953,5.0,0.0,1.0,0.0,0.0
4343.0,add_cx,74.73060190517043,843.0,4.0,74.68543800065953,5.0,0.0,1.0,0.0,1.0
4344.0,add_rx,74.68543800065954,843.0,4.0,74.68543800065953,5.0,1.0,1.0,0.0,0.0
4345.0,add_ry,74.6670994679795,843.0,4.0,74.68543800065953,5.0,0.0,2.0,0.0,0.0
4346.0,add_rz,74.68543800065953,843.0,4.0,74.68543800065953,5.0,0.0,1.0,1.0,0.0
4347.0,delete,74.66050505496531,843.0,4.0,74.68543800065953,4.0,0.0,1.0,0.0,0.0
4348.0,swap,74.65872749793454,843.0,4.0,74.68543800065953,4.0,0.0,1.0,1.0,0.0
4349.0,swap,74.64773640354812,844.0,4.0,74.65225957926611,4.0,0.0,1.0,1.0,1.0
4350.0,add_rx,74.71233760452718,845.0,5.0,74.71233760452718,5.0,2.0,0.0,0.0,1.0
4351.0,add_cx,74.71233760452718,845.0,5.0,74.71233760452718,5.0,2.0,0.0,0.0,2.0
4352.0,add_rx,74.63649464647298,845.0,5.0,74.71233760452718,5.0,3.0,0.0,0.0,1.0
4353.0,add_ry,74.72166890177628,845.0,5.0,74.71233760452718,5.0,2.0,1.0,0.0,1.0
4354.0,add_rz,74.71233760452718,845.0,5.0,74.71233760452718,5.0,2.0,0.0,1.0,1.0
4355.0,delete,74.83288740379743,845.0,5.0,74.71233760452718,4.0,2.0,0.0,0.0,1.0
4356.0,swap,74.83690691678156,845.0,5.0,74.71233760452718,4.0,2.0,0.0,1.0,1.0
4357.0,swap,74.63578561242568,846.0,5.0,74.64773640354812,4.0,0.0,1.0,1.0,1.0
4358.0,add_cx,74.64773640354812,846.0,5.0,74.64773640354812,4.0,0.0,1.0,1.0,2.0
4359.0,add_rx,74.64773640354812,846.0,5.0,74.64773640354812,4.0,1.0,1.0,1.0,1.0
4360.0,add_ry,74.56181482257213,846.0,5.0,74.64773640354812,4.0,0.0,2.0,1.0,1.0
4361.0,add_rz,74.64773640354811,846.0,5.0,74.64773640354812,4.0,0.0,1.0,2.0,1.0
4362.0,delete,74.85054363480657,846.0,5.0,74.64773640354812,3.0,0.0,1.0,1.0,1.0
4363.0,swap,74.6477646143227,846.0,5.0,74.64773640354812,4.0,0.0,1.0,0.0,2.0
4364.0,add_rz,74.74576728676041,847.0,5.0,74.74434833511042,6.0,0.0,0.0,1.0,1.0
4365.0,add_cx,74.74434833511042,847.0,5.0,74.74434833511042,6.0,0.0,0.0,1.0,2.0
4366.0,add_rx,74.74434833511042,847.0,5.0,74.74434833511042,6.0,1.0,0.0,1.0,1.0
4367.0,add_ry,74.74193377711494,847.0,5.0,74.74434833511042,6.0,0.0,1.0,1.0,1.0
4368.0,add_rz,74.74434833511039,847.0,5.0,74.74434833511042,6.0,0.0,0.0,2.0,1.0
4369.0,delete,74.76574226844777,847.0,5.0,74.74434833511042,6.0,0.0,0.0,0.0,1.0
4370.0,swap,74.72930452820808,847.0,5.0,74.74434833511042,5.0,0.0,0.0,2.0,1.0
4371.0,delete,74.81186105339029,848.0,6.0,74.81186105339027,3.0,0.0,0.0,1.0,1.0
4372.0,add_cx,74.81186105339027,848.0,6.0,74.81186105339027,3.0,0.0,0.0,1.0,2.0
4373.0,add_rx,74.65763026734523,848.0,6.0,74.81186105339027,3.0,1.0,0.0,1.0,1.0
4374.0,add_ry,74.56372550622258,848.0,6.0,74.81186105339027,3.0,0.0,1.0,1.0,1.0
4375.0,add_rz,74.8109973187382,848.0,6.0,74.81186105339027,3.0,0.0,0.0,2.0,1.0
4376.0,delete,74.70478231528689,848.0,6.0,74.81186105339027,2.0,0.0,0.0,1.0,1.0
4377.0,swap,74.87046357335619,848.0,6.0,74.81186105339027,2.0,0.0,0.0,2.0,1.0
4378.0,delete,74.73758554027765,849.0,5.0,74.73825545709516,5.0,0.0,0.0,1.0,1.0
4379.0,add_cx,74.73825545709516,849.0,5.0,74.73825545709516,5.0,0.0,0.0,1.0,2.0
4380.0,add_rx,74.73353757415504,849.0,5.0,74.73825545709516,5.0,1.0,0.0,1.0,1.0
4381.0,add_ry,74.64909290150923,849.0,5.0,74.73825545709516,5.0,0.0,1.0,1.0,1.0
4382.0,add_rz,74.73342863003116,849.0,5.0,74.73825545709516,5.0,0.0,0.0,2.0,1.0
4383.0,delete,74.73994237358343,849.0,5.0,74.73825545709516,5.0,0.0,0.0,0.0,1.0
4384.0,swap,74.53173049349111,849.0,5.0,74.73825545709516,4.0,1.0,0.0,1.0,1.0
4385.0,change,74.71233760452718,850.0,5.0,74.71233760452719,5.0,1.0,0.0,0.0,1.0
4386.0,add_cx,74.71233760452719,850.0,5.0,74.71233760452719,5.0,1.0,0.0,0.0,2.0
4387.0,add_rx,74.2624848772191,850.0,5.0,74.71233760452719,5.0,2.0,0.0,0.0,1.0
4388.0,add_ry,74.67650080031271,850.0,5.0,74.71233760452719,5.0,1.0,1.0,0.0,1.0
4389.0,add_rz,74.71233760452719,850.0,5.0,74.71233760452719,5.0,1.0,0.0,1.0,1.0
4390.0,delete,74.8807207190519,850.0,5.0,74.71233760452719,4.0,1.0,0.0,0.0,1.0
4391.0,swap,74.71184772066123,850.0,5.0,74.71233760452719,4.0,2.0,0.0,0.0,1.0
4392.0,swap,75.01195121671014,851.0,6.0,75.00769603922383,4.0,0.0,1.0,1.0,2.0
4393.0,add_cx,75.00769603922383,851.0,6.0,75.00769603922383,4.0,0.0,1.0,1.0,3.0
4394.0,add_rx,74.7526605813946,851.0,6.0,75.00769603922383,4.0,1.0,1.0,1.0,2.0
4395.0,add_ry,75.00822142682607,851.0,6.0,75.00769603922383,4.0,0.0,2.0,1.0,2.0
4396.0,add_rz,75.00769603922383,851.0,6.0,75.00769603922383,4.0,0.0,1.0,2.0,2.0
4397.0,delete,74.87864904073577,851.0,6.0,75.00769603922383,4.0,0.0,0.0,1.0,2.0
4398.0,swap,75.03251606624578,851.0,6.0,75.00769603922383,3.0,0.0,2.0,1.0,2.0
4399.0,swap,74.85269283510067,852.0,6.0,74.87006038070933,4.0,0.0,1.0,0.0,3.0
4400.0,add_cx,74.87006038070933,852.0,6.0,74.87006038070933,4.0,0.0,1.0,0.0,4.0
4401.0,add_rx,74.52651673823625,852.0,6.0,74.87006038070933,4.0,1.0,1.0,0.0,3.0
4402.0,add_ry,74.86392961530129,852.0,6.0,74.87006038070933,4.0,0.0,2.0,0.0,3.0
4403.0,add_rz,74.87006038070935,852.0,6.0,74.87006038070933,4.0,0.0,1.0,1.0,3.0
4404.0,delete,74.64722900565746,852.0,6.0,74.87006038070933,3.0,0.0,1.0,0.0,3.0
4405.0,swap,74.99020626859348,852.0,6.0,74.87006038070933,4.0,0.0,1.0,1.0,2.0
4406.0,add_cx,74.8240260929478,853.0,6.0,74.81592195919352,5.0,0.0,1.0,0.0,2.0
4407.0,add_cx,74.86695220920382,853.0,6.0,74.81592195919352,5.0,0.0,1.0,0.0,3.0
4408.0,add_rx,74.81592195919353,853.0,6.0,74.81592195919352,5.0,1.0,1.0,0.0,2.0
4409.0,add_ry,74.90086009107273,853.0,6.0,74.81592195919352,5.0,0.0,2.0,0.0,2.0
4410.0,add_rz,74.80494950479812,853.0,6.0,74.81592195919352,5.0,0.0,1.0,1.0,2.0
4411.0,delete,74.87957507535374,853.0,6.0,74.81592195919352,4.0,0.0,1.0,0.0,2.0
4412.0,swap,74.80795326955916,853.0,6.0,74.81592195919352,5.0,0.0,1.0,0.0,2.0
4413.0,delete,74.94033082503256,854.0,6.0,74.94223978559774,4.0,0.0,1.0,0.0,2.0
4414.0,add_cx,74.94223978559774,854.0,6.0,74.94223978559774,4.0,0.0,1.0,0.0,3.0
4415.0,add_rx,74.7994802034638,854.0,6.0,74.94223978559774,4.0,1.0,1.0,0.0,2.0
4416.0,add_ry,74.92216351281483,854.0,6.0,74.94223978559774,4.0,0.0,2.0,0.0,2.0
4417.0,add_rz,74.99072091050631,854.0,6.0,74.94223978559774,4.0,0.0,1.0,1.0,2.0
4418.0,delete,74.90409485937958,854.0,6.0,74.94223978559774,4.0,0.0,0.0,0.0,2.0
4419.0,swap,74.90732182944303,854.0,6.0,74.94223978559774,3.0,1.0,1.0,0.0,2.0
4420.0,delete,75.03131055190867,855.0,6.0,75.03953359630911,4.0,0.0,1.0,0.0,2.0
4421.0,add_cx,74.73686360621261,855.0,6.0,75.03953359630911,4.0,0.0,1.0,0.0,3.0
4422.0,add_rx,75.01261591307915,855.0,6.0,75.03953359630911,4.0,1.0,1.0,0.0,2.0
4423.0,add_ry,75.0395888498754,855.0,6.0,75.03953359630911,4.0,0.0,2.0,0.0,2.0
4424.0,add_rz,75.03953359630911,855.0,6.0,75.03953359630911,4.0,0.0,1.0,1.0,2.0
4425.0,delete,74.88271963958238,855.0,6.0,75.03953359630911,3.0,0.0,1.0,0.0,2.0
4426.0,swap,74.89278097949499,855.0,6.0,75.03953359630911,3.0,0.0,2.0,0.0,2.0
4427.0,add_cx,74.81922196912986,856.0,6.0,74.81735139077469,5.0,0.0,1.0,0.0,2.0
4428.0,add_cx,74.81735139077469,856.0,6.0,74.81735139077469,5.0,0.0,1.0,0.0,3.0
4429.0,add_rx,74.48804156946497,856.0,6.0,74.81735139077469,5.0,1.0,1.0,0.0,2.0
4430.0,add_ry,74.8117842071378,856.0,6.0,74.81735139077469,5.0,0.0,2.0,0.0,2.0
4431.0,add_rz,74.82177688756474,856.0,6.0,74.81735139077469,5.0,0.0,1.0,1.0,2.0
4432.0,delete,74.82382424862024,856.0,6.0,74.81735139077469,5.0,0.0,0.0,0.0,2.0
4433.0,swap,74.99496130316558,856.0,6.0,74.81735139077469,4.0,0.0,1.0,0.0,3.0
4434.0,add_rz,74.82119154371377,857.0,4.0,74.73251011116427,5.0,0.0,1.0,1.0,1.0
4435.0,swap,74.83962110894613,858.0,6.0,74.8384951133552,4.0,1.0,1.0,0.0,2.0
4436.0,add_cx,74.86186481016324,858.0,6.0,74.8384951133552,4.0,1.0,1.0,0.0,3.0
4437.0,add_rx,74.8384951133552,858.0,6.0,74.8384951133552,4.0,2.0,1.0,0.0,2.0
4438.0,add_ry,74.80789927673297,858.0,6.0,74.8384951133552,4.0,1.0,2.0,0.0,2.0
4439.0,add_rz,74.82681842026102,858.0,6.0,74.8384951133552,4.0,1.0,1.0,1.0,2.0
4440.0,delete,74.86217281083569,858.0,6.0,74.8384951133552,3.0,1.0,1.0,0.0,2.0
4441.0,swap,74.4479518449544,858.0,6.0,74.8384951133552,4.0,1.0,2.0,0.0,1.0
4442.0,add_rz,74.81992864038362,859.0,5.0,74.82119154371377,5.0,0.0,1.0,1.0,1.0
4443.0,add_cx,74.93911012304316,859.0,5.0,74.82119154371377,5.0,0.0,1.0,1.0,2.0
4444.0,add_rx,74.8276348643916,859.0,5.0,74.82119154371377,5.0,1.0,1.0,1.0,1.0
4445.0,add_ry,74.82222126929322,859.0,5.0,74.82119154371377,5.0,0.0,2.0,1.0,1.0
4446.0,add_rz,74.82119154371378,859.0,5.0,74.82119154371377,5.0,0.0,1.0,2.0,1.0
4447.0,delete,74.88582581445388,859.0,5.0,74.82119154371377,4.0,0.0,1.0,1.0,1.0
4448.0,swap,74.06136434952063,859.0,5.0,74.82119154371377,5.0,1.0,1.0,1.0,0.0
4449.0,swap,74.90130431675587,860.0,6.0,74.89864352460921,4.0,1.0,2.0,0.0,1.0
4450.0,add_cx,74.4590676628569,860.0,6.0,74.89864352460921,4.0,1.0,2.0,0.0,2.0
4451.0,add_rx,74.89864352460923,860.0,6.0,74.89864352460921,4.0,2.0,2.0,0.0,1.0
4452.0,add_ry,74.85774545705434,860.0,6.0,74.89864352460921,4.0,1.0,3.0,0.0,1.0
4453.0,add_rz,74.88697526164722,860.0,6.0,74.89864352460921,4.0,1.0,2.0,1.0,1.0
4454.0,delete,74.3728636709584,860.0,6.0,74.89864352460921,4.0,1.0,2.0,0.0,0.0
4455.0,swap,74.98109162458003,860.0,6.0,74.89864352460921,4.0,1.0,1.0,0.0,2.0
4456.0,add_ry,74.99083253636283,861.0,6.0,74.98346266371965,5.0,0.0,2.0,0.0,1.0
4457.0,add_cx,74.92823631270552,861.0,6.0,74.98346266371965,5.0,0.0,2.0,0.0,2.0
4458.0,add_rx,74.93621003763155,861.0,6.0,74.98346266371965,5.0,1.0,2.0,0.0,1.0
4459.0,add_ry,75.09958557554052,861.0,6.0,74.98346266371965,5.0,0.0,3.0,0.0,1.0
4460.0,add_rz,74.95872963900385,861.0,6.0,74.98346266371965,5.0,0.0,2.0,1.0,1.0
4461.0,delete,74.98042016154395,861.0,6.0,74.98346266371965,4.0,0.0,2.0,0.0,1.0
4462.0,swap,74.85636763427152,861.0,6.0,74.98346266371965,4.0,0.0,3.0,0.0,1.0
4463.0,swap,75.05310747147566,862.0,5.0,74.95452769599234,4.0,0.0,1.0,0.0,2.0
4464.0,swap,75.0489672082597,863.0,6.0,75.05310747147566,4.0,0.0,1.0,0.0,2.0
4465.0,add_cx,75.05310747147566,863.0,6.0,75.05310747147566,4.0,0.0,1.0,0.0,3.0
4466.0,add_rx,74.98755468808193,863.0,6.0,75.05310747147566,4.0,1.0,1.0,0.0,2.0
4467.0,add_ry,74.98532405975389,863.0,6.0,75.05310747147566,4.0,0.0,2.0,0.0,2.0
4468.0,add_rz,75.05310747147566,863.0,6.0,75.05310747147566,4.0,0.0,1.0,1.0,2.0
4469.0,delete,75.04963874830388,863.0,6.0,75.05310747147566,3.0,0.0,1.0,0.0,2.0
4470.0,swap,74.19060304484742,863.0,6.0,75.05310747147566,4.0,0.0,1.0,0.0,2.0
4471.0,add_rz,74.85372151360434,864.0,6.0,74.85360130425515,5.0,0.0,1.0,1.0,1.0
4472.0,add_cx,74.85360130425515,864.0,6.0,74.85360130425515,5.0,0.0,1.0,1.0,2.0
4473.0,add_rx,74.85360130425514,864.0,6.0,74.85360130425515,5.0,1.0,1.0,1.0,1.0
4474.0,add_ry,74.77108543396628,864.0,6.0,74.85360130425515,5.0,0.0,2.0,1.0,1.0
4475.0,add_rz,74.85398726299063,864.0,6.0,74.85360130425515,5.0,0.0,1.0,2.0,1.0
4476.0,delete,74.82156910068058,864.0,6.0,74.85360130425515,5.0,0.0,1.0,0.0,1.0
4477.0,swap,74.85892406469738,864.0,6.0,74.85360130425515,5.0,0.0,0.0,2.0,1.0
4478.0,delete,75.05310747147566,865.0,5.0,74.869283602322,4.0,0.0,1.0,0.0,1.0
4479.0,delete,75.04673652559892,866.0,6.0,75.05310747147566,4.0,0.0,1.0,0.0,1.0
4480.0,add_cx,75.05310747147566,866.0,6.0,75.05310747147566,4.0,0.0,1.0,0.0,2.0
4481.0,add_rx,75.05310747147566,866.0,6.0,75.05310747147566,4.0,1.0,1.0,0.0,1.0
4482.0,add_ry,74.81997079396538,866.0,6.0,75.05310747147566,4.0,0.0,2.0,0.0,1.0
4483.0,add_rz,74.98719233710285,866.0,6.0,75.05310747147566,4.0,0.0,1.0,1.0,1.0
4484.0,delete,75.04963874830388,866.0,6.0,75.05310747147566,3.0,0.0,1.0,0.0,1.0
4485.0,swap,75.05064083131144,866.0,6.0,75.05310747147566,3.0,1.0,1.0,0.0,1.0
4486.0,delete,74.97373084959045,867.0,5.0,74.94173565433033,4.0,0.0,1.0,0.0,1.0
4487.0,swap,75.05310747147564,868.0,5.0,74.94110198322578,4.0,1.0,1.0,0.0,1.0
4488.0,swap,75.05510500951179,869.0,6.0,75.05310747147564,4.0,1.0,1.0,0.0,1.0
4489.0,add_cx,75.05310747147564,869.0,6.0,75.05310747147564,4.0,1.0,1.0,0.0,2.0
4490.0,add_rx,75.05310747147563,869.0,6.0,75.05310747147564,4.0,2.0,1.0,0.0,1.0
4491.0,add_ry,75.0065766516713,869.0,6.0,75.05310747147564,4.0,1.0,2.0,0.0,1.0
4492.0,add_rz,75.05309768768657,869.0,6.0,75.05310747147564,4.0,1.0,1.0,1.0,1.0
4493.0,delete,75.07712252938053,869.0,6.0,75.05310747147564,3.0,1.0,1.0,0.0,1.0
4494.0,swap,74.6290192445633,869.0,6.0,75.05310747147564,3.0,1.0,1.0,0.0,2.0
4495.0,delete,74.97433445204841,870.0,6.0,74.97373084959045,4.0,0.0,1.0,0.0,1.0
4496.0,add_cx,74.6161466074604,870.0,6.0,74.97373084959045,4.0,0.0,1.0,0.0,2.0
4497.0,add_rx,74.88511144617881,870.0,6.0,74.97373084959045,4.0,1.0,1.0,0.0,1.0
4498.0,add_ry,74.82559148573861,870.0,6.0,74.97373084959045,4.0,0.0,2.0,0.0,1.0
4499.0,add_rz,74.9764351595586,870.0,6.0,74.97373084959045,4.0,0.0,1.0,1.0,1.0
4500.0,delete,74.3496132271324,870.0,6.0,74.97373084959045,4.0,0.0,1.0,0.0,0.0
4501.0,swap,74.83944277853524,870.0,6.0,74.97373084959045,3.0,0.0,1.0,1.0,1.0
4502.0,delete,75.07872875732436,871.0,7.0,75.07712252938053,3.0,1.0,1.0,0.0,1.0
4503.0,add_cx,75.07712252938053,871.0,7.0,75.07712252938053,3.0,1.0,1.0,0.0,2.0
4504.0,add_rx,74.62716369757592,871.0,7.0,75.07712252938053,3.0,2.0,1.0,0.0,1.0
4505.0,add_ry,75.08096877549748,871.0,7.0,75.07712252938053,3.0,1.0,2.0,0.0,1.0
4506.0,add_rz,75.07712252938053,871.0,7.0,75.07712252938053,3.0,1.0,1.0,1.0,1.0
4507.0,delete,74.92543030075551,871.0,7.0,75.07712252938053,3.0,1.0,0.0,0.0,1.0
4508.0,swap,74.82304875210096,871.0,7.0,75.07712252938053,3.0,0.0,2.0,0.0,1.0
4509.0,delete,75.12050058571442,872.0,7.0,75.12428478653268,3.0,1.0,1.0,0.0,1.0
4510.0,add_cx,74.85373272923736,872.0,7.0,75.12428478653268,3.0,1.0,1.0,0.0,2.0
4511.0,add_rx,75.04577036472391,872.0,7.0,75.12428478653268,3.0,2.0,1.0,0.0,1.0
4512.0,add_ry,75.1071966483775,872.0,7.0,75.12428478653268,3.0,1.0,2.0,0.0,1.0
4513.0,add_rz,75.12428478653268,872.0,7.0,75.12428478653268,3.0,1.0,1.0,1.0,1.0
4514.0,delete,74.58721340649343,872.0,7.0,75.12428478653268,3.0,1.0,1.0,0.0,0.0
4515.0,swap,74.58674737652245,872.0,7.0,75.12428478653268,3.0,1.0,2.0,0.0,0.0
4516.0,add_rx,74.83601290475073,873.0,6.0,74.83083171451213,5.0,1.0,1.0,0.0,1.0
4517.0,add_cx,74.83083171451213,873.0,6.0,74.83083171451213,5.0,1.0,1.0,0.0,2.0
4518.0,add_rx,74.84364539023075,873.0,6.0,74.83083171451213,5.0,2.0,1.0,0.0,1.0
4519.0,add_ry,74.78941219072958,873.0,6.0,74.83083171451213,5.0,1.0,2.0,0.0,1.0
4520.0,add_rz,74.78949211155594,873.0,6.0,74.83083171451213,5.0,1.0,1.0,1.0,1.0
4521.0,delete,74.82156910068058,873.0,6.0,74.83083171451213,5.0,0.0,1.0,0.0,1.0
4522.0,swap,74.27676690439885,873.0,6.0,74.83083171451213,4.0,1.0,1.0,0.0,2.0
4523.0,change,74.83013396877212,874.0,6.0,74.823027726702,5.0,0.0,1.0,0.0,1.0
4524.0,add_cx,74.823027726702,874.0,6.0,74.823027726702,5.0,0.0,1.0,0.0,2.0
4525.0,add_rx,74.82302772670201,874.0,6.0,74.823027726702,5.0,1.0,1.0,0.0,1.0
4526.0,add_ry,74.63661250535425,874.0,6.0,74.823027726702,5.0,0.0,2.0,0.0,1.0
4527.0,add_rz,74.82302772670201,874.0,6.0,74.823027726702,5.0,0.0,1.0,1.0,1.0
4528.0,delete,74.82382424862024,874.0,6.0,74.823027726702,5.0,0.0,0.0,0.0,1.0
4529.0,swap,74.87116307743517,874.0,6.0,74.823027726702,4.0,1.0,1.0,0.0,1.0
4530.0,swap,74.75295356014944,875.0,5.0,74.97197282813993,4.0,1.0,1.0,0.0,1.0
4531.0,swap,74.74899506397148,876.0,6.0,74.75295356014944,4.0,1.0,1.0,0.0,1.0
4532.0,add_cx,74.75295356014944,876.0,6.0,74.75295356014944,4.0,1.0,1.0,0.0,2.0
4533.0,add_rx,74.75066439443167,876.0,6.0,74.75295356014944,4.0,2.0,1.0,0.0,1.0
4534.0,add_ry,74.38857718562217,876.0,6.0,74.75295356014944,4.0,1.0,2.0,0.0,1.0
4535.0,add_rz,74.75295356014944,876.0,6.0,74.75295356014944,4.0,1.0,1.0,1.0,1.0
4536.0,delete,73.9521056651565,876.0,6.0,74.75295356014944,4.0,1.0,1.0,0.0,0.0
4537.0,swap,74.51080380356741,876.0,6.0,74.75295356014944,4.0,1.0,1.0,0.0,1.0
4538.0,delete,75.04539096056688,877.0,7.0,75.04963874830388,3.0,0.0,1.0,0.0,2.0
4539.0,add_cx,75.0570702596967,877.0,7.0,75.04963874830388,3.0,0.0,1.0,0.0,3.0
4540.0,add_rx,74.96315828465295,877.0,7.0,75.04963874830388,3.0,1.0,1.0,0.0,2.0
4541.0,add_ry,75.05646878914399,877.0,7.0,75.04963874830388,3.0,0.0,2.0,0.0,2.0
4542.0,add_rz,75.04963874830389,877.0,7.0,75.04963874830388,3.0,0.0,1.0,1.0,2.0
4543.0,delete,74.33069486438116,877.0,7.0,75.04963874830388,3.0,0.0,1.0,0.0,1.0
4544.0,swap,74.91740834023773,877.0,7.0,75.04963874830388,2.0,0.0,1.0,0.0,3.0
4545.0,change,74.81400406866501,878.0,4.0,74.82557708450989,5.0,0.0,1.0,0.0,1.0
4546.0,change,74.81267669145431,879.0,5.0,74.81400406866501,5.0,0.0,1.0,0.0,1.0
4547.0,add_cx,74.81400406866501,879.0,5.0,74.81400406866501,5.0,0.0,1.0,0.0,2.0
4548.0,add_rx,74.84612894857533,879.0,5.0,74.81400406866501,5.0,1.0,1.0,0.0,1.0
4549.0,add_ry,74.83914199090563,879.0,5.0,74.81400406866501,5.0,0.0,2.0,0.0,1.0
4550.0,add_rz,74.8008243068145,879.0,5.0,74.81400406866501,5.0,0.0,1.0,1.0,1.0
4551.0,delete,74.82382424862024,879.0,5.0,74.81400406866501,5.0,0.0,0.0,0.0,1.0
4552.0,swap,73.91275889824934,879.0,5.0,74.81400406866501,5.0,0.0,1.0,0.0,1.0
4553.0,add_cx,74.82382424862024,880.0,6.0,74.82382424862024,5.0,0.0,0.0,0.0,2.0
4554.0,add_rx,74.82382424862021,880.0,6.0,74.82382424862024,5.0,1.0,0.0,0.0,1.0
4555.0,add_ry,74.86774792367625,880.0,6.0,74.82382424862024,5.0,0.0,1.0,0.0,1.0
4556.0,add_rz,74.82492531256419,880.0,6.0,74.82382424862024,5.0,0.0,0.0,1.0,1.0
4557.0,delete,74.71258599042153,880.0,6.0,74.82382424862024,4.0,0.0,0.0,0.0,1.0
4558.0,swap,74.6800770213237,880.0,6.0,74.82382424862024,4.0,1.0,0.0,0.0,1.0
4559.0,change,74.81573679673069,881.0,6.0,74.81267669145431,5.0,0.0,1.0,0.0,1.0
4560.0,add_cx,74.09084978331592,881.0,6.0,74.81267669145431,5.0,0.0,1.0,0.0,2.0
4561.0,add_rx,74.81267669145431,881.0,6.0,74.81267669145431,5.0,1.0,1.0,0.0,1.0
4562.0,add_ry,74.7915954938781,881.0,6.0,74.81267669145431,5.0,0.0,2.0,0.0,1.0
4563.0,add_rz,74.8134472556809,881.0,6.0,74.81267669145431,5.0,0.0,1.0,1.0,1.0
4564.0,delete,74.95150702352927,881.0,6.0,74.81267669145431,4.0,0.0,1.0,0.0,1.0
4565.0,swap,74.88280792472673,881.0,6.0,74.81267669145431,4.0,0.0,1.0,1.0,1.0
4566.0,swap,74.87329454090116,882.0,5.0,74.94606081678786,4.0,0.0,1.0,1.0,1.0
4567.0,swap,75.05296972692385,883.0,7.0,75.05064083131144,3.0,1.0,1.0,0.0,1.0
4568.0,add_cx,75.05064083131144,883.0,7.0,75.05064083131144,3.0,1.0,1.0,0.0,2.0
4569.0,add_rx,74.86518797912763,883.0,7.0,75.05064083131144,3.0,2.0,1.0,0.0,1.0
4570.0,add_ry,74.92845775548243,883.0,7.0,75.05064083131144,3.0,1.0,2.0,0.0,1.0
4571.0,add_rz,75.05066850572408,883.0,7.0,75.05064083131144,3.0,1.0,1.0,1.0,1.0
4572.0,delete,74.93124809476136,883.0,7.0,75.05064083131144,2.0,1.0,1.0,0.0,1.0
4573.0,swap,74.90783980169549,883.0,7.0,75.05064083131144,3.0,1.0,0.0,1.0,1.0
4574.0,swap,74.87141400185381,884.0,6.0,74.87329454090116,4.0,0.0,1.0,1.0,1.0
4575.0,add_cx,74.93228172195694,884.0,6.0,74.87329454090116,4.0,0.0,1.0,1.0,2.0
4576.0,add_rx,74.87329454090118,884.0,6.0,74.87329454090116,4.0,1.0,1.0,1.0,1.0
4577.0,add_ry,74.85451413354522,884.0,6.0,74.87329454090116,4.0,0.0,2.0,1.0,1.0
4578.0,add_rz,74.86465639993239,884.0,6.0,74.87329454090116,4.0,0.0,1.0,2.0,1.0
4579.0,delete,74.87329454090116,884.0,6.0,74.87329454090116,4.0,0.0,1.0,0.0,1.0
4580.0,swap,74.98217596676571,884.0,6.0,74.87329454090116,4.0,0.0,2.0,0.0,1.0
4581.0,delete,75.04178891511404,885.0,7.0,75.04963874830388,3.0,0.0,1.0,0.0,1.0
4582.0,add_cx,75.0570702596967,885.0,7.0,75.04963874830388,3.0,0.0,1.0,0.0,2.0
4583.0,add_rx,75.02989905979211,885.0,7.0,75.04963874830388,3.0,1.0,1.0,0.0,1.0
4584.0,add_ry,75.02453881501661,885.0,7.0,75.04963874830388,3.0,0.0,2.0,0.0,1.0
4585.0,add_rz,75.04963874830389,885.0,7.0,75.04963874830388,3.0,0.0,1.0,1.0,1.0
4586.0,delete,74.91740834023773,885.0,7.0,75.04963874830388,2.0,0.0,1.0,0.0,1.0
4587.0,swap,74.99531690670376,885.0,7.0,75.04963874830388,2.0,0.0,1.0,0.0,2.0
4588.0,delete,75.0365802206021,886.0,7.0,75.04673652559892,4.0,0.0,1.0,0.0,1.0
4589.0,add_cx,75.07541206173663,886.0,7.0,75.04673652559892,4.0,0.0,1.0,0.0,2.0
4590.0,add_rx,75.04673652559892,886.0,7.0,75.04673652559892,4.0,1.0,1.0,0.0,1.0
4591.0,add_ry,74.88879753836578,886.0,7.0,75.04673652559892,4.0,0.0,2.0,0.0,1.0
4592.0,add_rz,75.05226053885296,886.0,7.0,75.04673652559892,4.0,0.0,1.0,1.0,1.0
4593.0,delete,75.04657917332358,886.0,7.0,75.04673652559892,3.0,0.0,1.0,0.0,1.0
4594.0,swap,74.81351664885308,886.0,7.0,75.04673652559892,3.0,0.0,2.0,0.0,1.0
4595.0,delete,74.87329454090116,887.0,5.0,74.94157184272783,4.0,0.0,1.0,0.0,1.0
4596.0,delete,74.8756118275709,888.0,6.0,74.87329454090116,4.0,0.0,1.0,0.0,1.0
4597.0,add_cx,74.87329454090116,888.0,6.0,74.87329454090116,4.0,0.0,1.0,0.0,2.0
4598.0,add_rx,74.8728737251321,888.0,6.0,74.87329454090116,4.0,1.0,1.0,0.0,1.0
4599.0,add_ry,74.88928850826458,888.0,6.0,74.87329454090116,4.0,0.0,2.0,0.0,1.0
4600.0,add_rz,74.87329454090116,888.0,6.0,74.87329454090116,4.0,0.0,1.0,1.0,1.0
4601.0,delete,74.87503802849369,888.0,6.0,74.87329454090116,4.0,0.0,0.0,0.0,1.0
4602.0,swap,74.92634484655872,888.0,6.0,74.87329454090116,3.0,0.0,1.0,1.0,1.0
4603.0,swap,75.05510500951179,889.0,7.0,75.05510500951179,4.0,1.0,1.0,0.0,1.0
4604.0,add_cx,74.56591079197561,889.0,7.0,75.05510500951179,4.0,1.0,1.0,0.0,2.0
4605.0,add_rx,74.82651456713971,889.0,7.0,75.05510500951179,4.0,2.0,1.0,0.0,1.0
4606.0,add_ry,74.60783046762414,889.0,7.0,75.05510500951179,4.0,1.0,2.0,0.0,1.0
4607.0,add_rz,75.05510500951179,889.0,7.0,75.05510500951179,4.0,1.0,1.0,1.0,1.0
4608.0,delete,75.12902732767898,889.0,7.0,75.05510500951179,3.0,1.0,1.0,0.0,1.0
4609.0,swap,74.87864904073574,889.0,7.0,75.05510500951179,4.0,1.0,0.0,1.0,1.0
4610.0,swap,74.92044479465675,890.0,7.0,74.92634484655872,3.0,0.0,1.0,1.0,1.0
4611.0,add_cx,74.83486168829185,890.0,7.0,74.92634484655872,3.0,0.0,1.0,1.0,2.0
4612.0,add_rx,74.89581405707195,890.0,7.0,74.92634484655872,3.0,1.0,1.0,1.0,1.0
4613.0,add_ry,74.91642772595591,890.0,7.0,74.92634484655872,3.0,0.0,2.0,1.0,1.0
4614.0,add_rz,74.92634484655872,890.0,7.0,74.92634484655872,3.0,0.0,1.0,2.0,1.0
4615.0,delete,74.75314033281576,890.0,7.0,74.92634484655872,3.0,0.0,0.0,1.0,1.0
4616.0,swap,74.86818966305333,890.0,7.0,74.92634484655872,2.0,0.0,1.0,2.0,1.0
4617.0,swap,74.74297700642136,891.0,3.0,74.77488286874836,5.0,0.0,0.0,0.0,2.0
4618.0,add_cx,74.74297700642136,892.0,4.0,74.74297700642136,5.0,0.0,0.0,0.0,3.0
4619.0,add_rx,74.74297700642136,892.0,4.0,74.74297700642136,5.0,1.0,0.0,0.0,2.0
4620.0,add_ry,74.73029811438782,892.0,4.0,74.74297700642136,5.0,0.0,1.0,0.0,2.0
4621.0,add_rz,74.73997089636042,892.0,4.0,74.74297700642136,5.0,0.0,0.0,1.0,2.0
4622.0,delete,74.74297700642136,892.0,4.0,74.74297700642136,5.0,0.0,0.0,0.0,1.0
4623.0,swap,74.87864904073577,892.0,4.0,74.74297700642136,4.0,0.0,0.0,1.0,2.0
4624.0,swap,74.87864904073577,893.0,5.0,74.87864904073577,4.0,0.0,0.0,1.0,2.0
4625.0,add_cx,74.87864904073577,893.0,5.0,74.87864904073577,4.0,0.0,0.0,1.0,3.0
4626.0,add_rx,74.87864904073577,893.0,5.0,74.87864904073577,4.0,1.0,0.0,1.0,2.0
4627.0,add_ry,74.93972365437413,893.0,5.0,74.87864904073577,4.0,0.0,1.0,1.0,2.0
4628.0,add_rz,74.87864949015862,893.0,5.0,74.87864904073577,4.0,0.0,0.0,2.0,2.0
4629.0,delete,74.87864904073575,893.0,5.0,74.87864904073577,4.0,0.0,0.0,0.0,2.0
4630.0,swap,74.81901650292454,893.0,5.0,74.87864904073577,3.0,0.0,0.0,1.0,3.0
4631.0,swap,74.63885372697233,894.0,2.0,74.73401524719944,6.0,0.0,0.0,1.0,0.0
4632.0,swap,74.63923757247379,895.0,3.0,74.63885372697233,6.0,0.0,0.0,1.0,0.0
4633.0,add_cx,74.5210697254145,895.0,3.0,74.63885372697233,6.0,0.0,0.0,1.0,1.0
4634.0,add_rx,74.63885372697233,895.0,3.0,74.63885372697233,6.0,1.0,0.0,1.0,0.0
4635.0,add_ry,74.52492451816205,895.0,3.0,74.63885372697233,6.0,0.0,1.0,1.0,0.0
4636.0,add_rz,74.68142041045947,895.0,3.0,74.63885372697233,6.0,0.0,0.0,2.0,0.0
4637.0,delete,74.57581005116285,895.0,3.0,74.63885372697233,5.0,0.0,0.0,1.0,0.0
4638.0,swap,74.62443776669764,895.0,3.0,74.63885372697233,5.0,0.0,1.0,1.0,0.0
4639.0,swap,74.63857481876093,896.0,4.0,74.63923757247379,6.0,0.0,0.0,1.0,0.0
4640.0,add_cx,74.64307715229509,896.0,4.0,74.63923757247379,6.0,0.0,0.0,1.0,1.0
4641.0,add_rx,74.63092938541105,896.0,4.0,74.63923757247379,6.0,1.0,0.0,1.0,0.0
4642.0,add_ry,74.6301393489703,896.0,4.0,74.63923757247379,6.0,0.0,1.0,1.0,0.0
4643.0,add_rz,74.64384061386143,896.0,4.0,74.63923757247379,6.0,0.0,0.0,2.0,0.0
4644.0,delete,74.64494185732738,896.0,4.0,74.63923757247379,6.0,0.0,0.0,0.0,0.0
4645.0,swap,74.64494185732737,896.0,4.0,74.63923757247379,6.0,0.0,0.0,1.0,0.0
4646.0,swap,74.62362843185703,897.0,4.0,74.62443776669764,5.0,0.0,1.0,1.0,0.0
4647.0,add_cx,74.36299164573197,897.0,4.0,74.62443776669764,5.0,0.0,1.0,1.0,1.0
4648.0,add_rx,74.47771511628936,897.0,4.0,74.62443776669764,5.0,1.0,1.0,1.0,0.0
4649.0,add_ry,74.53009783825203,897.0,4.0,74.62443776669764,5.0,0.0,2.0,1.0,0.0
4650.0,add_rz,74.60210732753278,897.0,4.0,74.62443776669764,5.0,0.0,1.0,2.0,0.0
4651.0,delete,74.37335917694465,897.0,4.0,74.62443776669764,4.0,0.0,1.0,1.0,0.0
4652.0,swap,74.21378439431358,897.0,4.0,74.62443776669764,4.0,0.0,2.0,1.0,0.0
4653.0,delete,74.57581005116285,898.0,4.0,74.57581005116285,5.0,0.0,0.0,1.0,0.0
4654.0,add_cx,74.57581005116285,898.0,4.0,74.57581005116285,5.0,0.0,0.0,1.0,1.0
4655.0,add_rx,74.57581005116285,898.0,4.0,74.57581005116285,5.0,1.0,0.0,1.0,0.0
4656.0,add_ry,74.69451312691419,898.0,4.0,74.57581005116285,5.0,0.0,1.0,1.0,0.0
4657.0,add_rz,74.61433151244394,898.0,4.0,74.57581005116285,5.0,0.0,0.0,2.0,0.0
4658.0,delete,74.726318284366,898.0,4.0,74.57581005116285,4.0,0.0,0.0,1.0,0.0
4659.0,swap,74.60927485617803,898.0,4.0,74.57581005116285,4.0,0.0,1.0,1.0,0.0
4660.0,add_rz,74.68118459573756,899.0,4.0,74.68142041045947,6.0,0.0,0.0,2.0,0.0
4661.0,add_cx,74.74758127706102,899.0,4.0,74.68142041045947,6.0,0.0,0.0,2.0,1.0
4662.0,add_rx,74.68142041045947,899.0,4.0,74.68142041045947,6.0,1.0,0.0,2.0,0.0
4663.0,add_ry,74.56657420769524,899.0,4.0,74.68142041045947,6.0,0.0,1.0,2.0,0.0
4664.0,add_rz,74.64904482812743,899.0,4.0,74.68142041045947,6.0,0.0,0.0,3.0,0.0
4665.0,delete,74.66071270634716,899.0,4.0,74.68142041045947,5.0,0.0,0.0,2.0,0.0
4666.0,swap,74.7156217263905,899.0,4.0,74.68142041045947,6.0,0.0,1.0,1.0,0.0
4667.0,change,74.63891125873674,900.0,3.0,74.63946032580341,6.0,0.0,0.0,1.0,0.0
4668.0,change,74.63786151767718,901.0,4.0,74.63891125873674,6.0,0.0,0.0,1.0,0.0
4669.0,add_cx,74.63891125873674,901.0,4.0,74.63891125873674,6.0,0.0,0.0,1.0,1.0
4670.0,add_rx,74.63579886033455,901.0,4.0,74.63891125873674,6.0,1.0,0.0,1.0,0.0
4671.0,add_ry,74.65011354877487,901.0,4.0,74.63891125873674,6.0,0.0,1.0,1.0,0.0
4672.0,add_rz,74.67078033265561,901.0,4.0,74.63891125873674,6.0,0.0,0.0,2.0,0.0
4673.0,delete,74.6241035416787,901.0,4.0,74.63891125873674,5.0,0.0,0.0,1.0,0.0
4674.0,swap,74.61796590120441,901.0,4.0,74.63891125873674,5.0,0.0,0.0,1.0,1.0
4675.0,add_cx,74.74297700642136,902.0,5.0,74.74297700642136,5.0,0.0,0.0,0.0,2.0
4676.0,add_rx,74.74297700642136,902.0,5.0,74.74297700642136,5.0,1.0,0.0,0.0,1.0
4677.0,add_ry,74.71035839516229,902.0,5.0,74.74297700642136,5.0,0.0,1.0,0.0,1.0
4678.0,add_rz,74.74297700642138,902.0,5.0,74.74297700642136,5.0,0.0,0.0,1.0,1.0
4679.0,delete,74.87864904073575,902.0,5.0,74.74297700642136,4.0,0.0,0.0,0.0,1.0
4680.0,swap,74.87864904073575,902.0,5.0,74.74297700642136,4.0,0.0,0.0,1.0,1.0
4681.0,swap,74.59383684756727,903.0,4.0,74.87882935639202,5.0,1.0,0.0,0.0,1.0
4682.0,add_cx,74.74297700642136,904.0,5.0,74.74297700642136,5.0,0.0,0.0,0.0,4.0
4683.0,add_rx,74.74297700642136,904.0,5.0,74.74297700642136,5.0,1.0,0.0,0.0,3.0
4684.0,add_ry,74.73538381138215,904.0,5.0,74.74297700642136,5.0,0.0,1.0,0.0,3.0
4685.0,add_rz,74.71977480814506,904.0,5.0,74.74297700642136,5.0,0.0,0.0,1.0,3.0
4686.0,delete,74.74297700642136,904.0,5.0,74.74297700642136,5.0,0.0,0.0,0.0,2.0
4687.0,swap,74.77568814380064,904.0,5.0,74.74297700642136,4.0,1.0,0.0,0.0,3.0
4688.0,swap,74.59383684756727,905.0,5.0,74.59383684756727,5.0,1.0,0.0,0.0,1.0
4689.0,add_cx,74.58248923479323,905.0,5.0,74.59383684756727,5.0,1.0,0.0,0.0,2.0
4690.0,add_rx,74.59383684756727,905.0,5.0,74.59383684756727,5.0,2.0,0.0,0.0,1.0
4691.0,add_ry,74.63375484963765,905.0,5.0,74.59383684756727,5.0,1.0,1.0,0.0,1.0
4692.0,add_rz,74.59383684756729,905.0,5.0,74.59383684756727,5.0,1.0,0.0,1.0,1.0
4693.0,delete,74.62687277733036,905.0,5.0,74.59383684756727,4.0,1.0,0.0,0.0,1.0
4694.0,swap,74.64297125925022,905.0,5.0,74.59383684756727,5.0,1.0,0.0,0.0,1.0
4695.0,delete,74.55251025199018,906.0,4.0,74.77708064318846,4.0,0.0,0.0,0.0,2.0
4696.0,add_cx,74.42595039178798,907.0,5.0,74.55251025199018,4.0,0.0,0.0,0.0,3.0
4697.0,add_rx,74.55251025199018,907.0,5.0,74.55251025199018,4.0,1.0,0.0,0.0,2.0
4698.0,add_ry,74.46373506442319,907.0,5.0,74.55251025199018,4.0,0.0,1.0,0.0,2.0
4699.0,add_rz,74.55844747756942,907.0,5.0,74.55251025199018,4.0,0.0,0.0,1.0,2.0
4700.0,delete,74.75314033281576,907.0,5.0,74.55251025199018,3.0,0.0,0.0,0.0,2.0
4701.0,swap,74.502851523148,907.0,5.0,74.55251025199018,3.0,1.0,0.0,0.0,2.0
4702.0,add_rx,74.74297700642137,908.0,5.0,74.74297700642136,5.0,1.0,0.0,0.0,2.0
4703.0,add_cx,74.74297700642136,908.0,5.0,74.74297700642136,5.0,1.0,0.0,0.0,3.0
4704.0,add_rx,74.7493109747164,908.0,5.0,74.74297700642136,5.0,2.0,0.0,0.0,2.0
4705.0,add_ry,74.88007618671573,908.0,5.0,74.74297700642136,5.0,1.0,1.0,0.0,2.0
4706.0,add_rz,74.74196405829169,908.0,5.0,74.74297700642136,5.0,1.0,0.0,1.0,2.0
4707.0,delete,74.71184772066123,908.0,5.0,74.74297700642136,4.0,1.0,0.0,0.0,2.0
4708.0,swap,74.59383684756726,908.0,5.0,74.74297700642136,5.0,1.0,0.0,1.0,1.0
4709.0,swap,74.59383684756727,909.0,4.0,74.74325439765104,5.0,0.0,0.0,0.0,2.0
4710.0,add_rz,74.74006200645587,910.0,5.0,74.73997089636042,5.0,0.0,0.0,1.0,2.0
4711.0,add_cx,74.73997089636042,910.0,5.0,74.73997089636042,5.0,0.0,0.0,1.0,3.0
4712.0,add_rx,74.73997089636042,910.0,5.0,74.73997089636042,5.0,1.0,0.0,1.0,2.0
4713.0,add_ry,74.70828835263563,910.0,5.0,74.73997089636042,5.0,0.0,1.0,1.0,2.0
4714.0,add_rz,74.73997089636042,910.0,5.0,74.73997089636042,5.0,0.0,0.0,2.0,2.0
4715.0,delete,74.73997089636042,910.0,5.0,74.73997089636042,5.0,0.0,0.0,1.0,1.0
4716.0,swap,73.88128471142804,910.0,5.0,74.73997089636042,4.0,0.0,1.0,1.0,2.0
4717.0,swap,75.0003132197867,911.0,7.0,74.98217596676571,4.0,0.0,2.0,0.0,1.0
4718.0,add_cx,74.62637359732845,911.0,7.0,74.98217596676571,4.0,0.0,2.0,0.0,2.0
4719.0,add_rx,74.9138047058622,911.0,7.0,74.98217596676571,4.0,1.0,2.0,0.0,1.0
4720.0,add_ry,74.95986588453657,911.0,7.0,74.98217596676571,4.0,0.0,3.0,0.0,1.0
4721.0,add_rz,74.9523349983196,911.0,7.0,74.98217596676571,4.0,0.0,2.0,1.0,1.0
4722.0,delete,74.97743479017986,911.0,7.0,74.98217596676571,3.0,0.0,2.0,0.0,1.0
4723.0,swap,74.64709529536212,911.0,7.0,74.98217596676571,3.0,1.0,2.0,0.0,1.0
4724.0,delete,74.94394295510136,912.0,7.0,74.94380315155853,4.0,0.0,1.0,0.0,1.0
4725.0,add_cx,74.94380315155853,912.0,7.0,74.94380315155853,4.0,0.0,1.0,0.0,2.0
4726.0,add_rx,74.92504241271513,912.0,7.0,74.94380315155853,4.0,1.0,1.0,0.0,1.0
4727.0,add_ry,74.89546786866822,912.0,7.0,74.94380315155853,4.0,0.0,2.0,0.0,1.0
4728.0,add_rz,74.94380315155853,912.0,7.0,74.94380315155853,4.0,0.0,1.0,1.0,1.0
4729.0,delete,74.83020784035178,912.0,7.0,74.94380315155853,3.0,0.0,1.0,0.0,1.0
4730.0,swap,74.34932068445927,912.0,7.0,74.94380315155853,4.0,0.0,1.0,0.0,1.0
4731.0,swap,74.66549887630148,913.0,6.0,74.66491669856464,5.0,0.0,1.0,0.0,1.0
4732.0,add_cx,74.66491669856464,913.0,6.0,74.66491669856464,5.0,0.0,1.0,0.0,2.0
4733.0,add_rx,74.66491669856464,913.0,6.0,74.66491669856464,5.0,1.0,1.0,0.0,1.0
4734.0,add_ry,74.77974092027522,913.0,6.0,74.66491669856464,5.0,0.0,2.0,0.0,1.0
4735.0,add_rz,74.66491669856462,913.0,6.0,74.66491669856464,5.0,0.0,1.0,1.0,1.0
4736.0,delete,74.58408433794244,913.0,6.0,74.66491669856464,4.0,0.0,1.0,0.0,1.0
4737.0,swap,73.60690207535174,913.0,6.0,74.66491669856464,4.0,1.0,1.0,0.0,1.0
4738.0,swap,74.96406832026808,914.0,7.0,74.96366104377972,3.0,1.0,1.0,1.0,1.0
4739.0,add_cx,74.96541575540522,914.0,7.0,74.96366104377972,3.0,1.0,1.0,1.0,2.0
4740.0,add_rx,74.9063875528793,914.0,7.0,74.96366104377972,3.0,2.0,1.0,1.0,1.0
4741.0,add_ry,74.86302675406948,914.0,7.0,74.96366104377972,3.0,1.0,2.0,1.0,1.0
4742.0,add_rz,74.94719409362841,914.0,7.0,74.96366104377972,3.0,1.0,1.0,2.0,1.0
4743.0,delete,74.98992643463735,914.0,7.0,74.96366104377972,2.0,1.0,1.0,1.0,1.0
4744.0,swap,74.98992643463734,914.0,7.0,74.96366104377972,2.0,1.0,1.0,2.0,1.0
4745.0,add_cx,74.82044917844641,915.0,6.0,74.82156910068058,5.0,0.0,1.0,0.0,2.0
4746.0,add_cx,74.82156910068058,915.0,6.0,74.82156910068058,5.0,0.0,1.0,0.0,3.0
4747.0,add_rx,74.86756479977426,915.0,6.0,74.82156910068058,5.0,1.0,1.0,0.0,2.0
4748.0,add_ry,74.81900214919509,915.0,6.0,74.82156910068058,5.0,0.0,2.0,0.0,2.0
4749.0,add_rz,74.82156910068056,915.0,6.0,74.82156910068058,5.0,0.0,1.0,1.0,2.0
4750.0,delete,74.87329454090116,915.0,6.0,74.82156910068058,4.0,0.0,1.0,0.0,2.0
4751.0,swap,74.78674172552273,915.0,6.0,74.82156910068058,4.0,1.0,1.0,0.0,2.0
4752.0,swap,75.05232460224548,916.0,7.0,75.0489672082597,4.0,0.0,1.0,0.0,2.0
4753.0,add_cx,75.0489672082597,916.0,7.0,75.0489672082597,4.0,0.0,1.0,0.0,3.0
4754.0,add_rx,75.0489672082597,916.0,7.0,75.0489672082597,4.0,1.0,1.0,0.0,2.0
4755.0,add_ry,74.96482721929746,916.0,7.0,75.0489672082597,4.0,0.0,2.0,0.0,2.0
4756.0,add_rz,75.0489672082597,916.0,7.0,75.0489672082597,4.0,0.0,1.0,1.0,2.0
4757.0,delete,75.12575726638092,916.0,7.0,75.0489672082597,3.0,0.0,1.0,0.0,2.0
4758.0,swap,75.12575726638093,916.0,7.0,75.0489672082597,3.0,0.0,1.0,1.0,2.0
4759.0,add_cx,75.0452458127738,917.0,7.0,75.05310747147566,4.0,0.0,1.0,0.0,3.0
4760.0,add_cx,75.05310747147566,917.0,7.0,75.05310747147566,4.0,0.0,1.0,0.0,4.0
4761.0,add_rx,75.05310747147566,917.0,7.0,75.05310747147566,4.0,1.0,1.0,0.0,3.0
4762.0,add_ry,75.05247755295461,917.0,7.0,75.05310747147566,4.0,0.0,2.0,0.0,3.0
4763.0,add_rz,75.05310747147567,917.0,7.0,75.05310747147566,4.0,0.0,1.0,1.0,3.0
4764.0,delete,75.05310747147566,917.0,7.0,75.05310747147566,4.0,0.0,1.0,0.0,2.0
4765.0,swap,75.05310747147563,917.0,7.0,75.05310747147566,4.0,0.0,1.0,1.0,2.0
4766.0,change,75.04633342425713,918.0,6.0,75.05806689841793,4.0,0.0,1.0,0.0,2.0
4767.0,change,75.02766902204418,919.0,7.0,75.04633342425713,4.0,0.0,1.0,0.0,2.0
4768.0,add_cx,75.04633342425713,919.0,7.0,75.04633342425713,4.0,0.0,1.0,0.0,3.0
4769.0,add_rx,75.0247842690259,919.0,7.0,75.04633342425713,4.0,1.0,1.0,0.0,2.0
4770.0,add_ry,74.95047713203876,919.0,7.0,75.04633342425713,4.0,0.0,2.0,0.0,2.0
4771.0,add_rz,75.05300835722643,919.0,7.0,75.04633342425713,4.0,0.0,1.0,1.0,2.0
4772.0,delete,74.89999259697314,919.0,7.0,75.04633342425713,3.0,0.0,1.0,0.0,2.0
4773.0,swap,74.19685266474099,919.0,7.0,75.04633342425713,4.0,0.0,2.0,0.0,1.0
4774.0,add_cx,75.04518256228296,920.0,7.0,75.05310747147564,4.0,1.0,1.0,0.0,2.0
4775.0,add_cx,75.05310747147564,920.0,7.0,75.05310747147564,4.0,1.0,1.0,0.0,3.0
4776.0,add_rx,75.04782059835267,920.0,7.0,75.05310747147564,4.0,2.0,1.0,0.0,2.0
4777.0,add_ry,74.23874422990953,920.0,7.0,75.05310747147564,4.0,1.0,2.0,0.0,2.0
4778.0,add_rz,74.9465292174147,920.0,7.0,75.05310747147564,4.0,1.0,1.0,1.0,2.0
4779.0,delete,74.86116374091723,920.0,7.0,75.05310747147564,3.0,1.0,1.0,0.0,2.0
4780.0,swap,74.79256000012427,920.0,7.0,75.05310747147564,3.0,1.0,2.0,0.0,2.0
4781.0,add_cx,75.05078873133664,921.0,7.0,75.05310747147566,4.0,0.0,1.0,0.0,2.0
4782.0,add_cx,75.05310747147566,921.0,7.0,75.05310747147566,4.0,0.0,1.0,0.0,3.0
4783.0,add_rx,74.83966650414246,921.0,7.0,75.05310747147566,4.0,1.0,1.0,0.0,2.0
4784.0,add_ry,74.83291601363236,921.0,7.0,75.05310747147566,4.0,0.0,2.0,0.0,2.0
4785.0,add_rz,74.96973663665801,921.0,7.0,75.05310747147566,4.0,0.0,1.0,1.0,2.0
4786.0,delete,74.84635148553278,921.0,7.0,75.05310747147566,3.0,0.0,1.0,0.0,2.0
4787.0,swap,75.04963874830386,921.0,7.0,75.05310747147566,3.0,0.0,1.0,1.0,2.0
4788.0,swap,74.82382424862021,922.0,5.0,74.93716854433514,5.0,0.0,0.0,1.0,1.0
4789.0,swap,74.82382424862021,923.0,6.0,74.82382424862021,5.0,0.0,0.0,1.0,1.0
4790.0,add_cx,74.82382424862021,923.0,6.0,74.82382424862021,5.0,0.0,0.0,1.0,2.0
4791.0,add_rx,74.82382424862021,923.0,6.0,74.82382424862021,5.0,1.0,0.0,1.0,1.0
4792.0,add_ry,74.70946864876008,923.0,6.0,74.82382424862021,5.0,0.0,1.0,1.0,1.0
4793.0,add_rz,74.8047869075453,923.0,6.0,74.82382424862021,5.0,0.0,0.0,2.0,1.0
4794.0,delete,74.88072071905192,923.0,6.0,74.82382424862021,4.0,0.0,0.0,1.0,1.0
4795.0,swap,74.8807207190519,923.0,6.0,74.82382424862021,4.0,0.0,0.0,2.0,1.0
4796.0,delete,74.19060304484742,924.0,6.0,75.0206624741461,4.0,0.0,1.0,0.0,0.0
4797.0,add_ry,74.94478047955387,925.0,6.0,74.95695270808416,5.0,0.0,2.0,0.0,1.0
4798.0,add_cx,74.95695270808416,925.0,6.0,74.95695270808416,5.0,0.0,2.0,0.0,2.0
4799.0,add_rx,74.78372386143297,925.0,6.0,74.95695270808416,5.0,1.0,2.0,0.0,1.0
4800.0,add_ry,74.94519787115499,925.0,6.0,74.95695270808416,5.0,0.0,3.0,0.0,1.0
4801.0,add_rz,74.97031715517237,925.0,6.0,74.95695270808416,5.0,0.0,2.0,1.0,1.0
4802.0,delete,74.81544651269108,925.0,6.0,74.95695270808416,5.0,0.0,1.0,0.0,1.0
4803.0,swap,75.00714659116967,925.0,6.0,74.95695270808416,4.0,0.0,3.0,0.0,1.0
4804.0,swap,74.795267069435,926.0,5.0,74.88101569108493,4.0,0.0,1.0,0.0,2.0
4805.0,swap,74.79879011512456,927.0,6.0,74.795267069435,4.0,0.0,1.0,0.0,2.0
4806.0,add_cx,74.795267069435,927.0,6.0,74.795267069435,4.0,0.0,1.0,0.0,3.0
4807.0,add_rx,74.77430852395575,927.0,6.0,74.795267069435,4.0,1.0,1.0,0.0,2.0
4808.0,add_ry,74.93282660276623,927.0,6.0,74.795267069435,4.0,0.0,2.0,0.0,2.0
4809.0,add_rz,74.795267069435,927.0,6.0,74.795267069435,4.0,0.0,1.0,1.0,2.0
4810.0,delete,74.77529558736677,927.0,6.0,74.795267069435,3.0,0.0,1.0,0.0,2.0
4811.0,swap,74.85200943106264,927.0,6.0,74.795267069435,4.0,0.0,1.0,1.0,1.0
4812.0,delete,74.88072071905194,928.0,7.0,74.88072071905192,4.0,0.0,0.0,1.0,1.0
4813.0,add_cx,74.90339812811763,928.0,7.0,74.88072071905192,4.0,0.0,0.0,1.0,2.0
4814.0,add_rx,74.87402304118007,928.0,7.0,74.88072071905192,4.0,1.0,0.0,1.0,1.0
4815.0,add_ry,74.82426956978821,928.0,7.0,74.88072071905192,4.0,0.0,1.0,1.0,1.0
4816.0,add_rz,74.88072071905194,928.0,7.0,74.88072071905192,4.0,0.0,0.0,2.0,1.0
4817.0,delete,74.82445579554376,928.0,7.0,74.88072071905192,3.0,0.0,0.0,1.0,1.0
4818.0,swap,74.84209568347866,928.0,7.0,74.88072071905192,3.0,1.0,0.0,1.0,1.0
4819.0,change,74.81508706357587,929.0,4.0,74.84472895646734,5.0,0.0,1.0,0.0,1.0
4820.0,change,74.8175320842117,930.0,5.0,74.81508706357587,5.0,0.0,1.0,0.0,1.0
4821.0,add_cx,74.81508706357587,930.0,5.0,74.81508706357587,5.0,0.0,1.0,0.0,2.0
4822.0,add_rx,74.81508706357589,930.0,5.0,74.81508706357587,5.0,1.0,1.0,0.0,1.0
4823.0,add_ry,75.01141234734928,930.0,5.0,74.81508706357587,5.0,0.0,2.0,0.0,1.0
4824.0,add_rz,74.81508706357587,930.0,5.0,74.81508706357587,5.0,0.0,1.0,1.0,1.0
4825.0,delete,74.82382424862024,930.0,5.0,74.81508706357587,5.0,0.0,0.0,0.0,1.0
4826.0,swap,74.40472387433434,930.0,5.0,74.81508706357587,5.0,0.0,2.0,0.0,0.0
4827.0,add_cx,74.82382424862024,931.0,6.0,74.82382424862024,5.0,0.0,0.0,0.0,2.0
4828.0,add_rx,74.82382424862021,931.0,6.0,74.82382424862024,5.0,1.0,0.0,0.0,1.0
4829.0,add_ry,74.72568480729417,931.0,6.0,74.82382424862024,5.0,0.0,1.0,0.0,1.0
4830.0,add_rz,74.82382424862021,931.0,6.0,74.82382424862024,5.0,0.0,0.0,1.0,1.0
4831.0,delete,74.87503802849369,931.0,6.0,74.82382424862024,4.0,0.0,0.0,0.0,1.0
4832.0,swap,74.8807207190519,931.0,6.0,74.82382424862024,4.0,0.0,0.0,0.0,2.0
4833.0,change,74.81224986072257,932.0,6.0,74.8175320842117,5.0,0.0,1.0,0.0,1.0
4834.0,add_cx,74.8175320842117,932.0,6.0,74.8175320842117,5.0,0.0,1.0,0.0,2.0
4835.0,add_rx,74.81234831768349,932.0,6.0,74.8175320842117,5.0,1.0,1.0,0.0,1.0
4836.0,add_ry,74.25236100146034,932.0,6.0,74.8175320842117,5.0,0.0,2.0,0.0,1.0
4837.0,add_rz,74.82512366165705,932.0,6.0,74.8175320842117,5.0,0.0,1.0,1.0,1.0
4838.0,delete,74.87774121704172,932.0,6.0,74.8175320842117,4.0,0.0,1.0,0.0,1.0
4839.0,swap,74.96234767220562,932.0,6.0,74.8175320842117,4.0,0.0,1.0,1.0,1.0
4840.0,add_ry,75.01164167981719,933.0,6.0,75.01141234734928,5.0,0.0,2.0,0.0,1.0
4841.0,add_cx,75.18238226502648,933.0,6.0,75.01141234734928,5.0,0.0,2.0,0.0,2.0
4842.0,add_rx,75.01141234734926,933.0,6.0,75.01141234734928,5.0,1.0,2.0,0.0,1.0
4843.0,add_ry,74.89389373640023,933.0,6.0,75.01141234734928,5.0,0.0,3.0,0.0,1.0
4844.0,add_rz,75.00660066871231,933.0,6.0,75.01141234734928,5.0,0.0,2.0,1.0,1.0
4845.0,delete,75.06736922544883,933.0,6.0,75.01141234734928,4.0,0.0,2.0,0.0,1.0
4846.0,swap,74.8360807365429,933.0,6.0,75.01141234734928,5.0,0.0,3.0,0.0,0.0
4847.0,add_rx,74.81508706357586,934.0,6.0,74.81508706357589,5.0,1.0,1.0,0.0,1.0
4848.0,add_cx,74.99774714145776,934.0,6.0,74.81508706357589,5.0,1.0,1.0,0.0,2.0
4849.0,add_rx,74.84238070121836,934.0,6.0,74.81508706357589,5.0,2.0,1.0,0.0,1.0
4850.0,add_ry,74.96444675842585,934.0,6.0,74.81508706357589,5.0,1.0,2.0,0.0,1.0
4851.0,add_rz,74.8316064492555,934.0,6.0,74.81508706357589,5.0,1.0,1.0,1.0,1.0
4852.0,delete,75.00971361797676,934.0,6.0,74.81508706357589,4.0,1.0,1.0,0.0,1.0
4853.0,swap,74.81447939902175,934.0,6.0,74.81508706357589,5.0,1.0,1.0,0.0,1.0
4854.0,swap,74.40785127683533,935.0,6.0,74.40472387433434,5.0,0.0,2.0,0.0,0.0
4855.0,add_cx,74.12748017230852,935.0,6.0,74.40472387433434,5.0,0.0,2.0,0.0,1.0
4856.0,add_rx,74.40472387433434,935.0,6.0,74.40472387433434,5.0,1.0,2.0,0.0,0.0
4857.0,add_ry,74.55284345385589,935.0,6.0,74.40472387433434,5.0,0.0,3.0,0.0,0.0
4858.0,add_rz,74.38551916427853,935.0,6.0,74.40472387433434,5.0,0.0,2.0,1.0,0.0
4859.0,delete,74.54540461615102,935.0,6.0,74.40472387433434,4.0,0.0,2.0,0.0,0.0
4860.0,swap,74.50799802305396,935.0,6.0,74.40472387433434,4.0,1.0,2.0,0.0,0.0
4861.0,change,75.05140510771952,936.0,6.0,75.0008274041165,4.0,0.0,1.0,0.0,1.0
4862.0,change,75.05370909101907,937.0,7.0,75.05140510771952,4.0,0.0,1.0,0.0,1.0
4863.0,add_cx,74.99868280297501,937.0,7.0,75.05140510771952,4.0,0.0,1.0,0.0,2.0
4864.0,add_rx,74.86890719664649,937.0,7.0,75.05140510771952,4.0,1.0,1.0,0.0,1.0
4865.0,add_ry,74.32079423412198,937.0,7.0,75.05140510771952,4.0,0.0,2.0,0.0,1.0
4866.0,add_rz,75.04771493191203,937.0,7.0,75.05140510771952,4.0,0.0,1.0,1.0,1.0
4867.0,delete,75.034639824197,937.0,7.0,75.05140510771952,3.0,0.0,1.0,0.0,1.0
4868.0,swap,75.11911365233607,937.0,7.0,75.05140510771952,3.0,0.0,1.0,1.0,1.0
4869.0,delete,74.97616681882145,938.0,7.0,74.97433445204841,4.0,0.0,1.0,0.0,1.0
4870.0,add_cx,74.97433445204841,938.0,7.0,74.97433445204841,4.0,0.0,1.0,0.0,2.0
4871.0,add_rx,74.91034022303715,938.0,7.0,74.97433445204841,4.0,1.0,1.0,0.0,1.0
4872.0,add_ry,74.89486226356937,938.0,7.0,74.97433445204841,4.0,0.0,2.0,0.0,1.0
4873.0,add_rz,74.97433445204841,938.0,7.0,74.97433445204841,4.0,0.0,1.0,1.0,1.0
4874.0,delete,74.35143763731523,938.0,7.0,74.97433445204841,4.0,0.0,1.0,0.0,0.0
4875.0,swap,74.16451049044927,938.0,7.0,74.97433445204841,4.0,1.0,1.0,0.0,0.0
4876.0,add_cx,74.87331442503324,939.0,6.0,74.86598995608696,5.0,0.0,1.0,0.0,2.0
4877.0,add_cx,74.86598995608696,939.0,6.0,74.86598995608696,5.0,0.0,1.0,0.0,3.0
4878.0,add_rx,74.86598995608696,939.0,6.0,74.86598995608696,5.0,1.0,1.0,0.0,2.0
4879.0,add_ry,74.97154292853682,939.0,6.0,74.86598995608696,5.0,0.0,2.0,0.0,2.0
4880.0,add_rz,74.86687751197478,939.0,6.0,74.86598995608696,5.0,0.0,1.0,1.0,2.0
4881.0,delete,74.75299024925326,939.0,6.0,74.86598995608696,4.0,0.0,1.0,0.0,2.0
4882.0,swap,74.79177223067813,939.0,6.0,74.86598995608696,4.0,1.0,1.0,0.0,2.0
4883.0,add_ry,74.83343937115181,940.0,5.0,74.96673057009744,5.0,0.0,2.0,0.0,1.0
4884.0,swap,74.96056868098782,941.0,7.0,74.96055885093493,4.0,1.0,1.0,0.0,1.0
4885.0,add_cx,74.61744960765759,941.0,7.0,74.96055885093493,4.0,1.0,1.0,0.0,2.0
4886.0,add_rx,74.83543659042988,941.0,7.0,74.96055885093493,4.0,2.0,1.0,0.0,1.0
4887.0,add_ry,74.94765304040622,941.0,7.0,74.96055885093493,4.0,1.0,2.0,0.0,1.0
4888.0,add_rz,74.96755802859099,941.0,7.0,74.96055885093493,4.0,1.0,1.0,1.0,1.0
4889.0,delete,74.8263001298173,941.0,7.0,74.96055885093493,3.0,1.0,1.0,0.0,1.0
4890.0,swap,74.93801346752768,941.0,7.0,74.96055885093493,3.0,1.0,1.0,1.0,1.0
4891.0,change,74.81563866958518,942.0,5.0,74.80132696788223,5.0,0.0,1.0,0.0,1.0
4892.0,add_rx,74.84558334388306,943.0,6.0,74.84612894857533,5.0,1.0,1.0,0.0,1.0
4893.0,add_cx,74.3827123022975,943.0,6.0,74.84612894857533,5.0,1.0,1.0,0.0,2.0
4894.0,add_rx,74.30602735767411,943.0,6.0,74.84612894857533,5.0,2.0,1.0,0.0,1.0
4895.0,add_ry,74.84707810134466,943.0,6.0,74.84612894857533,5.0,1.0,2.0,0.0,1.0
4896.0,add_rz,74.80510666814548,943.0,6.0,74.84612894857533,5.0,1.0,1.0,1.0,1.0
4897.0,delete,74.81400406866501,943.0,6.0,74.84612894857533,5.0,0.0,1.0,0.0,1.0
4898.0,swap,74.82310108635863,943.0,6.0,74.84612894857533,4.0,1.0,2.0,0.0,1.0
4899.0,add_cx,74.9089929200067,944.0,6.0,74.93634985816243,5.0,0.0,1.0,0.0,2.0
4900.0,add_cx,74.93634985816243,944.0,6.0,74.93634985816243,5.0,0.0,1.0,0.0,3.0
4901.0,add_rx,74.93634985816244,944.0,6.0,74.93634985816243,5.0,1.0,1.0,0.0,2.0
4902.0,add_ry,74.98206913039965,944.0,6.0,74.93634985816243,5.0,0.0,2.0,0.0,2.0
4903.0,add_rz,74.91895880943706,944.0,6.0,74.93634985816243,5.0,0.0,1.0,1.0,2.0
4904.0,delete,74.28051531580854,944.0,6.0,74.93634985816243,5.0,0.0,1.0,0.0,1.0
4905.0,swap,74.99966086116598,944.0,6.0,74.93634985816243,4.0,1.0,1.0,0.0,2.0
4906.0,add_ry,74.84495695764032,945.0,6.0,74.83343937115181,5.0,0.0,2.0,0.0,1.0
4907.0,add_cx,74.83343937115181,945.0,6.0,74.83343937115181,5.0,0.0,2.0,0.0,2.0
4908.0,add_rx,74.8111745127444,945.0,6.0,74.83343937115181,5.0,1.0,2.0,0.0,1.0
4909.0,add_ry,74.75287532186341,945.0,6.0,74.83343937115181,5.0,0.0,3.0,0.0,1.0
4910.0,add_rz,74.89392366201622,945.0,6.0,74.83343937115181,5.0,0.0,2.0,1.0,1.0
4911.0,delete,73.93916438993749,945.0,6.0,74.83343937115181,5.0,0.0,2.0,0.0,0.0
4912.0,swap,74.66989146544822,945.0,6.0,74.83343937115181,4.0,0.0,2.0,0.0,2.0
4913.0,add_cx,74.86664681490956,946.0,4.0,74.8592042580518,5.0,0.0,1.0,0.0,2.0
4914.0,add_cx,74.86009383926728,947.0,5.0,74.86664681490956,5.0,0.0,1.0,0.0,2.0
4915.0,add_cx,74.86664681490956,947.0,5.0,74.86664681490956,5.0,0.0,1.0,0.0,3.0
4916.0,add_rx,74.86664681490956,947.0,5.0,74.86664681490956,5.0,1.0,1.0,0.0,2.0
4917.0,add_ry,74.82550233171656,947.0,5.0,74.86664681490956,5.0,0.0,2.0,0.0,2.0
4918.0,add_rz,74.83424919435087,947.0,5.0,74.86664681490956,5.0,0.0,1.0,1.0,2.0
4919.0,delete,74.82382424862024,947.0,5.0,74.86664681490956,5.0,0.0,0.0,0.0,2.0
4920.0,swap,74.86413614528169,947.0,5.0,74.86664681490956,4.0,0.0,1.0,1.0,2.0
4921.0,swap,74.86562553198456,948.0,6.0,74.86413614528169,4.0,0.0,1.0,1.0,2.0
4922.0,add_cx,74.22304186493679,948.0,6.0,74.86413614528169,4.0,0.0,1.0,1.0,3.0
4923.0,add_rx,74.86151990789168,948.0,6.0,74.86413614528169,4.0,1.0,1.0,1.0,2.0
4924.0,add_ry,74.85159608564254,948.0,6.0,74.86413614528169,4.0,0.0,2.0,1.0,2.0
4925.0,add_rz,74.86413614528169,948.0,6.0,74.86413614528169,4.0,0.0,1.0,2.0,2.0
4926.0,delete,74.22304186493679,948.0,6.0,74.86413614528169,4.0,0.0,1.0,1.0,1.0
4927.0,swap,74.91572579798843,948.0,6.0,74.86413614528169,3.0,0.0,1.0,2.0,2.0
4928.0,change,74.8169908066516,949.0,6.0,74.81563866958518,5.0,0.0,1.0,0.0,1.0
4929.0,add_cx,74.81563866958518,949.0,6.0,74.81563866958518,5.0,0.0,1.0,0.0,2.0
4930.0,add_rx,74.81563866958517,949.0,6.0,74.81563866958518,5.0,1.0,1.0,0.0,1.0
4931.0,add_ry,74.8086409035878,949.0,6.0,74.81563866958518,5.0,0.0,2.0,0.0,1.0
4932.0,add_rz,74.81563866958517,949.0,6.0,74.81563866958518,5.0,0.0,1.0,1.0,1.0
4933.0,delete,74.62713566289835,949.0,6.0,74.81563866958518,4.0,0.0,1.0,0.0,1.0
4934.0,swap,74.82382424862021,949.0,6.0,74.81563866958518,5.0,0.0,0.0,1.0,1.0
4935.0,delete,74.96466895003088,950.0,5.0,74.8695123000268,4.0,0.0,1.0,0.0,1.0
4936.0,delete,74.95511490252359,951.0,6.0,74.96466895003088,4.0,0.0,1.0,0.0,1.0
4937.0,add_cx,74.96466895003088,951.0,6.0,74.96466895003088,4.0,0.0,1.0,0.0,2.0
4938.0,add_rx,74.96466895003084,951.0,6.0,74.96466895003088,4.0,1.0,1.0,0.0,1.0
4939.0,add_ry,74.9424134736182,951.0,6.0,74.96466895003088,4.0,0.0,2.0,0.0,1.0
4940.0,add_rz,74.96466895003088,951.0,6.0,74.96466895003088,4.0,0.0,1.0,1.0,1.0
4941.0,delete,74.8807207190519,951.0,6.0,74.96466895003088,4.0,0.0,0.0,0.0,1.0
4942.0,swap,74.96933877967075,951.0,6.0,74.96466895003088,4.0,0.0,1.0,0.0,1.0
4943.0,delete,74.87999834995202,952.0,5.0,74.91014762970015,4.0,0.0,1.0,0.0,1.0
4944.0,delete,74.88374649957733,953.0,6.0,74.87999834995202,4.0,0.0,1.0,0.0,1.0
4945.0,add_cx,74.87999834995202,953.0,6.0,74.87999834995202,4.0,0.0,1.0,0.0,2.0
4946.0,add_rx,74.87999834995203,953.0,6.0,74.87999834995202,4.0,1.0,1.0,0.0,1.0
4947.0,add_ry,74.8586726686015,953.0,6.0,74.87999834995202,4.0,0.0,2.0,0.0,1.0
4948.0,add_rz,74.88818623915917,953.0,6.0,74.87999834995202,4.0,0.0,1.0,1.0,1.0
4949.0,delete,74.88068225086013,953.0,6.0,74.87999834995202,3.0,0.0,1.0,0.0,1.0
4950.0,swap,74.87503802849368,953.0,6.0,74.87999834995202,4.0,0.0,0.0,1.0,1.0
4951.0,add_ry,74.8499007970612,954.0,6.0,74.85425603027775,5.0,0.0,2.0,0.0,1.0
4952.0,add_cx,74.85425603027775,954.0,6.0,74.85425603027775,5.0,0.0,2.0,0.0,2.0
4953.0,add_rx,74.85425603027775,954.0,6.0,74.85425603027775,5.0,1.0,2.0,0.0,1.0
4954.0,add_ry,74.80292276494868,954.0,6.0,74.85425603027775,5.0,0.0,3.0,0.0,1.0
4955.0,add_rz,74.85497787287343,954.0,6.0,74.85425603027775,5.0,0.0,2.0,1.0,1.0
4956.0,delete,74.81555725656308,954.0,6.0,74.85425603027775,5.0,0.0,1.0,0.0,1.0
4957.0,swap,74.83271832765942,954.0,6.0,74.85425603027775,4.0,0.0,2.0,0.0,2.0
4958.0,swap,74.9680958244688,955.0,7.0,74.96933877967075,4.0,0.0,1.0,0.0,1.0
4959.0,add_cx,74.96933877967075,955.0,7.0,74.96933877967075,4.0,0.0,1.0,0.0,2.0
4960.0,add_rx,74.96783770955903,955.0,7.0,74.96933877967075,4.0,1.0,1.0,0.0,1.0
4961.0,add_ry,74.90972783359472,955.0,7.0,74.96933877967075,4.0,0.0,2.0,0.0,1.0
4962.0,add_rz,74.9760278519912,955.0,7.0,74.96933877967075,4.0,0.0,1.0,1.0,1.0
4963.0,delete,74.8807207190519,955.0,7.0,74.96933877967075,4.0,0.0,0.0,0.0,1.0
4964.0,swap,74.34988415252714,955.0,7.0,74.96933877967075,4.0,1.0,1.0,0.0,0.0
4965.0,change,74.81731647743273,956.0,5.0,74.76545335744322,5.0,0.0,1.0,0.0,1.0
4966.0,change,74.82408781456212,957.0,6.0,74.81731647743273,5.0,0.0,1.0,0.0,1.0
4967.0,add_cx,74.81731647743273,957.0,6.0,74.81731647743273,5.0,0.0,1.0,0.0,2.0
4968.0,add_rx,74.81731647743271,957.0,6.0,74.81731647743273,5.0,1.0,1.0,0.0,1.0
4969.0,add_ry,74.64600872842648,957.0,6.0,74.81731647743273,5.0,0.0,2.0,0.0,1.0
4970.0,add_rz,74.81731647743271,957.0,6.0,74.81731647743273,5.0,0.0,1.0,1.0,1.0
4971.0,delete,74.07423621621062,957.0,6.0,74.81731647743273,5.0,0.0,1.0,0.0,0.0
4972.0,swap,74.96851108542556,957.0,6.0,74.81731647743273,4.0,0.0,1.0,0.0,2.0
4973.0,add_rz,75.05310747147564,958.0,7.0,75.05310747147566,4.0,0.0,1.0,1.0,2.0
4974.0,add_cx,74.99164919074225,958.0,7.0,75.05310747147566,4.0,0.0,1.0,1.0,3.0
4975.0,add_rx,75.05310747147567,958.0,7.0,75.05310747147566,4.0,1.0,1.0,1.0,2.0
4976.0,add_ry,74.37394412763237,958.0,7.0,75.05310747147566,4.0,0.0,2.0,1.0,2.0
4977.0,add_rz,75.05310747147567,958.0,7.0,75.05310747147566,4.0,0.0,1.0,2.0,2.0
4978.0,delete,74.19060304484744,958.0,7.0,75.05310747147566,4.0,0.0,1.0,1.0,1.0
4979.0,swap,74.69509831564989,958.0,7.0,75.05310747147566,3.0,1.0,1.0,1.0,2.0
4980.0,add_rz,74.96860326324571,959.0,6.0,74.9672589483304,4.0,0.0,1.0,1.0,1.0
4981.0,add_cx,75.04756145600234,959.0,6.0,74.9672589483304,4.0,0.0,1.0,1.0,2.0
4982.0,add_rx,74.89965308101816,959.0,6.0,74.9672589483304,4.0,1.0,1.0,1.0,1.0
4983.0,add_ry,74.84276426690903,959.0,6.0,74.9672589483304,4.0,0.0,2.0,1.0,1.0
4984.0,add_rz,74.96467699552647,959.0,6.0,74.9672589483304,4.0,0.0,1.0,2.0,1.0
4985.0,delete,74.95802252945282,959.0,6.0,74.9672589483304,3.0,0.0,1.0,1.0,1.0
4986.0,swap,74.55263507380572,959.0,6.0,74.9672589483304,4.0,1.0,0.0,1.0,1.0
4987.0,add_ry,74.95051974508432,960.0,6.0,74.94871881799735,4.0,0.0,2.0,0.0,1.0
4988.0,add_cx,74.94871881799735,960.0,6.0,74.94871881799735,4.0,0.0,2.0,0.0,2.0
4989.0,add_rx,74.72490261327472,960.0,6.0,74.94871881799735,4.0,1.0,2.0,0.0,1.0
4990.0,add_ry,74.89507656195156,960.0,6.0,74.94871881799735,4.0,0.0,3.0,0.0,1.0
4991.0,add_rz,74.97430728664573,960.0,6.0,74.94871881799735,4.0,0.0,2.0,1.0,1.0
4992.0,delete,74.83476701858706,960.0,6.0,74.94871881799735,4.0,0.0,1.0,0.0,1.0
4993.0,swap,74.83476701858706,960.0,6.0,74.94871881799735,4.0,0.0,1.0,1.0,1.0
4994.0,add_cx,74.94987545799167,961.0,6.0,74.82382424862024,5.0,0.0,0.0,0.0,3.0
4995.0,add_rx,74.79938281320563,961.0,6.0,74.82382424862024,5.0,1.0,0.0,0.0,2.0
4996.0,add_ry,74.7124682382273,961.0,6.0,74.82382424862024,5.0,0.0,1.0,0.0,2.0
4997.0,add_rz,74.86855748074747,961.0,6.0,74.82382424862024,5.0,0.0,0.0,1.0,2.0
4998.0,delete,74.87864904073575,961.0,6.0,74.82382424862024,4.0,0.0,0.0,0.0,2.0
4999.0,swap,74.8000414095454,961.0,6.0,74.82382424862024,4.0,0.0,0.0,1.0,2.0
5000.0,delete,74.34997978379653,962.0,6.0,74.35358994862793,4.0,0.0,1.0,0.0,0.0
5001.0,add_cx,74.35358994862793,962.0,6.0,74.35358994862793,4.0,0.0,1.0,0.0,1.0
5002.0,add_rx,74.35358994862793,962.0,6.0,74.35358994862793,4.0,1.0,1.0,0.0,0.0
5003.0,add_ry,74.5807037754499,962.0,6.0,74.35358994862793,4.0,0.0,2.0,0.0,0.0
5004.0,add_rz,74.35358994862793,962.0,6.0,74.35358994862793,4.0,0.0,1.0,1.0,0.0
5005.0,delete,74.33748804491773,962.0,6.0,74.35358994862793,3.0,0.0,1.0,0.0,0.0
5006.0,swap,74.88547170656486,962.0,6.0,74.35358994862793,3.0,0.0,1.0,0.0,1.0
