budget,expandedBy,objectiveValue,epoch,treeDepth,parentValue,H,Rx,Ry,Rz,Cx
0.0,,5.808421654950915,0.0,0.0,0.0,10.0,0.0,0.0,0.0,0.0
1.0,stop,5.808421654950915,1.0,0.0,5.808421654950915,10.0,0.0,0.0,0.0,0.0
2.0,add_cx,5.808421654950915,1.0,1.0,5.808421654950915,10.0,0.0,0.0,0.0,1.0
3.0,add_rx,5.808421654950915,1.0,1.0,5.808421654950915,10.0,1.0,0.0,0.0,0.0
4.0,add_ry,5.8566571354279,1.0,1.0,5.808421654950915,10.0,0.0,1.0,0.0,0.0
5.0,add_rz,5.80622932856605,1.0,1.0,5.808421654950915,10.0,0.0,0.0,1.0,0.0
6.0,delete,6.229370100288219,1.0,1.0,5.808421654950915,9.0,0.0,0.0,0.0,0.0
7.0,swap_cx,6.188960292731313,1.0,1.0,5.808421654950915,9.0,0.0,0.0,0.0,1.0
8.0,swap_rx,5.513755568122215,1.0,1.0,5.808421654950915,9.0,1.0,0.0,0.0,0.0
9.0,swap_ry,6.233243182002307,1.0,1.0,5.808421654950915,9.0,0.0,1.0,0.0,0.0
10.0,swap_rz,6.229370100288379,1.0,1.0,5.808421654950915,9.0,0.0,0.0,1.0,0.0
11.0,stop,6.229370100288219,2.0,1.0,6.229370100288219,9.0,0.0,0.0,0.0,0.0
12.0,add_cx,6.229370100288219,2.0,2.0,6.229370100288219,9.0,0.0,0.0,0.0,1.0
13.0,add_rx,6.22937010028822,2.0,2.0,6.229370100288219,9.0,1.0,0.0,0.0,0.0
14.0,add_ry,5.949942096676489,2.0,2.0,6.229370100288219,9.0,0.0,1.0,0.0,0.0
15.0,add_rz,6.232079373042714,2.0,2.0,6.229370100288219,9.0,0.0,0.0,1.0,0.0
16.0,delete,6.580474937186034,2.0,2.0,6.229370100288219,8.0,0.0,0.0,0.0,0.0
17.0,swap_cx,6.308898903127124,2.0,2.0,6.229370100288219,8.0,0.0,0.0,0.0,1.0
18.0,swap_rx,6.73766673041529,2.0,2.0,6.229370100288219,8.0,1.0,0.0,0.0,0.0
19.0,swap_ry,6.6797707410027956,2.0,2.0,6.229370100288219,8.0,0.0,1.0,0.0,0.0
20.0,swap_rz,6.5819301380805095,2.0,2.0,6.229370100288219,8.0,0.0,0.0,1.0,0.0
21.0,delete,6.198463037155184,3.0,1.0,6.362567574607621,9.0,0.0,0.0,0.0,0.0
22.0,delete,5.521084501744535,4.0,1.0,6.3488921964865845,9.0,0.0,0.0,0.0,0.0
22.0,stop,5.808421654950915,5.0,0.0,5.808421654950915,10.0,0.0,0.0,0.0,0.0
23.0,stop,6.198463037155184,6.0,1.0,6.198463037155184,9.0,0.0,0.0,0.0,0.0
24.0,add_cx,6.198463037155184,6.0,2.0,6.198463037155184,9.0,0.0,0.0,0.0,1.0
25.0,add_rx,6.198463037155184,6.0,2.0,6.198463037155184,9.0,1.0,0.0,0.0,0.0
26.0,add_ry,5.9590690703090825,6.0,2.0,6.198463037155184,9.0,0.0,1.0,0.0,0.0
27.0,add_rz,6.213214634109837,6.0,2.0,6.198463037155184,9.0,0.0,0.0,1.0,0.0
28.0,delete,6.72005903857372,6.0,2.0,6.198463037155184,8.0,0.0,0.0,0.0,0.0
29.0,swap_cx,6.515004926055918,6.0,2.0,6.198463037155184,8.0,0.0,0.0,0.0,1.0
30.0,swap_rx,5.92158998718229,6.0,2.0,6.198463037155184,8.0,1.0,0.0,0.0,0.0
31.0,swap_ry,6.707950677571148,6.0,2.0,6.198463037155184,8.0,0.0,1.0,0.0,0.0
32.0,swap_rz,6.545775798289921,6.0,2.0,6.198463037155184,8.0,0.0,0.0,1.0,0.0
33.0,stop,6.580474937186034,7.0,2.0,6.580474937186034,8.0,0.0,0.0,0.0,0.0
34.0,add_cx,6.580474937186034,7.0,3.0,6.580474937186034,8.0,0.0,0.0,0.0,1.0
35.0,add_rx,6.580474937186034,7.0,3.0,6.580474937186034,8.0,1.0,0.0,0.0,0.0
36.0,add_ry,5.967202981982244,7.0,3.0,6.580474937186034,8.0,0.0,1.0,0.0,0.0
37.0,add_rz,6.606260492981587,7.0,3.0,6.580474937186034,8.0,0.0,0.0,1.0,0.0
38.0,delete,7.026464368123193,7.0,3.0,6.580474937186034,7.0,0.0,0.0,0.0,0.0
39.0,swap_cx,6.862268771333427,7.0,3.0,6.580474937186034,7.0,0.0,0.0,0.0,1.0
40.0,swap_rx,6.454424947117929,7.0,3.0,6.580474937186034,7.0,1.0,0.0,0.0,0.0
41.0,swap_ry,6.676644370047704,7.0,3.0,6.580474937186034,7.0,0.0,1.0,0.0,0.0
42.0,swap_rz,7.024026424296686,7.0,3.0,6.580474937186034,7.0,0.0,0.0,1.0,0.0
42.0,stop,6.229370100288219,8.0,1.0,6.229370100288219,9.0,0.0,0.0,0.0,0.0
43.0,change_7,6.737666730415288,9.0,3.0,6.73766673041529,8.0,1.0,0.0,0.0,0.0
44.0,stop,6.73766673041529,9.0,2.0,6.73766673041529,8.0,1.0,0.0,0.0,0.0
45.0,add_cx,6.73766673041529,9.0,3.0,6.73766673041529,8.0,1.0,0.0,0.0,1.0
46.0,add_rx,6.73766673041529,9.0,3.0,6.73766673041529,8.0,2.0,0.0,0.0,0.0
47.0,add_ry,6.80975218456556,9.0,3.0,6.73766673041529,8.0,1.0,1.0,0.0,0.0
48.0,add_rz,6.737666730415292,9.0,3.0,6.73766673041529,8.0,1.0,0.0,1.0,0.0
49.0,delete,6.601322313809659,9.0,3.0,6.73766673041529,7.0,1.0,0.0,0.0,0.0
50.0,swap_cx,7.025682129445822,9.0,3.0,6.73766673041529,7.0,1.0,0.0,0.0,1.0
51.0,swap_rx,6.73766673041529,9.0,3.0,6.73766673041529,8.0,1.0,0.0,0.0,0.0
52.0,swap_ry,6.956131333837351,9.0,3.0,6.73766673041529,7.0,1.0,1.0,0.0,0.0
53.0,swap_rz,6.601322313809655,9.0,3.0,6.73766673041529,7.0,1.0,0.0,1.0,0.0
54.0,delete,5.501962747600276,10.0,1.0,6.486536489529553,9.0,0.0,0.0,0.0,0.0
55.0,change_7,6.666044861607481,11.0,3.0,6.6797707410027956,8.0,0.0,1.0,0.0,0.0
56.0,stop,6.6797707410027956,11.0,2.0,6.6797707410027956,8.0,0.0,1.0,0.0,0.0
57.0,add_cx,6.6797707410027956,11.0,3.0,6.6797707410027956,8.0,0.0,1.0,0.0,1.0
58.0,add_rx,6.6797707410027956,11.0,3.0,6.6797707410027956,8.0,1.0,1.0,0.0,0.0
59.0,add_ry,6.428707831181571,11.0,3.0,6.6797707410027956,8.0,0.0,2.0,0.0,0.0
60.0,add_rz,6.667813067106016,11.0,3.0,6.6797707410027956,8.0,0.0,1.0,1.0,0.0
61.0,delete,6.953723387873572,11.0,3.0,6.6797707410027956,7.0,0.0,1.0,0.0,0.0
62.0,swap_cx,6.535441756075591,11.0,3.0,6.6797707410027956,7.0,0.0,1.0,0.0,1.0
63.0,swap_rx,6.36040919432263,11.0,3.0,6.6797707410027956,7.0,1.0,1.0,0.0,0.0
64.0,swap_ry,6.4847303741263405,11.0,3.0,6.6797707410027956,7.0,0.0,2.0,0.0,0.0
65.0,swap_rz,6.953723387873569,11.0,3.0,6.6797707410027956,7.0,0.0,1.0,1.0,0.0
66.0,delete,6.5846937037087265,12.0,2.0,6.630835645875175,8.0,0.0,0.0,0.0,0.0
67.0,delete,6.742667735615357,13.0,2.0,6.626990484027971,8.0,0.0,0.0,0.0,0.0
68.0,stop,6.742667735615357,14.0,2.0,6.742667735615357,8.0,0.0,0.0,0.0,0.0
69.0,add_cx,6.742667735615357,14.0,3.0,6.742667735615357,8.0,0.0,0.0,0.0,1.0
70.0,add_rx,5.913027183674841,14.0,3.0,6.742667735615357,8.0,1.0,0.0,0.0,0.0
71.0,add_ry,6.571965645980604,14.0,3.0,6.742667735615357,8.0,0.0,1.0,0.0,0.0
72.0,add_rz,6.736043591804094,14.0,3.0,6.742667735615357,8.0,0.0,0.0,1.0,0.0
73.0,delete,6.637554591732381,14.0,3.0,6.742667735615357,7.0,0.0,0.0,0.0,0.0
74.0,swap_cx,6.587569043503829,14.0,3.0,6.742667735615357,7.0,0.0,0.0,0.0,1.0
75.0,swap_rx,6.588484729026253,14.0,3.0,6.742667735615357,7.0,1.0,0.0,0.0,0.0
76.0,swap_ry,6.8755373951248036,14.0,3.0,6.742667735615357,7.0,0.0,1.0,0.0,0.0
77.0,swap_rz,7.018399075051038,14.0,3.0,6.742667735615357,7.0,0.0,0.0,1.0,0.0
78.0,change_5,6.581021061916996,15.0,3.0,6.5819301380805095,8.0,0.0,0.0,1.0,0.0
79.0,stop,6.5819301380805095,15.0,2.0,6.5819301380805095,8.0,0.0,0.0,1.0,0.0
80.0,add_cx,6.174192575969348,15.0,3.0,6.5819301380805095,8.0,0.0,0.0,1.0,1.0
81.0,add_rx,6.5819301380805095,15.0,3.0,6.5819301380805095,8.0,1.0,0.0,1.0,0.0
82.0,add_ry,6.733247658122497,15.0,3.0,6.5819301380805095,8.0,0.0,1.0,1.0,0.0
83.0,add_rz,6.614821140166192,15.0,3.0,6.5819301380805095,8.0,0.0,0.0,2.0,0.0
84.0,delete,6.863723972227814,15.0,3.0,6.5819301380805095,7.0,0.0,0.0,1.0,0.0
85.0,swap_cx,6.174192575969538,15.0,3.0,6.5819301380805095,8.0,0.0,0.0,0.0,1.0
86.0,swap_rx,6.841020971526964,15.0,3.0,6.5819301380805095,7.0,1.0,0.0,1.0,0.0
87.0,swap_ry,6.975045186448643,15.0,3.0,6.5819301380805095,7.0,0.0,1.0,1.0,0.0
88.0,swap_rz,7.02791956901767,15.0,3.0,6.5819301380805095,7.0,0.0,0.0,2.0,0.0
89.0,stop,6.308898903127124,16.0,2.0,6.308898903127124,8.0,0.0,0.0,0.0,1.0
90.0,add_cx,5.678197799830517,16.0,3.0,6.308898903127124,8.0,0.0,0.0,0.0,2.0
91.0,add_rx,6.308898903127124,16.0,3.0,6.308898903127124,8.0,1.0,0.0,0.0,1.0
92.0,add_ry,6.414779990419825,16.0,3.0,6.308898903127124,8.0,0.0,1.0,0.0,1.0
93.0,add_rz,6.3319178841165,16.0,3.0,6.308898903127124,8.0,0.0,0.0,1.0,1.0
94.0,delete,6.671940394063244,16.0,3.0,6.308898903127124,7.0,0.0,0.0,0.0,1.0
95.0,swap_cx,6.63862746721608,16.0,3.0,6.308898903127124,7.0,0.0,0.0,0.0,2.0
96.0,swap_rx,6.121498458101998,16.0,3.0,6.308898903127124,7.0,1.0,0.0,0.0,1.0
97.0,swap_ry,6.647277955456035,16.0,3.0,6.308898903127124,7.0,0.0,1.0,0.0,1.0
98.0,swap_rz,6.10468215401704,16.0,3.0,6.308898903127124,7.0,0.0,0.0,1.0,1.0
98.0,stop,6.229370100288219,17.0,1.0,6.229370100288219,9.0,0.0,0.0,0.0,0.0
99.0,stop,6.5846937037087265,18.0,2.0,6.5846937037087265,8.0,0.0,0.0,0.0,0.0
100.0,add_cx,6.162593703962635,18.0,3.0,6.5846937037087265,8.0,0.0,0.0,0.0,1.0
101.0,add_rx,6.5846937037087265,18.0,3.0,6.5846937037087265,8.0,1.0,0.0,0.0,0.0
102.0,add_ry,6.10688754108608,18.0,3.0,6.5846937037087265,8.0,0.0,1.0,0.0,0.0
103.0,add_rz,6.5846937037087265,18.0,3.0,6.5846937037087265,8.0,0.0,0.0,1.0,0.0
104.0,delete,6.433101215511277,18.0,3.0,6.5846937037087265,7.0,0.0,0.0,0.0,0.0
105.0,swap_cx,6.433101215511277,18.0,3.0,6.5846937037087265,7.0,0.0,0.0,0.0,1.0
106.0,swap_rx,6.87107262591851,18.0,3.0,6.5846937037087265,7.0,1.0,0.0,0.0,0.0
107.0,swap_ry,6.878328578415955,18.0,3.0,6.5846937037087265,7.0,0.0,1.0,0.0,0.0
108.0,swap_rz,6.433101215511276,18.0,3.0,6.5846937037087265,7.0,0.0,0.0,1.0,0.0
108.0,stop,6.742667735615357,19.0,2.0,6.742667735615357,8.0,0.0,0.0,0.0,0.0
109.0,delete,6.3840264894679555,20.0,1.0,6.516150578098107,9.0,0.0,0.0,0.0,0.0
110.0,stop,6.3840264894679555,21.0,1.0,6.3840264894679555,9.0,0.0,0.0,0.0,0.0
111.0,add_cx,6.3840264894679555,21.0,2.0,6.3840264894679555,9.0,0.0,0.0,0.0,1.0
112.0,add_rx,5.264039425881057,21.0,2.0,6.3840264894679555,9.0,1.0,0.0,0.0,0.0
113.0,add_ry,6.707343128924076,21.0,2.0,6.3840264894679555,9.0,0.0,1.0,0.0,0.0
114.0,add_rz,6.380940754612652,21.0,2.0,6.3840264894679555,9.0,0.0,0.0,1.0,0.0
115.0,delete,6.737666730415292,21.0,2.0,6.3840264894679555,8.0,0.0,0.0,0.0,0.0
116.0,swap_cx,6.720059038573721,21.0,2.0,6.3840264894679555,8.0,0.0,0.0,0.0,1.0
117.0,swap_rx,6.205264049630119,21.0,2.0,6.3840264894679555,8.0,1.0,0.0,0.0,0.0
118.0,swap_ry,6.376886903238158,21.0,2.0,6.3840264894679555,8.0,0.0,1.0,0.0,0.0
119.0,swap_rz,6.737666730415424,21.0,2.0,6.3840264894679555,8.0,0.0,0.0,1.0,0.0
120.0,stop,6.637554591732381,22.0,3.0,6.637554591732381,7.0,0.0,0.0,0.0,0.0
121.0,add_cx,6.637554591732381,22.0,4.0,6.637554591732381,7.0,0.0,0.0,0.0,1.0
122.0,add_rx,6.637554591732382,22.0,4.0,6.637554591732381,7.0,1.0,0.0,0.0,0.0
123.0,add_ry,6.823214314319574,22.0,4.0,6.637554591732381,7.0,0.0,1.0,0.0,0.0
124.0,add_rz,6.6323494936164895,22.0,4.0,6.637554591732381,7.0,0.0,0.0,1.0,0.0
125.0,delete,6.97974138674453,22.0,4.0,6.637554591732381,6.0,0.0,0.0,0.0,0.0
126.0,swap_cx,6.9797413867445295,22.0,4.0,6.637554591732381,6.0,0.0,0.0,0.0,1.0
127.0,swap_rx,6.973931071485676,22.0,4.0,6.637554591732381,6.0,1.0,0.0,0.0,0.0
128.0,swap_ry,6.732034399931811,22.0,4.0,6.637554591732381,6.0,0.0,1.0,0.0,0.0
129.0,swap_rz,6.979741386744529,22.0,4.0,6.637554591732381,6.0,0.0,0.0,1.0,0.0
130.0,delete,6.576788776352446,23.0,2.0,6.647927782466417,8.0,0.0,0.0,0.0,0.0
131.0,stop,6.576788776352446,24.0,2.0,6.576788776352446,8.0,0.0,0.0,0.0,0.0
132.0,add_cx,6.576788776352446,24.0,3.0,6.576788776352446,8.0,0.0,0.0,0.0,1.0
133.0,add_rx,6.576788776352446,24.0,3.0,6.576788776352446,8.0,1.0,0.0,0.0,0.0
134.0,add_ry,6.602173110574853,24.0,3.0,6.576788776352446,8.0,0.0,1.0,0.0,0.0
135.0,add_rz,6.5782053894535055,24.0,3.0,6.576788776352446,8.0,0.0,0.0,1.0,0.0
136.0,delete,6.853827957409003,24.0,3.0,6.576788776352446,7.0,0.0,0.0,0.0,0.0
137.0,swap_cx,6.86226877133333,24.0,3.0,6.576788776352446,7.0,0.0,0.0,0.0,1.0
138.0,swap_rx,6.407073302621567,24.0,3.0,6.576788776352446,7.0,1.0,0.0,0.0,0.0
139.0,swap_ry,6.33218932654501,24.0,3.0,6.576788776352446,7.0,0.0,1.0,0.0,0.0
140.0,swap_rz,6.8665629986370105,24.0,3.0,6.576788776352446,7.0,0.0,0.0,1.0,0.0
140.0,stop,6.742667735615357,25.0,2.0,6.742667735615357,8.0,0.0,0.0,0.0,0.0
140.0,stop,6.742667735615357,26.0,2.0,6.742667735615357,8.0,0.0,0.0,0.0,0.0
141.0,change_3,7.01839907505104,27.0,4.0,7.018399075051038,7.0,0.0,0.0,1.0,0.0
142.0,stop,7.018399075051038,27.0,3.0,7.018399075051038,7.0,0.0,0.0,1.0,0.0
143.0,add_cx,6.5056962537260965,27.0,4.0,7.018399075051038,7.0,0.0,0.0,1.0,1.0
144.0,add_rx,7.018399075051038,27.0,4.0,7.018399075051038,7.0,1.0,0.0,1.0,0.0
145.0,add_ry,6.876137133471898,27.0,4.0,7.018399075051038,7.0,0.0,1.0,1.0,0.0
146.0,add_rz,7.014505692865175,27.0,4.0,7.018399075051038,7.0,0.0,0.0,2.0,0.0
147.0,delete,7.201168121127114,27.0,4.0,7.018399075051038,6.0,0.0,0.0,1.0,0.0
148.0,swap_cx,7.227860207637626,27.0,4.0,7.018399075051038,6.0,0.0,0.0,1.0,1.0
149.0,swap_rx,7.01839907505104,27.0,4.0,7.018399075051038,7.0,1.0,0.0,0.0,0.0
150.0,swap_ry,7.254903361338526,27.0,4.0,7.018399075051038,6.0,0.0,1.0,1.0,0.0
151.0,swap_rz,6.916206567523268,27.0,4.0,7.018399075051038,6.0,0.0,0.0,2.0,0.0
152.0,change_2,6.916834403196876,28.0,4.0,6.8755373951248036,7.0,0.0,1.0,0.0,0.0
153.0,stop,6.8755373951248036,28.0,3.0,6.8755373951248036,7.0,0.0,1.0,0.0,0.0
154.0,add_cx,6.8755373951248036,28.0,4.0,6.8755373951248036,7.0,0.0,1.0,0.0,1.0
155.0,add_rx,6.836918426739628,28.0,4.0,6.8755373951248036,7.0,1.0,1.0,0.0,0.0
156.0,add_ry,6.844414493252127,28.0,4.0,6.8755373951248036,7.0,0.0,2.0,0.0,0.0
157.0,add_rz,6.8755373951248036,28.0,4.0,6.8755373951248036,7.0,0.0,1.0,1.0,0.0
158.0,delete,6.740483969219428,28.0,4.0,6.8755373951248036,6.0,0.0,1.0,0.0,0.0
159.0,swap_cx,6.740483969219429,28.0,4.0,6.8755373951248036,6.0,0.0,1.0,0.0,1.0
160.0,swap_rx,6.764510809721406,28.0,4.0,6.8755373951248036,6.0,1.0,1.0,0.0,0.0
161.0,swap_ry,6.332085494856281,28.0,4.0,6.8755373951248036,6.0,0.0,2.0,0.0,0.0
162.0,swap_rz,7.257386367476152,28.0,4.0,6.8755373951248036,6.0,0.0,1.0,1.0,0.0
162.0,stop,6.742667735615357,29.0,2.0,6.742667735615357,8.0,0.0,0.0,0.0,0.0
162.0,stop,6.742667735615357,30.0,2.0,6.742667735615358,8.0,0.0,0.0,0.0,0.0
162.0,stop,6.742667735615357,31.0,2.0,6.742667735615357,8.0,0.0,0.0,0.0,0.0
163.0,change_7,6.586414500937984,32.0,4.0,6.588484729026253,7.0,1.0,0.0,0.0,0.0
164.0,stop,6.588484729026253,32.0,3.0,6.588484729026253,7.0,1.0,0.0,0.0,0.0
165.0,add_cx,5.934516786688775,32.0,4.0,6.588484729026253,7.0,1.0,0.0,0.0,1.0
166.0,add_rx,6.588484729026252,32.0,4.0,6.588484729026253,7.0,2.0,0.0,0.0,0.0
167.0,add_ry,6.698622980324677,32.0,4.0,6.588484729026253,7.0,1.0,1.0,0.0,0.0
168.0,add_rz,6.588484729026254,32.0,4.0,6.588484729026253,7.0,1.0,0.0,1.0,0.0
169.0,delete,6.908346456998411,32.0,4.0,6.588484729026253,6.0,1.0,0.0,0.0,0.0
170.0,swap_cx,7.129244609147198,32.0,4.0,6.588484729026253,7.0,0.0,0.0,0.0,1.0
171.0,swap_rx,6.273303368482698,32.0,4.0,6.588484729026253,6.0,2.0,0.0,0.0,0.0
172.0,swap_ry,6.817322424027151,32.0,4.0,6.588484729026253,6.0,1.0,1.0,0.0,0.0
173.0,swap_rz,6.450219695597015,32.0,4.0,6.588484729026253,6.0,1.0,0.0,1.0,0.0
174.0,stop,7.026464368123193,33.0,3.0,7.026464368123193,7.0,0.0,0.0,0.0,0.0
175.0,add_cx,7.026464368123193,33.0,4.0,7.026464368123193,7.0,0.0,0.0,0.0,1.0
176.0,add_rx,7.026464368123192,33.0,4.0,7.026464368123193,7.0,1.0,0.0,0.0,0.0
177.0,add_ry,6.522957341540449,33.0,4.0,7.026464368123193,7.0,0.0,1.0,0.0,0.0
178.0,add_rz,7.026464368123199,33.0,4.0,7.026464368123193,7.0,0.0,0.0,1.0,0.0
179.0,delete,7.2315463684711405,33.0,4.0,7.026464368123193,6.0,0.0,0.0,0.0,0.0
180.0,swap_cx,7.231546368471141,33.0,4.0,7.026464368123193,6.0,0.0,0.0,0.0,1.0
181.0,swap_rx,6.810389267927223,33.0,4.0,7.026464368123193,6.0,1.0,0.0,0.0,0.0
182.0,swap_ry,7.366792215231946,33.0,4.0,7.026464368123193,6.0,0.0,1.0,0.0,0.0
183.0,swap_rz,6.983427547578104,33.0,4.0,7.026464368123193,6.0,0.0,0.0,1.0,0.0
184.0,delete,6.565356507691618,34.0,2.0,6.737644489480859,8.0,0.0,0.0,0.0,0.0
185.0,stop,6.565356507691618,35.0,2.0,6.565356507691618,8.0,0.0,0.0,0.0,0.0
186.0,add_cx,6.565356507691618,35.0,3.0,6.565356507691618,8.0,0.0,0.0,0.0,1.0
187.0,add_rx,6.565356507691618,35.0,3.0,6.565356507691618,8.0,1.0,0.0,0.0,0.0
188.0,add_ry,6.1290952689186184,35.0,3.0,6.565356507691618,8.0,0.0,1.0,0.0,0.0
189.0,add_rz,6.565356507691618,35.0,3.0,6.565356507691618,8.0,0.0,0.0,1.0,0.0
190.0,delete,7.008013168153635,35.0,3.0,6.565356507691618,7.0,0.0,0.0,0.0,0.0
191.0,swap_cx,6.39879787157344,35.0,3.0,6.565356507691618,7.0,0.0,0.0,0.0,1.0
192.0,swap_rx,6.398797871573443,35.0,3.0,6.565356507691618,7.0,1.0,0.0,0.0,0.0
193.0,swap_ry,6.8026001820803685,35.0,3.0,6.565356507691618,7.0,0.0,1.0,0.0,0.0
194.0,swap_rz,6.382208865728631,35.0,3.0,6.565356507691618,7.0,0.0,0.0,1.0,0.0
194.0,stop,6.580474937186034,36.0,2.0,6.580474937186034,8.0,0.0,0.0,0.0,0.0
195.0,delete,6.862268771333329,37.0,3.0,7.025361904530542,7.0,0.0,0.0,0.0,0.0
196.0,delete,6.415510835667123,38.0,3.0,7.011770810097442,7.0,0.0,0.0,0.0,0.0
197.0,stop,6.862268771333329,39.0,3.0,6.862268771333329,7.0,0.0,0.0,0.0,0.0
198.0,add_cx,6.862268771333329,39.0,4.0,6.862268771333329,7.0,0.0,0.0,0.0,1.0
199.0,add_rx,6.862268771333328,39.0,4.0,6.862268771333329,7.0,1.0,0.0,0.0,0.0
200.0,add_ry,6.512498833039025,39.0,4.0,6.862268771333329,7.0,0.0,1.0,0.0,0.0
201.0,add_rz,6.862268771333328,39.0,4.0,6.862268771333329,7.0,0.0,0.0,1.0,0.0
202.0,delete,6.768574391207597,39.0,4.0,6.862268771333329,6.0,0.0,0.0,0.0,0.0
203.0,swap_cx,7.084301635923355,39.0,4.0,6.862268771333329,6.0,0.0,0.0,0.0,1.0
204.0,swap_rx,6.8890194191647485,39.0,4.0,6.862268771333329,6.0,1.0,0.0,0.0,0.0
205.0,swap_ry,7.1267006348463635,39.0,4.0,6.862268771333329,6.0,0.0,1.0,0.0,0.0
206.0,swap_rz,7.0503591382688535,39.0,4.0,6.862268771333329,6.0,0.0,0.0,1.0,0.0
207.0,change_7,7.02475486719296,40.0,4.0,7.024026424296686,7.0,0.0,0.0,1.0,0.0
208.0,stop,7.024026424296686,40.0,3.0,7.024026424296686,7.0,0.0,0.0,1.0,0.0
209.0,add_cx,7.024026424296686,40.0,4.0,7.024026424296686,7.0,0.0,0.0,1.0,1.0
210.0,add_rx,7.024026424296686,40.0,4.0,7.024026424296686,7.0,1.0,0.0,1.0,0.0
211.0,add_ry,7.091180705019009,40.0,4.0,7.024026424296686,7.0,0.0,1.0,1.0,0.0
212.0,add_rz,7.024026424296686,40.0,4.0,7.024026424296686,7.0,0.0,0.0,2.0,0.0
213.0,delete,7.026464368123193,40.0,4.0,7.024026424296686,7.0,0.0,0.0,0.0,0.0
214.0,swap_cx,6.947386769616816,40.0,4.0,7.024026424296686,6.0,0.0,0.0,1.0,1.0
215.0,swap_rx,6.977723497734562,40.0,4.0,7.024026424296686,6.0,1.0,0.0,1.0,0.0
216.0,swap_ry,7.332162513424243,40.0,4.0,7.024026424296686,6.0,0.0,1.0,1.0,0.0
217.0,swap_rz,7.026464368123193,40.0,4.0,7.024026424296686,7.0,0.0,0.0,1.0,0.0
218.0,delete,6.2293701002883815,41.0,1.0,6.64801200292059,9.0,0.0,0.0,0.0,0.0
219.0,stop,6.2293701002883815,42.0,1.0,6.2293701002883815,9.0,0.0,0.0,0.0,0.0
220.0,add_cx,5.75918391324468,42.0,2.0,6.2293701002883815,9.0,0.0,0.0,0.0,1.0
221.0,add_rx,6.2293701002883815,42.0,2.0,6.2293701002883815,9.0,1.0,0.0,0.0,0.0
222.0,add_ry,5.838673032091192,42.0,2.0,6.2293701002883815,9.0,0.0,1.0,0.0,0.0
223.0,add_rz,6.227431458154183,42.0,2.0,6.2293701002883815,9.0,0.0,0.0,1.0,0.0
224.0,delete,6.565356507691749,42.0,2.0,6.2293701002883815,8.0,0.0,0.0,0.0,0.0
225.0,swap_cx,6.58047493718603,42.0,2.0,6.2293701002883815,8.0,0.0,0.0,0.0,1.0
226.0,swap_rx,6.7426677356154885,42.0,2.0,6.2293701002883815,8.0,1.0,0.0,0.0,0.0
227.0,swap_ry,6.084155563022569,42.0,2.0,6.2293701002883815,8.0,0.0,1.0,0.0,0.0
228.0,swap_rz,6.734243713788022,42.0,2.0,6.2293701002883815,8.0,0.0,0.0,1.0,0.0
229.0,stop,6.862268771333427,43.0,3.0,6.862268771333427,7.0,0.0,0.0,0.0,1.0
230.0,add_cx,6.862268771333427,43.0,4.0,6.862268771333427,7.0,0.0,0.0,0.0,2.0
231.0,add_rx,6.862268771333426,43.0,4.0,6.862268771333427,7.0,1.0,0.0,0.0,1.0
232.0,add_ry,7.06367474589084,43.0,4.0,6.862268771333427,7.0,0.0,1.0,0.0,1.0
233.0,add_rz,6.862268771333427,43.0,4.0,6.862268771333427,7.0,0.0,0.0,1.0,1.0
234.0,delete,6.7727526064738734,43.0,4.0,6.862268771333427,6.0,0.0,0.0,0.0,1.0
235.0,swap_cx,6.787876722141005,43.0,4.0,6.862268771333427,6.0,0.0,0.0,0.0,2.0
236.0,swap_rx,6.780301108650263,43.0,4.0,6.862268771333427,6.0,1.0,0.0,0.0,1.0
237.0,swap_ry,7.126321242834587,43.0,4.0,6.862268771333427,6.0,0.0,1.0,0.0,1.0
238.0,swap_rz,6.780174524930391,43.0,4.0,6.862268771333427,6.0,0.0,0.0,1.0,1.0
238.0,stop,6.580474937186034,44.0,2.0,6.580474937186034,8.0,0.0,0.0,0.0,0.0
239.0,stop,7.2315463684711405,45.0,4.0,7.2315463684711405,6.0,0.0,0.0,0.0,0.0
240.0,add_cx,7.2315463684711405,45.0,5.0,7.2315463684711405,6.0,0.0,0.0,0.0,1.0
241.0,add_rx,7.23154636847114,45.0,5.0,7.2315463684711405,6.0,1.0,0.0,0.0,0.0
242.0,add_ry,7.251935246882904,45.0,5.0,7.2315463684711405,6.0,0.0,1.0,0.0,0.0
243.0,add_rz,7.2315463684711405,45.0,5.0,7.2315463684711405,6.0,0.0,0.0,1.0,0.0
244.0,delete,7.244406414496811,45.0,5.0,7.2315463684711405,5.0,0.0,0.0,0.0,0.0
245.0,swap_cx,7.358765577089049,45.0,5.0,7.2315463684711405,5.0,0.0,0.0,0.0,1.0
246.0,swap_rx,7.244406414496812,45.0,5.0,7.2315463684711405,5.0,1.0,0.0,0.0,0.0
247.0,swap_ry,7.162301998761327,45.0,5.0,7.2315463684711405,5.0,0.0,1.0,0.0,0.0
248.0,swap_rz,7.408372863081972,45.0,5.0,7.2315463684711405,5.0,0.0,0.0,1.0,0.0
248.0,stop,7.026464368123193,46.0,3.0,7.026464368123193,7.0,0.0,0.0,0.0,0.0
248.0,stop,7.026464368123193,47.0,3.0,7.026464368123193,7.0,0.0,0.0,0.0,0.0
249.0,delete,6.9473867696168154,48.0,4.0,7.257083668833143,6.0,0.0,0.0,0.0,0.0
250.0,change_6,7.368220143849223,49.0,5.0,7.366792215231946,6.0,0.0,1.0,0.0,0.0
251.0,stop,7.366792215231946,49.0,4.0,7.366792215231946,6.0,0.0,1.0,0.0,0.0
252.0,add_cx,7.366792215231946,49.0,5.0,7.366792215231946,6.0,0.0,1.0,0.0,1.0
253.0,add_rx,7.366792215231949,49.0,5.0,7.366792215231946,6.0,1.0,1.0,0.0,0.0
254.0,add_ry,6.866198587713747,49.0,5.0,7.366792215231946,6.0,0.0,2.0,0.0,0.0
255.0,add_rz,7.36978279021995,49.0,5.0,7.366792215231946,6.0,0.0,1.0,1.0,0.0
256.0,delete,7.341690143191304,49.0,5.0,7.366792215231946,5.0,0.0,1.0,0.0,0.0
257.0,swap_cx,7.313401977561506,49.0,5.0,7.366792215231946,5.0,0.0,1.0,0.0,1.0
258.0,swap_rx,7.548426873041489,49.0,5.0,7.366792215231946,5.0,1.0,1.0,0.0,0.0
259.0,swap_ry,7.497262576971587,49.0,5.0,7.366792215231946,5.0,0.0,2.0,0.0,0.0
260.0,swap_rz,7.341690143191306,49.0,5.0,7.366792215231946,5.0,0.0,1.0,1.0,0.0
261.0,delete,7.026464368123197,50.0,3.0,7.1017240227789875,7.0,0.0,0.0,0.0,0.0
262.0,stop,7.026464368123197,51.0,3.0,7.026464368123197,7.0,0.0,0.0,0.0,0.0
263.0,add_cx,7.026464368123197,51.0,4.0,7.026464368123197,7.0,0.0,0.0,0.0,1.0
264.0,add_rx,7.026464368123197,51.0,4.0,7.026464368123197,7.0,1.0,0.0,0.0,0.0
265.0,add_ry,6.870967008411626,51.0,4.0,7.026464368123197,7.0,0.0,1.0,0.0,0.0
266.0,add_rz,7.026464368123191,51.0,4.0,7.026464368123197,7.0,0.0,0.0,1.0,0.0
267.0,delete,7.350734042465123,51.0,4.0,7.026464368123197,6.0,0.0,0.0,0.0,0.0
268.0,swap_cx,7.242078708208212,51.0,4.0,7.026464368123197,6.0,0.0,0.0,0.0,1.0
269.0,swap_rx,7.242078708208212,51.0,4.0,7.026464368123197,6.0,1.0,0.0,0.0,0.0
270.0,swap_ry,7.37540191145885,51.0,4.0,7.026464368123197,6.0,0.0,1.0,0.0,0.0
271.0,swap_rz,7.360247242149336,51.0,4.0,7.026464368123197,6.0,0.0,0.0,1.0,0.0
272.0,stop,7.350734042465123,52.0,4.0,7.350734042465123,6.0,0.0,0.0,0.0,0.0
273.0,add_cx,7.350734042465123,52.0,5.0,7.350734042465123,6.0,0.0,0.0,0.0,1.0
274.0,add_rx,6.74655086494819,52.0,5.0,7.350734042465123,6.0,1.0,0.0,0.0,0.0
275.0,add_ry,7.260757573777368,52.0,5.0,7.350734042465123,6.0,0.0,1.0,0.0,0.0
276.0,add_rz,7.350734042465125,52.0,5.0,7.350734042465123,6.0,0.0,0.0,1.0,0.0
277.0,delete,7.502912473032616,52.0,5.0,7.350734042465123,5.0,0.0,0.0,0.0,0.0
278.0,swap_cx,7.50291247303258,52.0,5.0,7.350734042465123,5.0,0.0,0.0,0.0,1.0
279.0,swap_rx,7.3887742196939366,52.0,5.0,7.350734042465123,5.0,1.0,0.0,0.0,0.0
280.0,swap_ry,7.405259680816428,52.0,5.0,7.350734042465123,5.0,0.0,1.0,0.0,0.0
281.0,swap_rz,7.390817626016331,52.0,5.0,7.350734042465123,5.0,0.0,0.0,1.0,0.0
281.0,stop,7.026464368123197,53.0,3.0,7.026464368123197,7.0,0.0,0.0,0.0,0.0
282.0,change_5,7.3761970766692535,54.0,5.0,7.37540191145885,6.0,0.0,1.0,0.0,0.0
283.0,stop,7.37540191145885,54.0,4.0,7.37540191145885,6.0,0.0,1.0,0.0,0.0
284.0,add_cx,7.0181430287924425,54.0,5.0,7.37540191145885,6.0,0.0,1.0,0.0,1.0
285.0,add_rx,7.220539507446275,54.0,5.0,7.37540191145885,6.0,1.0,1.0,0.0,0.0
286.0,add_ry,7.453906078981584,54.0,5.0,7.37540191145885,6.0,0.0,2.0,0.0,0.0
287.0,add_rz,7.385629108498829,54.0,5.0,7.37540191145885,6.0,0.0,1.0,1.0,0.0
288.0,delete,7.42254124455548,54.0,5.0,7.37540191145885,5.0,0.0,1.0,0.0,0.0
289.0,swap_cx,7.574774560278335,54.0,5.0,7.37540191145885,5.0,0.0,1.0,0.0,1.0
290.0,swap_rx,7.4225412445554815,54.0,5.0,7.37540191145885,5.0,1.0,1.0,0.0,0.0
291.0,swap_ry,7.273365845215471,54.0,5.0,7.37540191145885,5.0,0.0,2.0,0.0,0.0
292.0,swap_rz,7.240598870457386,54.0,5.0,7.37540191145885,6.0,0.0,0.0,1.0,0.0
292.0,stop,7.026464368123197,55.0,3.0,7.026464368123197,7.0,0.0,0.0,0.0,0.0
293.0,delete,7.236355873709786,56.0,4.0,7.327356461925268,6.0,0.0,0.0,0.0,0.0
294.0,delete,7.242078708208212,57.0,4.0,7.319773079573977,6.0,0.0,0.0,0.0,0.0
295.0,change_6,7.355503982399087,58.0,5.0,7.360247242149336,6.0,0.0,0.0,1.0,0.0
296.0,stop,7.360247242149336,58.0,4.0,7.360247242149336,6.0,0.0,0.0,1.0,0.0
297.0,add_cx,6.973670368617492,58.0,5.0,7.360247242149336,6.0,0.0,0.0,1.0,1.0
298.0,add_rx,7.360247242149336,58.0,5.0,7.360247242149336,6.0,1.0,0.0,1.0,0.0
299.0,add_ry,7.328960960623506,58.0,5.0,7.360247242149336,6.0,0.0,1.0,1.0,0.0
300.0,add_rz,7.360247242149337,58.0,5.0,7.360247242149336,6.0,0.0,0.0,2.0,0.0
301.0,delete,7.497546631020149,58.0,5.0,7.360247242149336,5.0,0.0,0.0,1.0,0.0
302.0,swap_cx,7.350734042465123,58.0,5.0,7.360247242149336,6.0,0.0,0.0,0.0,1.0
303.0,swap_rx,7.504784209146258,58.0,5.0,7.360247242149336,5.0,1.0,0.0,1.0,0.0
304.0,swap_ry,7.446897637212409,58.0,5.0,7.360247242149336,5.0,0.0,1.0,1.0,0.0
305.0,swap_rz,7.348518418179892,58.0,5.0,7.360247242149336,6.0,0.0,0.0,1.0,0.0
306.0,delete,6.009905279586272,59.0,2.0,6.92670668760116,8.0,0.0,0.0,0.0,0.0
307.0,stop,7.242078708208212,60.0,4.0,7.242078708208212,6.0,0.0,0.0,0.0,0.0
308.0,add_cx,7.242078708208212,60.0,5.0,7.242078708208212,6.0,0.0,0.0,0.0,1.0
309.0,add_rx,6.832410526695738,60.0,5.0,7.242078708208212,6.0,1.0,0.0,0.0,0.0
310.0,add_ry,7.286517878289897,60.0,5.0,7.242078708208212,6.0,0.0,1.0,0.0,0.0
311.0,add_rz,7.245636471451686,60.0,5.0,7.242078708208212,6.0,0.0,0.0,1.0,0.0
312.0,delete,7.374079679324033,60.0,5.0,7.242078708208212,5.0,0.0,0.0,0.0,0.0
313.0,swap_cx,7.374079679324033,60.0,5.0,7.242078708208212,5.0,0.0,0.0,0.0,1.0
314.0,swap_rx,7.180983252704448,60.0,5.0,7.242078708208212,5.0,1.0,0.0,0.0,0.0
315.0,swap_ry,6.724065398375953,60.0,5.0,7.242078708208212,5.0,0.0,1.0,0.0,0.0
316.0,swap_rz,7.229886938278321,60.0,5.0,7.242078708208212,5.0,0.0,0.0,1.0,0.0
317.0,delete,6.862268771333427,61.0,3.0,7.187684832527775,7.0,0.0,0.0,0.0,0.0
318.0,stop,6.862268771333427,62.0,3.0,6.862268771333427,7.0,0.0,0.0,0.0,0.0
319.0,add_cx,6.5342675516018005,62.0,4.0,6.862268771333427,7.0,0.0,0.0,0.0,1.0
320.0,add_rx,6.434258093249071,62.0,4.0,6.862268771333427,7.0,1.0,0.0,0.0,0.0
321.0,add_ry,6.916404830929876,62.0,4.0,6.862268771333427,7.0,0.0,1.0,0.0,0.0
322.0,add_rz,6.875927869390812,62.0,4.0,6.862268771333427,7.0,0.0,0.0,1.0,0.0
323.0,delete,7.245951003080675,62.0,4.0,6.862268771333427,6.0,0.0,0.0,0.0,0.0
324.0,swap_cx,6.964067811377698,62.0,4.0,6.862268771333427,6.0,0.0,0.0,0.0,1.0
325.0,swap_rx,6.900126560831811,62.0,4.0,6.862268771333427,6.0,1.0,0.0,0.0,0.0
326.0,swap_ry,6.787453381651844,62.0,4.0,6.862268771333427,6.0,0.0,1.0,0.0,0.0
327.0,swap_rz,7.070012596625428,62.0,4.0,6.862268771333427,6.0,0.0,0.0,1.0,0.0
328.0,stop,7.242078708208212,63.0,4.0,7.242078708208212,6.0,0.0,0.0,0.0,1.0
329.0,add_cx,7.242078708208212,63.0,5.0,7.242078708208212,6.0,0.0,0.0,0.0,2.0
330.0,add_rx,7.242078708208212,63.0,5.0,7.242078708208212,6.0,1.0,0.0,0.0,1.0
331.0,add_ry,7.112070148432342,63.0,5.0,7.242078708208212,6.0,0.0,1.0,0.0,1.0
332.0,add_rz,7.243518099546504,63.0,5.0,7.242078708208212,6.0,0.0,0.0,1.0,1.0
333.0,delete,7.2579400459841,63.0,5.0,7.242078708208212,5.0,0.0,0.0,0.0,1.0
334.0,swap_cx,7.4161744864462396,63.0,5.0,7.242078708208212,5.0,0.0,0.0,0.0,2.0
335.0,swap_rx,7.242078708208212,63.0,5.0,7.242078708208212,6.0,1.0,0.0,0.0,0.0
336.0,swap_ry,7.182992991094501,63.0,5.0,7.242078708208212,5.0,0.0,1.0,0.0,1.0
337.0,swap_rz,7.374079679324033,63.0,5.0,7.242078708208212,5.0,0.0,0.0,1.0,1.0
337.0,stop,7.026464368123197,64.0,3.0,7.026464368123197,7.0,0.0,0.0,0.0,0.0
338.0,change_4,7.2420787082082105,65.0,5.0,7.242078708208212,6.0,1.0,0.0,0.0,0.0
339.0,stop,7.242078708208212,65.0,4.0,7.242078708208212,6.0,1.0,0.0,0.0,0.0
340.0,add_cx,6.954091214591767,65.0,5.0,7.242078708208212,6.0,1.0,0.0,0.0,1.0
341.0,add_rx,7.2420787082082105,65.0,5.0,7.242078708208212,6.0,2.0,0.0,0.0,0.0
342.0,add_ry,6.972789192683216,65.0,5.0,7.242078708208212,6.0,1.0,1.0,0.0,0.0
343.0,add_rz,7.243670482445996,65.0,5.0,7.242078708208212,6.0,1.0,0.0,1.0,0.0
344.0,delete,7.5029124730325805,65.0,5.0,7.242078708208212,5.0,1.0,0.0,0.0,0.0
345.0,swap_cx,7.229886938278321,65.0,5.0,7.242078708208212,5.0,1.0,0.0,0.0,1.0
346.0,swap_rx,7.244888843191961,65.0,5.0,7.242078708208212,6.0,1.0,0.0,0.0,0.0
347.0,swap_ry,7.002730129669974,65.0,5.0,7.242078708208212,5.0,1.0,1.0,0.0,0.0
348.0,swap_rz,7.242078708208209,65.0,5.0,7.242078708208212,6.0,0.0,0.0,1.0,0.0
348.0,stop,7.026464368123197,66.0,3.0,7.026464368123197,7.0,0.0,0.0,0.0,0.0
349.0,stop,7.236355873709786,67.0,4.0,7.236355873709786,6.0,0.0,0.0,0.0,0.0
350.0,add_cx,7.236355873709786,67.0,5.0,7.236355873709786,6.0,0.0,0.0,0.0,1.0
351.0,add_rx,7.236355873709787,67.0,5.0,7.236355873709786,6.0,1.0,0.0,0.0,0.0
352.0,add_ry,6.767158208666561,67.0,5.0,7.236355873709786,6.0,0.0,1.0,0.0,0.0
353.0,add_rz,7.239472227134806,67.0,5.0,7.236355873709786,6.0,0.0,0.0,1.0,0.0
354.0,delete,7.35876557708905,67.0,5.0,7.236355873709786,5.0,0.0,0.0,0.0,0.0
355.0,swap_cx,7.2149939650257915,67.0,5.0,7.236355873709786,5.0,0.0,0.0,0.0,1.0
356.0,swap_rx,7.244406414496821,67.0,5.0,7.236355873709786,5.0,1.0,0.0,0.0,0.0
357.0,swap_ry,7.199121407410742,67.0,5.0,7.236355873709786,5.0,0.0,1.0,0.0,0.0
358.0,swap_rz,7.393022987447933,67.0,5.0,7.236355873709786,5.0,0.0,0.0,1.0,0.0
359.0,stop,7.231546368471141,68.0,4.0,7.231546368471141,6.0,0.0,0.0,0.0,1.0
360.0,add_cx,7.231546368471141,68.0,5.0,7.231546368471141,6.0,0.0,0.0,0.0,2.0
361.0,add_rx,7.231546368471141,68.0,5.0,7.231546368471141,6.0,1.0,0.0,0.0,1.0
362.0,add_ry,6.780353762743302,68.0,5.0,7.231546368471141,6.0,0.0,1.0,0.0,1.0
363.0,add_rz,7.2315463684711405,68.0,5.0,7.231546368471141,6.0,0.0,0.0,1.0,1.0
364.0,delete,7.358765577089049,68.0,5.0,7.231546368471141,5.0,0.0,0.0,0.0,1.0
365.0,swap_cx,6.948467250535517,68.0,5.0,7.231546368471141,6.0,0.0,0.0,0.0,1.0
366.0,swap_rx,7.23154636847114,68.0,5.0,7.231546368471141,6.0,1.0,0.0,0.0,0.0
367.0,swap_ry,7.395786041143105,68.0,5.0,7.231546368471141,5.0,0.0,1.0,0.0,1.0
368.0,swap_rz,7.244406414496812,68.0,5.0,7.231546368471141,5.0,0.0,0.0,1.0,1.0
369.0,swap_rz,7.24338348617696,69.0,4.0,7.353967101521771,6.0,0.0,0.0,1.0,0.0
370.0,stop,7.026464368123197,70.0,4.0,7.026464368123197,7.0,0.0,0.0,0.0,1.0
371.0,add_cx,6.670890334089514,70.0,5.0,7.026464368123197,7.0,0.0,0.0,0.0,2.0
372.0,add_rx,7.026464368123196,70.0,5.0,7.026464368123197,7.0,1.0,0.0,0.0,1.0
373.0,add_ry,6.842445660031799,70.0,5.0,7.026464368123197,7.0,0.0,1.0,0.0,1.0
374.0,add_rz,7.026464368123197,70.0,5.0,7.026464368123197,7.0,0.0,0.0,1.0,1.0
375.0,delete,7.242078708208212,70.0,5.0,7.026464368123197,6.0,0.0,0.0,0.0,1.0
376.0,swap_cx,6.948467250535518,70.0,5.0,7.026464368123197,6.0,0.0,0.0,0.0,2.0
377.0,swap_rx,7.211063102584748,70.0,5.0,7.026464368123197,6.0,1.0,0.0,0.0,1.0
378.0,swap_ry,7.395548752791141,70.0,5.0,7.026464368123197,6.0,0.0,1.0,0.0,1.0
379.0,swap_rz,7.236355873709783,70.0,5.0,7.026464368123197,6.0,0.0,0.0,1.0,1.0
379.0,stop,7.026464368123193,71.0,3.0,7.026464368123193,7.0,0.0,0.0,0.0,0.0
380.0,stop,6.415510835667123,72.0,3.0,6.415510835667123,7.0,0.0,0.0,0.0,0.0
381.0,add_cx,6.415510835667123,72.0,4.0,6.415510835667123,7.0,0.0,0.0,0.0,1.0
382.0,add_rx,6.415510835667123,72.0,4.0,6.415510835667123,7.0,1.0,0.0,0.0,0.0
383.0,add_ry,5.6624737974779595,72.0,4.0,6.415510835667123,7.0,0.0,1.0,0.0,0.0
384.0,add_rz,6.4356357731683245,72.0,4.0,6.415510835667123,7.0,0.0,0.0,1.0,0.0
385.0,delete,6.971055984505914,72.0,4.0,6.415510835667123,6.0,0.0,0.0,0.0,0.0
386.0,swap_cx,6.75802700982919,72.0,4.0,6.415510835667123,6.0,0.0,0.0,0.0,1.0
387.0,swap_rx,6.971055984505914,72.0,4.0,6.415510835667123,6.0,1.0,0.0,0.0,0.0
388.0,swap_ry,6.683052667130321,72.0,4.0,6.415510835667123,6.0,0.0,1.0,0.0,0.0
389.0,swap_rz,6.768574391207596,72.0,4.0,6.415510835667123,6.0,0.0,0.0,1.0,0.0
390.0,delete,6.229370100288379,73.0,1.0,6.843465288052831,9.0,0.0,0.0,0.0,0.0
391.0,stop,6.229370100288379,74.0,1.0,6.229370100288379,9.0,0.0,0.0,0.0,0.0
392.0,add_cx,6.229370100288379,74.0,2.0,6.229370100288379,9.0,0.0,0.0,0.0,1.0
393.0,add_rx,6.218309458784405,74.0,2.0,6.229370100288379,9.0,1.0,0.0,0.0,0.0
394.0,add_ry,6.447800366676281,74.0,2.0,6.229370100288379,9.0,0.0,1.0,0.0,0.0
395.0,add_rz,6.229370100288379,74.0,2.0,6.229370100288379,9.0,0.0,0.0,1.0,0.0
396.0,delete,6.737666730415424,74.0,2.0,6.229370100288379,8.0,0.0,0.0,0.0,0.0
397.0,swap_cx,6.548762143404908,74.0,2.0,6.229370100288379,8.0,0.0,0.0,0.0,1.0
398.0,swap_rx,6.087457709993345,74.0,2.0,6.229370100288379,8.0,1.0,0.0,0.0,0.0
399.0,swap_ry,6.39700422716294,74.0,2.0,6.229370100288379,8.0,0.0,1.0,0.0,0.0
400.0,swap_rz,6.004109270419878,74.0,2.0,6.229370100288379,8.0,0.0,0.0,1.0,0.0
401.0,delete,6.9834275475781045,75.0,4.0,7.231275593898449,6.0,0.0,0.0,0.0,0.0
402.0,stop,6.9834275475781045,76.0,4.0,6.9834275475781045,6.0,0.0,0.0,0.0,0.0
403.0,add_cx,6.9834275475781045,76.0,5.0,6.9834275475781045,6.0,0.0,0.0,0.0,1.0
404.0,add_rx,6.074749061011502,76.0,5.0,6.9834275475781045,6.0,1.0,0.0,0.0,0.0
405.0,add_ry,6.8365634685100165,76.0,5.0,6.9834275475781045,6.0,0.0,1.0,0.0,0.0
406.0,add_rz,6.983427547578105,76.0,5.0,6.9834275475781045,6.0,0.0,0.0,1.0,0.0
407.0,delete,7.390817626016331,76.0,5.0,6.9834275475781045,5.0,0.0,0.0,0.0,0.0
408.0,swap_cx,6.695470445767417,76.0,5.0,6.9834275475781045,5.0,0.0,0.0,0.0,1.0
409.0,swap_rx,6.771833749231359,76.0,5.0,6.9834275475781045,5.0,1.0,0.0,0.0,0.0
410.0,swap_ry,6.687763829174291,76.0,5.0,6.9834275475781045,5.0,0.0,1.0,0.0,0.0
411.0,swap_rz,6.772739520050374,76.0,5.0,6.9834275475781045,5.0,0.0,0.0,1.0,0.0
412.0,swap_ry,6.847511798727327,77.0,4.0,7.344920032364019,6.0,0.0,1.0,0.0,0.0
412.0,stop,7.026464368123197,78.0,3.0,7.0264643681231975,7.0,0.0,0.0,0.0,0.0
413.0,swap_rz,7.225242383454324,79.0,4.0,7.345460669572171,6.0,0.0,0.0,1.0,0.0
414.0,change_5,7.244491897879476,80.0,5.0,7.24338348617696,6.0,0.0,0.0,1.0,0.0
415.0,stop,7.24338348617696,80.0,4.0,7.24338348617696,6.0,0.0,0.0,1.0,0.0
416.0,add_cx,7.24338348617696,80.0,5.0,7.24338348617696,6.0,0.0,0.0,1.0,1.0
417.0,add_rx,7.240825784361813,80.0,5.0,7.24338348617696,6.0,1.0,0.0,1.0,0.0
418.0,add_ry,7.240725925949173,80.0,5.0,7.24338348617696,6.0,0.0,1.0,1.0,0.0
419.0,add_rz,7.244003142401999,80.0,5.0,7.24338348617696,6.0,0.0,0.0,2.0,0.0
420.0,delete,7.248781472370121,80.0,5.0,7.24338348617696,5.0,0.0,0.0,1.0,0.0
421.0,swap_cx,7.376443648067511,80.0,5.0,7.24338348617696,5.0,0.0,0.0,1.0,1.0
422.0,swap_rx,7.138410404194964,80.0,5.0,7.24338348617696,5.0,1.0,0.0,1.0,0.0
423.0,swap_ry,7.099252205714665,80.0,5.0,7.24338348617696,5.0,0.0,1.0,1.0,0.0
424.0,swap_rz,7.4189591021658154,80.0,5.0,7.24338348617696,5.0,0.0,0.0,2.0,0.0
425.0,stop,7.502912473032616,81.0,5.0,7.502912473032616,5.0,0.0,0.0,0.0,0.0
426.0,add_cx,7.279850354961443,81.0,6.0,7.502912473032616,5.0,0.0,0.0,0.0,1.0
427.0,add_rx,7.502912473032618,81.0,6.0,7.502912473032616,5.0,1.0,0.0,0.0,0.0
428.0,add_ry,6.996153744964702,81.0,6.0,7.502912473032616,5.0,0.0,1.0,0.0,0.0
429.0,add_rz,7.502912473032614,81.0,6.0,7.502912473032616,5.0,0.0,0.0,1.0,0.0
430.0,delete,7.58524729516044,81.0,6.0,7.502912473032616,4.0,0.0,0.0,0.0,0.0
431.0,swap_cx,7.575678333611185,81.0,6.0,7.502912473032616,4.0,0.0,0.0,0.0,1.0
432.0,swap_rx,7.430697267651858,81.0,6.0,7.502912473032616,4.0,1.0,0.0,0.0,0.0
433.0,swap_ry,7.468189156835296,81.0,6.0,7.502912473032616,4.0,0.0,1.0,0.0,0.0
434.0,swap_rz,7.585247295160441,81.0,6.0,7.502912473032616,4.0,0.0,0.0,1.0,0.0
435.0,delete,6.862265490454492,82.0,3.0,7.132720366820565,7.0,0.0,0.0,0.0,0.0
436.0,stop,6.862265490454492,83.0,3.0,6.862265490454492,7.0,0.0,0.0,0.0,0.0
437.0,add_cx,6.862265490454492,83.0,4.0,6.862265490454492,7.0,0.0,0.0,0.0,1.0
438.0,add_rx,6.86226549045449,83.0,4.0,6.862265490454492,7.0,1.0,0.0,0.0,0.0
439.0,add_ry,6.966525645563147,83.0,4.0,6.862265490454492,7.0,0.0,1.0,0.0,0.0
440.0,add_rz,6.862265490454492,83.0,4.0,6.862265490454492,7.0,0.0,0.0,1.0,0.0
441.0,delete,7.08511209825493,83.0,4.0,6.862265490454492,6.0,0.0,0.0,0.0,0.0
442.0,swap_cx,7.069832392887931,83.0,4.0,6.862265490454492,6.0,0.0,0.0,0.0,1.0
443.0,swap_rx,6.640060709208624,83.0,4.0,6.862265490454492,6.0,1.0,0.0,0.0,0.0
444.0,swap_ry,6.469893504532576,83.0,4.0,6.862265490454492,6.0,0.0,1.0,0.0,0.0
445.0,swap_rz,7.03465985519928,83.0,4.0,6.862265490454492,6.0,0.0,0.0,1.0,0.0
446.0,delete,6.971055984505914,84.0,4.0,7.287604236739552,6.0,0.0,0.0,0.0,0.0
447.0,stop,6.971055984505914,85.0,4.0,6.971055984505914,6.0,0.0,0.0,0.0,0.0
448.0,add_cx,6.971055984505914,85.0,5.0,6.971055984505914,6.0,0.0,0.0,0.0,1.0
449.0,add_rx,6.281331789301951,85.0,5.0,6.971055984505914,6.0,1.0,0.0,0.0,0.0
450.0,add_ry,6.70023781711655,85.0,5.0,6.971055984505914,6.0,0.0,1.0,0.0,0.0
451.0,add_rz,6.971055984505914,85.0,5.0,6.971055984505914,6.0,0.0,0.0,1.0,0.0
452.0,delete,7.244406414496821,85.0,5.0,6.971055984505914,5.0,0.0,0.0,0.0,0.0
453.0,swap_cx,6.7727395200503775,85.0,5.0,6.971055984505914,5.0,0.0,0.0,0.0,1.0
454.0,swap_rx,6.874084100726046,85.0,5.0,6.971055984505914,5.0,1.0,0.0,0.0,0.0
455.0,swap_ry,6.9008454831437565,85.0,5.0,6.971055984505914,5.0,0.0,1.0,0.0,0.0
456.0,swap_rz,7.388774219693937,85.0,5.0,6.971055984505914,5.0,0.0,0.0,1.0,0.0
456.0,stop,7.026464368123197,86.0,3.0,7.0264643681231975,7.0,0.0,0.0,0.0,0.0
457.0,swap_ry,6.571068842606507,87.0,4.0,7.306657860545812,6.0,0.0,1.0,0.0,0.0
458.0,swap_cx,7.225242383454325,88.0,4.0,7.25428809016989,6.0,0.0,0.0,0.0,1.0
459.0,swap_cx,7.236355873709786,89.0,4.0,7.251867614610259,6.0,0.0,0.0,0.0,1.0
460.0,stop,7.236355873709786,90.0,4.0,7.236355873709786,6.0,0.0,0.0,0.0,1.0
461.0,add_cx,6.963221550732317,90.0,5.0,7.236355873709786,6.0,0.0,0.0,0.0,2.0
462.0,add_rx,7.164833037437492,90.0,5.0,7.236355873709786,6.0,1.0,0.0,0.0,1.0
463.0,add_ry,7.28903307447121,90.0,5.0,7.236355873709786,6.0,0.0,1.0,0.0,1.0
464.0,add_rz,7.236355873709787,90.0,5.0,7.236355873709786,6.0,0.0,0.0,1.0,1.0
465.0,delete,7.3930229874479325,90.0,5.0,7.236355873709786,5.0,0.0,0.0,0.0,1.0
466.0,swap_cx,7.244406414496821,90.0,5.0,7.236355873709786,5.0,0.0,0.0,0.0,2.0
467.0,swap_rx,7.133779598424936,90.0,5.0,7.236355873709786,5.0,1.0,0.0,0.0,1.0
468.0,swap_ry,7.415289752203153,90.0,5.0,7.236355873709786,5.0,0.0,1.0,0.0,1.0
469.0,swap_rz,7.376443648067511,90.0,5.0,7.236355873709786,5.0,0.0,0.0,1.0,1.0
469.0,stop,7.026464368123197,91.0,3.0,7.026464368123198,7.0,0.0,0.0,0.0,0.0
470.0,change_4,7.421128736535635,92.0,6.0,7.42254124455548,5.0,0.0,1.0,0.0,0.0
471.0,stop,7.42254124455548,92.0,5.0,7.42254124455548,5.0,0.0,1.0,0.0,0.0
472.0,add_cx,6.969662739432115,92.0,6.0,7.42254124455548,5.0,0.0,1.0,0.0,1.0
473.0,add_rx,7.422541244555479,92.0,6.0,7.42254124455548,5.0,1.0,1.0,0.0,0.0
474.0,add_ry,7.342564240143767,92.0,6.0,7.42254124455548,5.0,0.0,2.0,0.0,0.0
475.0,add_rz,7.422541244555481,92.0,6.0,7.42254124455548,5.0,0.0,1.0,1.0,0.0
476.0,delete,7.585228823268255,92.0,6.0,7.42254124455548,4.0,0.0,1.0,0.0,0.0
477.0,swap_cx,7.736265570193922,92.0,6.0,7.42254124455548,4.0,0.0,1.0,0.0,1.0
478.0,swap_rx,6.802132660060121,92.0,6.0,7.42254124455548,4.0,1.0,1.0,0.0,0.0
479.0,swap_ry,7.573461509064758,92.0,6.0,7.42254124455548,5.0,0.0,1.0,0.0,0.0
480.0,swap_rz,7.234203109694124,92.0,6.0,7.42254124455548,5.0,0.0,0.0,1.0,0.0
481.0,change_1,6.909578397432409,93.0,5.0,6.847511798727327,6.0,0.0,1.0,0.0,0.0
482.0,stop,6.847511798727327,93.0,4.0,6.847511798727327,6.0,0.0,1.0,0.0,0.0
483.0,add_cx,6.566356770888758,93.0,5.0,6.847511798727327,6.0,0.0,1.0,0.0,1.0
484.0,add_rx,6.847511798727329,93.0,5.0,6.847511798727327,6.0,1.0,1.0,0.0,0.0
485.0,add_ry,7.116115027622464,93.0,5.0,6.847511798727327,6.0,0.0,2.0,0.0,0.0
486.0,add_rz,6.847511798727327,93.0,5.0,6.847511798727327,6.0,0.0,1.0,1.0,0.0
487.0,delete,6.62932398294949,93.0,5.0,6.847511798727327,5.0,0.0,1.0,0.0,0.0
488.0,swap_cx,7.15793074600395,93.0,5.0,6.847511798727327,5.0,0.0,1.0,0.0,1.0
489.0,swap_rx,7.288023647822319,93.0,5.0,6.847511798727327,5.0,1.0,1.0,0.0,0.0
490.0,swap_ry,7.238914945760991,93.0,5.0,6.847511798727327,5.0,0.0,2.0,0.0,0.0
491.0,swap_rz,6.62932398294949,93.0,5.0,6.847511798727327,5.0,0.0,1.0,1.0,0.0
492.0,delete,6.559110272822395,94.0,2.0,6.992033956815694,8.0,0.0,0.0,0.0,0.0
493.0,stop,6.559110272822395,95.0,2.0,6.559110272822395,8.0,0.0,0.0,0.0,0.0
494.0,add_cx,6.559110272822395,95.0,3.0,6.559110272822395,8.0,0.0,0.0,0.0,1.0
495.0,add_rx,6.559110272822395,95.0,3.0,6.559110272822395,8.0,1.0,0.0,0.0,0.0
496.0,add_ry,6.690091175185429,95.0,3.0,6.559110272822395,8.0,0.0,1.0,0.0,0.0
497.0,add_rz,6.559110272822395,95.0,3.0,6.559110272822395,8.0,0.0,0.0,1.0,0.0
498.0,delete,6.854132666572807,95.0,3.0,6.559110272822395,7.0,0.0,0.0,0.0,0.0
499.0,swap_cx,6.8097541948473665,95.0,3.0,6.559110272822395,7.0,0.0,0.0,0.0,1.0
500.0,swap_rx,6.556449905583225,95.0,3.0,6.559110272822395,7.0,1.0,0.0,0.0,0.0
501.0,swap_ry,6.842417827876417,95.0,3.0,6.559110272822395,7.0,0.0,1.0,0.0,0.0
502.0,swap_rz,6.835879609798939,95.0,3.0,6.559110272822395,7.0,0.0,0.0,1.0,0.0
502.0,stop,7.026464368123197,96.0,3.0,7.026464368123198,7.0,0.0,0.0,0.0,0.0
502.0,stop,7.350734042465123,97.0,4.0,7.350734042465123,6.0,0.0,0.0,0.0,0.0
502.0,stop,7.350734042465123,98.0,4.0,7.350734042465123,6.0,0.0,0.0,0.0,0.0
503.0,stop,7.50291247303258,99.0,5.0,7.50291247303258,5.0,0.0,0.0,0.0,1.0
504.0,add_cx,7.50291247303258,99.0,6.0,7.50291247303258,5.0,0.0,0.0,0.0,2.0
505.0,add_rx,7.50291247303258,99.0,6.0,7.50291247303258,5.0,1.0,0.0,0.0,1.0
506.0,add_ry,7.478765941271759,99.0,6.0,7.50291247303258,5.0,0.0,1.0,0.0,1.0
507.0,add_rz,7.502912473032579,99.0,6.0,7.50291247303258,5.0,0.0,0.0,1.0,1.0
508.0,delete,7.50291247303258,99.0,6.0,7.50291247303258,5.0,0.0,0.0,0.0,0.0
509.0,swap_cx,7.50291247303258,99.0,6.0,7.50291247303258,5.0,0.0,0.0,0.0,1.0
510.0,swap_rx,7.590777835240745,99.0,6.0,7.50291247303258,4.0,1.0,0.0,0.0,1.0
511.0,swap_ry,7.470318987866407,99.0,6.0,7.50291247303258,5.0,0.0,1.0,0.0,0.0
512.0,swap_rz,7.50291247303258,99.0,6.0,7.50291247303258,5.0,0.0,0.0,1.0,0.0
512.0,stop,7.350734042465123,100.0,4.0,7.350734042465123,6.0,0.0,0.0,0.0,0.0
512.0,stop,7.350734042465123,101.0,4.0,7.350734042465123,6.0,0.0,0.0,0.0,0.0
512.0,stop,7.350734042465123,102.0,4.0,7.350734042465123,6.0,0.0,0.0,0.0,0.0
513.0,change_4,7.422682172384157,103.0,6.0,7.405259680816428,5.0,0.0,1.0,0.0,0.0
514.0,stop,7.405259680816428,103.0,5.0,7.405259680816428,5.0,0.0,1.0,0.0,0.0
515.0,add_cx,7.405259680816428,103.0,6.0,7.405259680816428,5.0,0.0,1.0,0.0,1.0
516.0,add_rx,7.3836806992741,103.0,6.0,7.405259680816428,5.0,1.0,1.0,0.0,0.0
517.0,add_ry,7.406857099842741,103.0,6.0,7.405259680816428,5.0,0.0,2.0,0.0,0.0
518.0,add_rz,7.406784058497102,103.0,6.0,7.405259680816428,5.0,0.0,1.0,1.0,0.0
519.0,delete,7.438185921953175,103.0,6.0,7.405259680816428,4.0,0.0,1.0,0.0,0.0
520.0,swap_cx,7.445250405157639,103.0,6.0,7.405259680816428,4.0,0.0,1.0,0.0,1.0
521.0,swap_rx,7.468359204338437,103.0,6.0,7.405259680816428,4.0,1.0,1.0,0.0,0.0
522.0,swap_ry,7.379859663622498,103.0,6.0,7.405259680816428,4.0,0.0,2.0,0.0,0.0
523.0,swap_rz,7.440587749245356,103.0,6.0,7.405259680816428,4.0,0.0,1.0,1.0,0.0
524.0,delete,7.50291247303258,104.0,5.0,7.448428485497803,5.0,0.0,0.0,0.0,0.0
525.0,delete,7.497546631020149,105.0,5.0,7.452968817792367,5.0,0.0,0.0,0.0,0.0
526.0,stop,7.50291247303258,106.0,5.0,7.50291247303258,5.0,0.0,0.0,0.0,0.0
527.0,add_cx,7.526212815494508,106.0,6.0,7.50291247303258,5.0,0.0,0.0,0.0,1.0
528.0,add_rx,7.323567353386156,106.0,6.0,7.50291247303258,5.0,1.0,0.0,0.0,0.0
529.0,add_ry,7.449485894764493,106.0,6.0,7.50291247303258,5.0,0.0,1.0,0.0,0.0
530.0,add_rz,7.50291247303258,106.0,6.0,7.50291247303258,5.0,0.0,0.0,1.0,0.0
531.0,delete,7.605072379921649,106.0,6.0,7.50291247303258,4.0,0.0,0.0,0.0,0.0
532.0,swap_cx,7.448992566667948,106.0,6.0,7.50291247303258,4.0,0.0,0.0,0.0,1.0
533.0,swap_rx,7.491889563900083,106.0,6.0,7.50291247303258,4.0,1.0,0.0,0.0,0.0
534.0,swap_ry,7.747721834206921,106.0,6.0,7.50291247303258,4.0,0.0,1.0,0.0,0.0
535.0,swap_rz,7.590777835240743,106.0,6.0,7.50291247303258,4.0,0.0,0.0,1.0,0.0
535.0,stop,7.350734042465123,107.0,4.0,7.350734042465123,6.0,0.0,0.0,0.0,0.0
535.0,stop,7.350734042465123,108.0,4.0,7.350734042465122,6.0,0.0,0.0,0.0,0.0
536.0,stop,7.497546631020149,109.0,5.0,7.497546631020149,5.0,0.0,0.0,0.0,0.0
537.0,add_cx,7.497546631020149,109.0,6.0,7.497546631020149,5.0,0.0,0.0,0.0,1.0
538.0,add_rx,7.497546631020149,109.0,6.0,7.497546631020149,5.0,1.0,0.0,0.0,0.0
539.0,add_ry,7.456122574441516,109.0,6.0,7.497546631020149,5.0,0.0,1.0,0.0,0.0
540.0,add_rz,7.49754663102015,109.0,6.0,7.497546631020149,5.0,0.0,0.0,1.0,0.0
541.0,delete,7.590536399155113,109.0,6.0,7.497546631020149,4.0,0.0,0.0,0.0,0.0
542.0,swap_cx,7.568713600217147,109.0,6.0,7.497546631020149,4.0,0.0,0.0,0.0,1.0
543.0,swap_rx,7.5864953950379554,109.0,6.0,7.497546631020149,4.0,1.0,0.0,0.0,0.0
544.0,swap_ry,7.699039704161832,109.0,6.0,7.497546631020149,4.0,0.0,1.0,0.0,0.0
545.0,swap_rz,7.575678333611185,109.0,6.0,7.497546631020149,4.0,0.0,0.0,1.0,0.0
546.0,delete,7.2405988704573865,110.0,4.0,7.33835150957279,6.0,0.0,0.0,0.0,0.0
547.0,stop,7.2405988704573865,111.0,4.0,7.2405988704573865,6.0,0.0,0.0,0.0,0.0
548.0,add_cx,7.2405988704573865,111.0,5.0,7.2405988704573865,6.0,0.0,0.0,0.0,1.0
549.0,add_rx,7.2405988704573865,111.0,5.0,7.2405988704573865,6.0,1.0,0.0,0.0,0.0
550.0,add_ry,7.295818954633681,111.0,5.0,7.2405988704573865,6.0,0.0,1.0,0.0,0.0
551.0,add_rz,7.263870798581249,111.0,5.0,7.2405988704573865,6.0,0.0,0.0,1.0,0.0
552.0,delete,7.4161744864462396,111.0,5.0,7.2405988704573865,5.0,0.0,0.0,0.0,0.0
553.0,swap_cx,7.234203109694124,111.0,5.0,7.2405988704573865,5.0,0.0,0.0,0.0,1.0
554.0,swap_rx,7.3144513529333,111.0,5.0,7.2405988704573865,5.0,1.0,0.0,0.0,0.0
555.0,swap_ry,7.207553914503134,111.0,5.0,7.2405988704573865,5.0,0.0,1.0,0.0,0.0
556.0,swap_rz,7.234203109694124,111.0,5.0,7.2405988704573865,5.0,0.0,0.0,1.0,0.0
557.0,stop,7.590536399155113,112.0,6.0,7.590536399155113,4.0,0.0,0.0,0.0,0.0
558.0,add_cx,7.333196945001849,112.0,7.0,7.590536399155113,4.0,0.0,0.0,0.0,1.0
559.0,add_rx,7.5905363991551145,112.0,7.0,7.590536399155113,4.0,1.0,0.0,0.0,0.0
560.0,add_ry,7.510835990341445,112.0,7.0,7.590536399155113,4.0,0.0,1.0,0.0,0.0
561.0,add_rz,7.5905363991551145,112.0,7.0,7.590536399155113,4.0,0.0,0.0,1.0,0.0
562.0,delete,7.736540434250638,112.0,7.0,7.590536399155113,3.0,0.0,0.0,0.0,0.0
563.0,swap_cx,7.549777323138423,112.0,7.0,7.590536399155113,3.0,0.0,0.0,0.0,1.0
564.0,swap_rx,7.3992955575171475,112.0,7.0,7.590536399155113,3.0,1.0,0.0,0.0,0.0
565.0,swap_ry,7.630887488572666,112.0,7.0,7.590536399155113,3.0,0.0,1.0,0.0,0.0
566.0,swap_rz,7.7392439005494325,112.0,7.0,7.590536399155113,3.0,0.0,0.0,1.0,0.0
566.0,stop,7.350734042465123,113.0,4.0,7.350734042465122,6.0,0.0,0.0,0.0,0.0
567.0,delete,7.495503224697743,114.0,5.0,7.517694813993452,5.0,0.0,0.0,0.0,0.0
568.0,stop,7.495503224697743,115.0,5.0,7.495503224697743,5.0,0.0,0.0,0.0,0.0
569.0,add_cx,7.518803567159672,115.0,6.0,7.495503224697743,5.0,0.0,0.0,0.0,1.0
570.0,add_rx,7.495503224697743,115.0,6.0,7.495503224697743,5.0,1.0,0.0,0.0,0.0
571.0,add_ry,7.468079767312825,115.0,6.0,7.495503224697743,5.0,0.0,1.0,0.0,0.0
572.0,add_rz,7.495503224697747,115.0,6.0,7.495503224697743,5.0,0.0,0.0,1.0,0.0
573.0,delete,7.587380445595134,115.0,6.0,7.495503224697743,4.0,0.0,0.0,0.0,0.0
574.0,swap_cx,7.586449586510318,115.0,6.0,7.495503224697743,4.0,0.0,0.0,0.0,1.0
575.0,swap_rx,7.577032316177501,115.0,6.0,7.495503224697743,4.0,1.0,0.0,0.0,0.0
576.0,swap_ry,7.5916374760191205,115.0,6.0,7.495503224697743,4.0,0.0,1.0,0.0,0.0
577.0,swap_rz,7.59148367481971,115.0,6.0,7.495503224697743,4.0,0.0,0.0,1.0,0.0
578.0,stop,7.587380445595134,116.0,6.0,7.587380445595134,4.0,0.0,0.0,0.0,0.0
579.0,add_cx,7.610680788057062,116.0,7.0,7.587380445595134,4.0,0.0,0.0,0.0,1.0
580.0,add_rx,7.420630378520208,116.0,7.0,7.587380445595134,4.0,1.0,0.0,0.0,0.0
581.0,add_ry,7.73141020560897,116.0,7.0,7.587380445595134,4.0,0.0,1.0,0.0,0.0
582.0,add_rz,7.592901393340773,116.0,7.0,7.587380445595134,4.0,0.0,0.0,1.0,0.0
583.0,delete,7.739049147422375,116.0,7.0,7.587380445595134,3.0,0.0,0.0,0.0,0.0
584.0,swap_cx,7.1916951163557545,116.0,7.0,7.587380445595134,3.0,0.0,0.0,0.0,1.0
585.0,swap_rx,7.446964305960512,116.0,7.0,7.587380445595134,3.0,1.0,0.0,0.0,0.0
586.0,swap_ry,7.543605879213731,116.0,7.0,7.587380445595134,3.0,0.0,1.0,0.0,0.0
587.0,swap_rz,7.739049147422376,116.0,7.0,7.587380445595134,3.0,0.0,0.0,1.0,0.0
587.0,stop,7.350734042465123,117.0,4.0,7.350734042465122,6.0,0.0,0.0,0.0,0.0
588.0,stop,7.605072379921649,118.0,6.0,7.605072379921649,4.0,0.0,0.0,0.0,0.0
589.0,add_cx,7.3184444724849,118.0,7.0,7.605072379921649,4.0,0.0,0.0,0.0,1.0
590.0,add_rx,7.605072379921649,118.0,7.0,7.605072379921649,4.0,1.0,0.0,0.0,0.0
591.0,add_ry,7.598883298127602,118.0,7.0,7.605072379921649,4.0,0.0,1.0,0.0,0.0
592.0,add_rz,7.60507237992165,118.0,7.0,7.605072379921649,4.0,0.0,0.0,1.0,0.0
593.0,delete,7.74584392671357,118.0,7.0,7.605072379921649,3.0,0.0,0.0,0.0,0.0
594.0,swap_cx,7.739049148179232,118.0,7.0,7.605072379921649,3.0,0.0,0.0,0.0,1.0
595.0,swap_rx,7.48765056757575,118.0,7.0,7.605072379921649,3.0,1.0,0.0,0.0,0.0
596.0,swap_ry,7.471533594304336,118.0,7.0,7.605072379921649,3.0,0.0,1.0,0.0,0.0
597.0,swap_rz,7.7350890896373246,118.0,7.0,7.605072379921649,3.0,0.0,0.0,1.0,0.0
597.0,stop,7.497546631020149,119.0,5.0,7.497546631020149,5.0,0.0,0.0,0.0,0.0
597.0,stop,7.50291247303258,120.0,5.0,7.50291247303258,5.0,0.0,0.0,0.0,0.0
597.0,stop,7.495503224697743,121.0,5.0,7.495503224697743,5.0,0.0,0.0,0.0,0.0
597.0,stop,7.497546631020149,122.0,5.0,7.497546631020149,5.0,0.0,0.0,0.0,0.0
597.0,stop,7.50291247303258,123.0,5.0,7.50291247303258,5.0,0.0,0.0,0.0,0.0
597.0,stop,7.495503224697743,124.0,5.0,7.495503224697743,5.0,0.0,0.0,0.0,0.0
598.0,change_2,7.69761469343712,125.0,7.0,7.699039704161832,4.0,0.0,1.0,0.0,0.0
599.0,stop,7.699039704161832,125.0,6.0,7.699039704161832,4.0,0.0,1.0,0.0,0.0
600.0,add_cx,7.295805017478033,125.0,7.0,7.699039704161832,4.0,0.0,1.0,0.0,1.0
601.0,add_rx,7.693385088495898,125.0,7.0,7.699039704161832,4.0,1.0,1.0,0.0,0.0
602.0,add_ry,7.62215690280098,125.0,7.0,7.699039704161832,4.0,0.0,2.0,0.0,0.0
603.0,add_rz,7.699039704161832,125.0,7.0,7.699039704161832,4.0,0.0,1.0,1.0,0.0
604.0,delete,7.568713600217147,125.0,7.0,7.699039704161832,4.0,0.0,0.0,0.0,0.0
605.0,swap_cx,7.6823188346301965,125.0,7.0,7.699039704161832,3.0,0.0,1.0,0.0,1.0
606.0,swap_rx,7.651719826731284,125.0,7.0,7.699039704161832,3.0,1.0,1.0,0.0,0.0
607.0,swap_ry,7.449800295154997,125.0,7.0,7.699039704161832,4.0,0.0,1.0,0.0,0.0
608.0,swap_rz,7.7194260340840835,125.0,7.0,7.699039704161832,3.0,0.0,1.0,1.0,0.0
609.0,delete,6.839565770632486,126.0,3.0,7.232321893030887,7.0,0.0,0.0,0.0,0.0
610.0,stop,6.839565770632486,127.0,3.0,6.839565770632486,7.0,0.0,0.0,0.0,0.0
611.0,add_cx,6.839565770632486,127.0,4.0,6.839565770632486,7.0,0.0,0.0,0.0,1.0
612.0,add_rx,6.839565770632485,127.0,4.0,6.839565770632486,7.0,1.0,0.0,0.0,0.0
613.0,add_ry,6.342986551110533,127.0,4.0,6.839565770632486,7.0,0.0,1.0,0.0,0.0
614.0,add_rz,6.840122443334903,127.0,4.0,6.839565770632486,7.0,0.0,0.0,1.0,0.0
615.0,delete,7.2315463684711405,127.0,4.0,6.839565770632486,6.0,0.0,0.0,0.0,0.0
616.0,swap_cx,6.72750785369733,127.0,4.0,6.839565770632486,6.0,0.0,0.0,0.0,1.0
617.0,swap_rx,7.050359138268853,127.0,4.0,6.839565770632486,6.0,1.0,0.0,0.0,0.0
618.0,swap_ry,6.67135550934345,127.0,4.0,6.839565770632486,6.0,0.0,1.0,0.0,0.0
619.0,swap_rz,7.232153148101404,127.0,4.0,6.839565770632486,6.0,0.0,0.0,1.0,0.0
620.0,change_1,7.751225121993028,128.0,7.0,7.747721834206921,4.0,0.0,1.0,0.0,0.0
621.0,stop,7.747721834206921,128.0,6.0,7.747721834206921,4.0,0.0,1.0,0.0,0.0
622.0,add_cx,7.5168484346990265,128.0,7.0,7.747721834206921,4.0,0.0,1.0,0.0,1.0
623.0,add_rx,7.478610725333464,128.0,7.0,7.747721834206921,4.0,1.0,1.0,0.0,0.0
624.0,add_ry,7.627881979196509,128.0,7.0,7.747721834206921,4.0,0.0,2.0,0.0,0.0
625.0,add_rz,7.747721834206919,128.0,7.0,7.747721834206921,4.0,0.0,1.0,1.0,0.0
626.0,delete,7.823194167005367,128.0,7.0,7.747721834206921,3.0,0.0,1.0,0.0,0.0
627.0,swap_cx,7.318579955189228,128.0,7.0,7.747721834206921,4.0,0.0,0.0,0.0,1.0
628.0,swap_rx,7.254624512097132,128.0,7.0,7.747721834206921,4.0,1.0,0.0,0.0,0.0
629.0,swap_ry,7.114358646122984,128.0,7.0,7.747721834206921,3.0,0.0,2.0,0.0,0.0
630.0,swap_rz,7.612222371654572,128.0,7.0,7.747721834206921,4.0,0.0,0.0,1.0,0.0
631.0,delete,6.213703418118816,129.0,1.0,6.999911398360144,9.0,0.0,0.0,0.0,0.0
632.0,stop,6.213703418118816,130.0,1.0,6.213703418118816,9.0,0.0,0.0,0.0,0.0
633.0,add_cx,6.213703418118816,130.0,2.0,6.213703418118816,9.0,0.0,0.0,0.0,1.0
634.0,add_rx,6.213703418118816,130.0,2.0,6.213703418118816,9.0,1.0,0.0,0.0,0.0
635.0,add_ry,5.889035752668404,130.0,2.0,6.213703418118816,9.0,0.0,1.0,0.0,0.0
636.0,add_rz,6.213703418118813,130.0,2.0,6.213703418118816,9.0,0.0,0.0,1.0,0.0
637.0,delete,6.718667277770719,130.0,2.0,6.213703418118816,8.0,0.0,0.0,0.0,0.0
638.0,swap_cx,6.713137682957246,130.0,2.0,6.213703418118816,8.0,0.0,0.0,0.0,1.0
639.0,swap_rx,6.580456009321323,130.0,2.0,6.213703418118816,8.0,1.0,0.0,0.0,0.0
640.0,swap_ry,6.999895383510113,130.0,2.0,6.213703418118816,8.0,0.0,1.0,0.0,0.0
641.0,swap_rz,6.580456009321183,130.0,2.0,6.213703418118816,8.0,0.0,0.0,1.0,0.0
641.0,stop,7.350734042465123,131.0,4.0,7.350734042465122,6.0,0.0,0.0,0.0,0.0
642.0,change_0,7.390817626016332,132.0,6.0,7.390817626016331,5.0,0.0,0.0,1.0,0.0
643.0,stop,7.390817626016331,132.0,5.0,7.390817626016331,5.0,0.0,0.0,1.0,0.0
644.0,add_cx,7.390817626016331,132.0,6.0,7.390817626016331,5.0,0.0,0.0,1.0,1.0
645.0,add_rx,7.390817626016332,132.0,6.0,7.390817626016331,5.0,1.0,0.0,1.0,0.0
646.0,add_ry,7.225035854202621,132.0,6.0,7.390817626016331,5.0,0.0,1.0,1.0,0.0
647.0,add_rz,7.390646511074603,132.0,6.0,7.390817626016331,5.0,0.0,0.0,2.0,0.0
648.0,delete,7.294481275307555,132.0,6.0,7.390817626016331,4.0,0.0,0.0,1.0,0.0
649.0,swap_cx,7.605072379921648,132.0,6.0,7.390817626016331,4.0,0.0,0.0,1.0,1.0
650.0,swap_rx,6.408905951859522,132.0,6.0,7.390817626016331,4.0,1.0,0.0,1.0,0.0
651.0,swap_ry,7.455842909389354,132.0,6.0,7.390817626016331,4.0,0.0,1.0,1.0,0.0
652.0,swap_rz,7.610329255588039,132.0,6.0,7.390817626016331,4.0,0.0,0.0,2.0,0.0
653.0,delete,7.390817626016331,133.0,5.0,7.543556556068113,5.0,0.0,0.0,0.0,0.0
654.0,stop,7.390817626016331,134.0,5.0,7.390817626016331,5.0,0.0,0.0,0.0,0.0
655.0,add_cx,7.390817626016331,134.0,6.0,7.390817626016331,5.0,0.0,0.0,0.0,1.0
656.0,add_rx,7.236872845038255,134.0,6.0,7.390817626016331,5.0,1.0,0.0,0.0,0.0
657.0,add_ry,6.804758563679554,134.0,6.0,7.390817626016331,5.0,0.0,1.0,0.0,0.0
658.0,add_rz,7.390817626016332,134.0,6.0,7.390817626016331,5.0,0.0,0.0,1.0,0.0
659.0,delete,7.605072379921649,134.0,6.0,7.390817626016331,4.0,0.0,0.0,0.0,0.0
660.0,swap_cx,7.6108683890883135,134.0,6.0,7.390817626016331,4.0,0.0,0.0,0.0,1.0
661.0,swap_rx,7.042446369018372,134.0,6.0,7.390817626016331,4.0,1.0,0.0,0.0,0.0
662.0,swap_ry,7.541853402479861,134.0,6.0,7.390817626016331,4.0,0.0,1.0,0.0,0.0
663.0,swap_rz,7.590536399155113,134.0,6.0,7.390817626016331,4.0,0.0,0.0,1.0,0.0
664.0,change_6,7.350734042465123,135.0,6.0,7.350734042465125,6.0,0.0,0.0,1.0,0.0
665.0,stop,7.350734042465125,135.0,5.0,7.350734042465125,6.0,0.0,0.0,1.0,0.0
666.0,add_cx,7.350734042465125,135.0,6.0,7.350734042465125,6.0,0.0,0.0,1.0,1.0
667.0,add_rx,6.820491114485084,135.0,6.0,7.350734042465125,6.0,1.0,0.0,1.0,0.0
668.0,add_ry,7.173542435971278,135.0,6.0,7.350734042465125,6.0,0.0,1.0,1.0,0.0
669.0,add_rz,7.357683336963967,135.0,6.0,7.350734042465125,6.0,0.0,0.0,2.0,0.0
670.0,delete,7.390817626016332,135.0,6.0,7.350734042465125,5.0,0.0,0.0,1.0,0.0
671.0,swap_cx,7.388774219693939,135.0,6.0,7.350734042465125,5.0,0.0,0.0,1.0,1.0
672.0,swap_rx,7.1875600277373906,135.0,6.0,7.350734042465125,5.0,1.0,0.0,1.0,0.0
673.0,swap_ry,7.420579203830687,135.0,6.0,7.350734042465125,5.0,0.0,1.0,1.0,0.0
674.0,swap_rz,7.390817626016331,135.0,6.0,7.350734042465125,5.0,0.0,0.0,2.0,0.0
675.0,delete,6.95219627485545,136.0,4.0,7.403429273169602,6.0,0.0,0.0,0.0,0.0
676.0,stop,6.95219627485545,137.0,4.0,6.95219627485545,6.0,0.0,0.0,0.0,0.0
677.0,add_cx,6.508025744068283,137.0,5.0,6.95219627485545,6.0,0.0,0.0,0.0,1.0
678.0,add_rx,6.95219627485545,137.0,5.0,6.95219627485545,6.0,1.0,0.0,0.0,0.0
679.0,add_ry,7.1427665674271035,137.0,5.0,6.95219627485545,6.0,0.0,1.0,0.0,0.0
680.0,add_rz,6.952196274855449,137.0,5.0,6.95219627485545,6.0,0.0,0.0,1.0,0.0
681.0,delete,6.7727395200503775,137.0,5.0,6.95219627485545,5.0,0.0,0.0,0.0,0.0
682.0,swap_cx,7.206871156757333,137.0,5.0,6.95219627485545,5.0,0.0,0.0,0.0,1.0
683.0,swap_rx,7.229886938278322,137.0,5.0,6.95219627485545,5.0,1.0,0.0,0.0,0.0
684.0,swap_ry,7.232065159880964,137.0,5.0,6.95219627485545,5.0,0.0,1.0,0.0,0.0
685.0,swap_rz,7.2149939650257915,137.0,5.0,6.95219627485545,5.0,0.0,0.0,1.0,0.0
686.0,stop,7.4161744864462396,138.0,5.0,7.4161744864462396,5.0,0.0,0.0,0.0,0.0
687.0,add_cx,7.4161744864462396,138.0,6.0,7.4161744864462396,5.0,0.0,0.0,0.0,1.0
688.0,add_rx,7.068687914994014,138.0,6.0,7.4161744864462396,5.0,1.0,0.0,0.0,0.0
689.0,add_ry,7.413378953236001,138.0,6.0,7.4161744864462396,5.0,0.0,1.0,0.0,0.0
690.0,add_rz,7.4161744864462396,138.0,6.0,7.4161744864462396,5.0,0.0,0.0,1.0,0.0
691.0,delete,7.58524729516044,138.0,6.0,7.4161744864462396,4.0,0.0,0.0,0.0,0.0
692.0,swap_cx,7.48651374774484,138.0,6.0,7.4161744864462396,4.0,0.0,0.0,0.0,1.0
693.0,swap_rx,7.402121676303913,138.0,6.0,7.4161744864462396,4.0,1.0,0.0,0.0,0.0
694.0,swap_ry,7.457657496430091,138.0,6.0,7.4161744864462396,4.0,0.0,1.0,0.0,0.0
695.0,swap_rz,7.489417201481179,138.0,6.0,7.4161744864462396,4.0,0.0,0.0,1.0,0.0
695.0,stop,7.2405988704573865,139.0,4.0,7.2405988704573865,6.0,0.0,0.0,0.0,0.0
695.0,stop,7.350734042465123,140.0,4.0,7.350734042465121,6.0,0.0,0.0,0.0,0.0
695.0,stop,7.350734042465123,141.0,4.0,7.350734042465121,6.0,0.0,0.0,0.0,0.0
696.0,change_0,7.592222570238836,142.0,7.0,7.5916374760191205,4.0,0.0,1.0,0.0,0.0
697.0,stop,7.5916374760191205,142.0,6.0,7.5916374760191205,4.0,0.0,1.0,0.0,0.0
698.0,add_cx,7.147572453034807,142.0,7.0,7.5916374760191205,4.0,0.0,1.0,0.0,1.0
699.0,add_rx,7.389915257987074,142.0,7.0,7.5916374760191205,4.0,1.0,1.0,0.0,0.0
700.0,add_ry,7.014397780368951,142.0,7.0,7.5916374760191205,4.0,0.0,2.0,0.0,0.0
701.0,add_rz,7.59163747601912,142.0,7.0,7.5916374760191205,4.0,0.0,1.0,1.0,0.0
702.0,delete,7.701314254488073,142.0,7.0,7.5916374760191205,3.0,0.0,1.0,0.0,0.0
703.0,swap_cx,7.701314254488073,142.0,7.0,7.5916374760191205,3.0,0.0,1.0,0.0,1.0
704.0,swap_rx,7.553967847668649,142.0,7.0,7.5916374760191205,3.0,1.0,1.0,0.0,0.0
705.0,swap_ry,7.580136297314804,142.0,7.0,7.5916374760191205,3.0,0.0,2.0,0.0,0.0
706.0,swap_rz,7.743219760328928,142.0,7.0,7.5916374760191205,3.0,0.0,1.0,1.0,0.0
706.0,stop,7.497546631020149,143.0,5.0,7.497546631020149,5.0,0.0,0.0,0.0,0.0
706.0,stop,7.497546631020149,144.0,5.0,7.497546631020149,5.0,0.0,0.0,0.0,0.0
707.0,stop,7.58524729516044,145.0,6.0,7.58524729516044,4.0,0.0,0.0,0.0,0.0
708.0,add_cx,7.58524729516044,145.0,7.0,7.58524729516044,4.0,0.0,0.0,0.0,1.0
709.0,add_rx,7.58524729516044,145.0,7.0,7.58524729516044,4.0,1.0,0.0,0.0,0.0
710.0,add_ry,7.308641858471838,145.0,7.0,7.58524729516044,4.0,0.0,1.0,0.0,0.0
711.0,add_rz,7.582983741908676,145.0,7.0,7.58524729516044,4.0,0.0,0.0,1.0,0.0
712.0,delete,7.7552795345539955,145.0,7.0,7.58524729516044,3.0,0.0,0.0,0.0,0.0
713.0,swap_cx,7.522905502736259,145.0,7.0,7.58524729516044,3.0,0.0,0.0,0.0,1.0
714.0,swap_rx,7.584804981789693,145.0,7.0,7.58524729516044,3.0,1.0,0.0,0.0,0.0
715.0,swap_ry,7.567248563443851,145.0,7.0,7.58524729516044,3.0,0.0,1.0,0.0,0.0
716.0,swap_rz,7.599065929392145,145.0,7.0,7.58524729516044,3.0,0.0,0.0,1.0,0.0
717.0,change_5,7.497546631020149,146.0,7.0,7.49754663102015,5.0,0.0,0.0,1.0,0.0
718.0,stop,7.49754663102015,146.0,6.0,7.49754663102015,5.0,0.0,0.0,1.0,0.0
719.0,add_cx,7.49754663102015,146.0,7.0,7.49754663102015,5.0,0.0,0.0,1.0,1.0
720.0,add_rx,7.49754663102015,146.0,7.0,7.49754663102015,5.0,1.0,0.0,1.0,0.0
721.0,add_ry,7.508406661014898,146.0,7.0,7.49754663102015,5.0,0.0,1.0,1.0,0.0
722.0,add_rz,7.49754663102015,146.0,7.0,7.49754663102015,5.0,0.0,0.0,2.0,0.0
723.0,delete,7.590777835240743,146.0,7.0,7.49754663102015,4.0,0.0,0.0,1.0,0.0
724.0,swap_cx,7.272736924877442,146.0,7.0,7.49754663102015,5.0,0.0,0.0,0.0,1.0
725.0,swap_rx,7.164100796673591,146.0,7.0,7.49754663102015,4.0,1.0,0.0,1.0,0.0
726.0,swap_ry,7.283872432211213,146.0,7.0,7.49754663102015,5.0,0.0,1.0,0.0,0.0
727.0,swap_rz,7.575678333611185,146.0,7.0,7.49754663102015,4.0,0.0,0.0,2.0,0.0
727.0,stop,7.350734042465123,147.0,4.0,7.350734042465121,6.0,0.0,0.0,0.0,0.0
727.0,stop,7.350734042465123,148.0,4.0,7.350734042465121,6.0,0.0,0.0,0.0,0.0
727.0,stop,7.50291247303258,149.0,5.0,7.50291247303258,5.0,0.0,0.0,0.0,0.0
727.0,stop,7.502912473032616,150.0,5.0,7.502912473032616,5.0,0.0,0.0,0.0,0.0
727.0,stop,7.50291247303258,151.0,5.0,7.50291247303258,5.0,0.0,0.0,0.0,0.0
727.0,stop,7.502912473032616,152.0,5.0,7.502912473032616,5.0,0.0,0.0,0.0,0.0
727.0,stop,7.50291247303258,153.0,5.0,7.502912473032579,5.0,0.0,0.0,0.0,0.0
727.0,stop,7.502912473032616,154.0,5.0,7.502912473032616,5.0,0.0,0.0,0.0,0.0
728.0,stop,7.526212815494508,155.0,6.0,7.526212815494508,5.0,0.0,0.0,0.0,1.0
729.0,add_cx,7.526212815494508,155.0,7.0,7.526212815494508,5.0,0.0,0.0,0.0,2.0
730.0,add_rx,7.526212815494508,155.0,7.0,7.526212815494508,5.0,1.0,0.0,0.0,1.0
731.0,add_ry,7.288205799883362,155.0,7.0,7.526212815494508,5.0,0.0,1.0,0.0,1.0
732.0,add_rz,7.526212815494506,155.0,7.0,7.526212815494508,5.0,0.0,0.0,1.0,1.0
733.0,delete,7.590777835240743,155.0,7.0,7.526212815494508,4.0,0.0,0.0,0.0,1.0
734.0,swap_cx,7.590777835240743,155.0,7.0,7.526212815494508,4.0,0.0,0.0,0.0,2.0
735.0,swap_rx,7.600332658639428,155.0,7.0,7.526212815494508,4.0,1.0,0.0,0.0,1.0
736.0,swap_ry,7.404056911912247,155.0,7.0,7.526212815494508,4.0,0.0,1.0,0.0,1.0
737.0,swap_rz,7.6050723799216495,155.0,7.0,7.526212815494508,4.0,0.0,0.0,1.0,1.0
738.0,delete,6.73766673041529,156.0,2.0,7.150580540252925,8.0,0.0,0.0,0.0,0.0
739.0,stop,6.73766673041529,157.0,2.0,6.73766673041529,8.0,0.0,0.0,0.0,0.0
740.0,add_cx,6.73766673041529,157.0,3.0,6.73766673041529,8.0,0.0,0.0,0.0,1.0
741.0,add_rx,6.737666730415288,157.0,3.0,6.73766673041529,8.0,1.0,0.0,0.0,0.0
742.0,add_ry,6.531632014079939,157.0,3.0,6.73766673041529,8.0,0.0,1.0,0.0,0.0
743.0,add_rz,6.7362862450018826,157.0,3.0,6.73766673041529,8.0,0.0,0.0,1.0,0.0
744.0,delete,7.007094084834156,157.0,3.0,6.73766673041529,7.0,0.0,0.0,0.0,0.0
745.0,swap_cx,6.60132231380966,157.0,3.0,6.73766673041529,7.0,0.0,0.0,0.0,1.0
746.0,swap_rx,6.901920654144335,157.0,3.0,6.73766673041529,7.0,1.0,0.0,0.0,0.0
747.0,swap_ry,6.501492095432134,157.0,3.0,6.73766673041529,7.0,0.0,1.0,0.0,0.0
748.0,swap_rz,7.026464368123195,157.0,3.0,6.73766673041529,7.0,0.0,0.0,1.0,0.0
749.0,change_4,7.585247295160439,158.0,7.0,7.585247295160441,4.0,0.0,0.0,1.0,0.0
750.0,stop,7.585247295160441,158.0,6.0,7.585247295160441,4.0,0.0,0.0,1.0,0.0
751.0,add_cx,7.585247295160441,158.0,7.0,7.585247295160441,4.0,0.0,0.0,1.0,1.0
752.0,add_rx,7.570833687877542,158.0,7.0,7.585247295160441,4.0,1.0,0.0,1.0,0.0
753.0,add_ry,7.5526043878909555,158.0,7.0,7.585247295160441,4.0,0.0,1.0,1.0,0.0
754.0,add_rz,7.585247295160439,158.0,7.0,7.585247295160441,4.0,0.0,0.0,2.0,0.0
755.0,delete,7.599065929392145,158.0,7.0,7.585247295160441,3.0,0.0,0.0,1.0,0.0
756.0,swap_cx,7.755279533797101,158.0,7.0,7.585247295160441,3.0,0.0,0.0,1.0,1.0
757.0,swap_rx,7.456883827055952,158.0,7.0,7.585247295160441,4.0,1.0,0.0,0.0,0.0
758.0,swap_ry,7.562390557987177,158.0,7.0,7.585247295160441,3.0,0.0,1.0,1.0,0.0
759.0,swap_rz,7.755279534553996,158.0,7.0,7.585247295160441,3.0,0.0,0.0,2.0,0.0
759.0,stop,7.495503224697743,159.0,5.0,7.495503224697743,5.0,0.0,0.0,0.0,0.0
759.0,stop,7.502912473032616,160.0,5.0,7.502912473032616,5.0,0.0,0.0,0.0,0.0
759.0,stop,7.502912473032616,161.0,5.0,7.502912473032616,5.0,0.0,0.0,0.0,0.0
759.0,stop,7.495503224697743,162.0,5.0,7.495503224697743,5.0,0.0,0.0,0.0,0.0
759.0,stop,7.502912473032616,163.0,5.0,7.502912473032616,5.0,0.0,0.0,0.0,0.0
760.0,stop,7.518803567159672,164.0,6.0,7.518803567159672,5.0,0.0,0.0,0.0,1.0
761.0,add_cx,7.518803567159672,164.0,7.0,7.518803567159672,5.0,0.0,0.0,0.0,2.0
762.0,add_rx,7.5112478587812115,164.0,7.0,7.518803567159672,5.0,1.0,0.0,0.0,1.0
763.0,add_ry,7.580115744718802,164.0,7.0,7.518803567159672,5.0,0.0,1.0,0.0,1.0
764.0,add_rz,7.518803567159672,164.0,7.0,7.518803567159672,5.0,0.0,0.0,1.0,1.0
765.0,delete,7.59148367481971,164.0,7.0,7.518803567159672,4.0,0.0,0.0,0.0,1.0
766.0,swap_cx,7.630199344514008,164.0,7.0,7.518803567159672,4.0,0.0,0.0,0.0,2.0
767.0,swap_rx,7.009862805002519,164.0,7.0,7.518803567159672,5.0,1.0,0.0,0.0,0.0
768.0,swap_ry,7.573625085831915,164.0,7.0,7.518803567159672,4.0,0.0,1.0,0.0,1.0
769.0,swap_rz,7.600332658639429,164.0,7.0,7.518803567159672,4.0,0.0,0.0,1.0,1.0
769.0,stop,7.350734042465123,165.0,4.0,7.350734042465121,6.0,0.0,0.0,0.0,0.0
770.0,delete,7.575678333611185,166.0,6.0,7.569265390267111,4.0,0.0,0.0,0.0,0.0
770.0,stop,7.502912473032616,167.0,5.0,7.502912473032616,5.0,0.0,0.0,0.0,0.0
771.0,delete,7.601674990276103,168.0,6.0,7.56979980221245,4.0,0.0,0.0,0.0,0.0
772.0,stop,7.601674990276103,169.0,6.0,7.601674990276103,4.0,0.0,0.0,0.0,0.0
773.0,add_cx,7.178026585608587,169.0,7.0,7.601674990276103,4.0,0.0,0.0,0.0,1.0
774.0,add_rx,7.510552436880071,169.0,7.0,7.601674990276103,4.0,1.0,0.0,0.0,0.0
775.0,add_ry,7.56296019491491,169.0,7.0,7.601674990276103,4.0,0.0,1.0,0.0,0.0
776.0,add_rz,7.601674990276104,169.0,7.0,7.601674990276103,4.0,0.0,0.0,1.0,0.0
777.0,delete,7.755279533797101,169.0,7.0,7.601674990276103,3.0,0.0,0.0,0.0,0.0
778.0,swap_cx,7.735089089637365,169.0,7.0,7.601674990276103,3.0,0.0,0.0,0.0,1.0
779.0,swap_rx,7.735089089637365,169.0,7.0,7.601674990276103,3.0,1.0,0.0,0.0,0.0
780.0,swap_ry,7.573324252390944,169.0,7.0,7.601674990276103,3.0,0.0,1.0,0.0,0.0
781.0,swap_rz,7.735089089637365,169.0,7.0,7.601674990276103,3.0,0.0,0.0,1.0,0.0
781.0,stop,7.502912473032616,170.0,5.0,7.502912473032616,5.0,0.0,0.0,0.0,0.0
782.0,stop,7.575678333611185,171.0,6.0,7.575678333611185,4.0,0.0,0.0,0.0,1.0
783.0,add_cx,7.575678333611185,171.0,7.0,7.575678333611185,4.0,0.0,0.0,0.0,2.0
784.0,add_rx,7.503663247594122,171.0,7.0,7.575678333611185,4.0,1.0,0.0,0.0,1.0
785.0,add_ry,7.499801840941073,171.0,7.0,7.575678333611185,4.0,0.0,1.0,0.0,1.0
786.0,add_rz,7.575678333611185,171.0,7.0,7.575678333611185,4.0,0.0,0.0,1.0,1.0
787.0,delete,7.575678333611185,171.0,7.0,7.575678333611185,4.0,0.0,0.0,0.0,0.0
788.0,swap_cx,7.5899414820268,171.0,7.0,7.575678333611185,3.0,0.0,0.0,0.0,2.0
789.0,swap_rx,7.575678333611184,171.0,7.0,7.575678333611185,4.0,1.0,0.0,0.0,0.0
790.0,swap_ry,7.3920782909608365,171.0,7.0,7.575678333611185,3.0,0.0,1.0,0.0,1.0
791.0,swap_rz,7.735089089637365,171.0,7.0,7.575678333611185,3.0,0.0,0.0,1.0,1.0
792.0,delete,7.590777835240743,172.0,6.0,7.592434874246302,4.0,0.0,0.0,0.0,0.0
793.0,delete,7.388774219693937,173.0,5.0,7.529488010644172,5.0,0.0,0.0,0.0,0.0
794.0,stop,7.388774219693937,174.0,5.0,7.388774219693937,5.0,0.0,0.0,0.0,0.0
795.0,add_cx,6.505999319539699,174.0,6.0,7.388774219693937,5.0,0.0,0.0,0.0,1.0
796.0,add_rx,7.388774219693937,174.0,6.0,7.388774219693937,5.0,1.0,0.0,0.0,0.0
797.0,add_ry,7.527916645861441,174.0,6.0,7.388774219693937,5.0,0.0,1.0,0.0,0.0
798.0,add_rz,7.388847729841688,174.0,6.0,7.388774219693937,5.0,0.0,0.0,1.0,0.0
799.0,delete,7.601674990276103,174.0,6.0,7.388774219693937,4.0,0.0,0.0,0.0,0.0
800.0,swap_cx,7.572458379982067,174.0,6.0,7.388774219693937,4.0,0.0,0.0,0.0,1.0
801.0,swap_rx,7.514314042129131,174.0,6.0,7.388774219693937,4.0,1.0,0.0,0.0,0.0
802.0,swap_ry,7.5986717951285,174.0,6.0,7.388774219693937,4.0,0.0,1.0,0.0,0.0
803.0,swap_rz,7.587194955391857,174.0,6.0,7.388774219693937,4.0,0.0,0.0,1.0,0.0
803.0,stop,7.350734042465123,175.0,4.0,7.350734042465121,6.0,0.0,0.0,0.0,0.0
804.0,stop,7.601674990276103,176.0,6.0,7.601674990276103,4.0,0.0,0.0,0.0,0.0
805.0,add_cx,7.178026585608587,176.0,7.0,7.601674990276103,4.0,0.0,0.0,0.0,1.0
806.0,add_rx,7.23072776438353,176.0,7.0,7.601674990276103,4.0,1.0,0.0,0.0,0.0
807.0,add_ry,7.595631481751773,176.0,7.0,7.601674990276103,4.0,0.0,1.0,0.0,0.0
808.0,add_rz,7.601674990276103,176.0,7.0,7.601674990276103,4.0,0.0,0.0,1.0,0.0
809.0,delete,7.755279533797101,176.0,7.0,7.601674990276103,3.0,0.0,0.0,0.0,0.0
810.0,swap_cx,7.576608361717428,176.0,7.0,7.601674990276103,3.0,0.0,0.0,0.0,1.0
811.0,swap_rx,7.497344139738768,176.0,7.0,7.601674990276103,3.0,1.0,0.0,0.0,0.0
812.0,swap_ry,7.436310373845555,176.0,7.0,7.601674990276103,3.0,0.0,1.0,0.0,0.0
813.0,swap_rz,7.576608361717426,176.0,7.0,7.601674990276103,3.0,0.0,0.0,1.0,0.0
813.0,stop,7.497546631020149,177.0,5.0,7.497546631020148,5.0,0.0,0.0,0.0,0.0
813.0,stop,7.50291247303258,178.0,5.0,7.50291247303258,5.0,0.0,0.0,0.0,0.0
813.0,stop,7.497546631020149,179.0,5.0,7.497546631020149,5.0,0.0,0.0,0.0,0.0
814.0,delete,7.5770323161775,180.0,6.0,7.592296787662505,4.0,0.0,0.0,0.0,0.0
815.0,stop,7.590777835240743,181.0,6.0,7.590777835240743,4.0,0.0,0.0,0.0,0.0
816.0,add_cx,7.448992566667948,181.0,7.0,7.590777835240743,4.0,0.0,0.0,0.0,1.0
817.0,add_rx,7.590777835240743,181.0,7.0,7.590777835240743,4.0,1.0,0.0,0.0,0.0
818.0,add_ry,7.551936805778316,181.0,7.0,7.590777835240743,4.0,0.0,1.0,0.0,0.0
819.0,add_rz,7.590777835240743,181.0,7.0,7.590777835240743,4.0,0.0,0.0,1.0,0.0
820.0,delete,7.599065929392145,181.0,7.0,7.590777835240743,3.0,0.0,0.0,0.0,0.0
821.0,swap_cx,7.74584392671357,181.0,7.0,7.590777835240743,3.0,0.0,0.0,0.0,1.0
822.0,swap_rx,7.744883932199965,181.0,7.0,7.590777835240743,3.0,1.0,0.0,0.0,0.0
823.0,swap_ry,7.479430647588382,181.0,7.0,7.590777835240743,3.0,0.0,1.0,0.0,0.0
824.0,swap_rz,7.599065929392145,181.0,7.0,7.590777835240743,3.0,0.0,0.0,1.0,0.0
825.0,change_3,7.590602329122227,182.0,7.0,7.5864953950379554,4.0,1.0,0.0,0.0,0.0
826.0,stop,7.5864953950379554,182.0,6.0,7.5864953950379554,4.0,1.0,0.0,0.0,0.0
827.0,add_cx,7.5864953950379554,182.0,7.0,7.5864953950379554,4.0,1.0,0.0,0.0,1.0
828.0,add_rx,7.432583602800834,182.0,7.0,7.5864953950379554,4.0,2.0,0.0,0.0,0.0
829.0,add_ry,7.506341757292685,182.0,7.0,7.5864953950379554,4.0,1.0,1.0,0.0,0.0
830.0,add_rz,7.595506558561978,182.0,7.0,7.5864953950379554,4.0,1.0,0.0,1.0,0.0
831.0,delete,7.58674218311538,182.0,7.0,7.5864953950379554,3.0,1.0,0.0,0.0,0.0
832.0,swap_cx,7.596242022535975,182.0,7.0,7.5864953950379554,3.0,1.0,0.0,0.0,1.0
833.0,swap_rx,7.447571094985433,182.0,7.0,7.5864953950379554,3.0,2.0,0.0,0.0,0.0
834.0,swap_ry,7.561349928070513,182.0,7.0,7.5864953950379554,3.0,1.0,1.0,0.0,0.0
835.0,swap_rz,7.586742183115378,182.0,7.0,7.5864953950379554,3.0,1.0,0.0,1.0,0.0
836.0,delete,7.225242383454325,183.0,4.0,7.437583956124917,6.0,0.0,0.0,0.0,0.0
837.0,stop,7.225242383454325,184.0,4.0,7.225242383454325,6.0,0.0,0.0,0.0,0.0
838.0,add_cx,7.225242383454325,184.0,5.0,7.225242383454325,6.0,0.0,0.0,0.0,1.0
839.0,add_rx,7.042712171763397,184.0,5.0,7.225242383454325,6.0,1.0,0.0,0.0,0.0
840.0,add_ry,7.216800424616207,184.0,5.0,7.225242383454325,6.0,0.0,1.0,0.0,0.0
841.0,add_rz,7.225242383454326,184.0,5.0,7.225242383454325,6.0,0.0,0.0,1.0,0.0
842.0,delete,7.206871156757332,184.0,5.0,7.225242383454325,5.0,0.0,0.0,0.0,0.0
843.0,swap_cx,7.358765577089051,184.0,5.0,7.225242383454325,5.0,0.0,0.0,0.0,1.0
844.0,swap_rx,7.260592545960126,184.0,5.0,7.225242383454325,5.0,1.0,0.0,0.0,0.0
845.0,swap_ry,7.190653601982563,184.0,5.0,7.225242383454325,5.0,0.0,1.0,0.0,0.0
846.0,swap_rz,7.358765577089051,184.0,5.0,7.225242383454325,5.0,0.0,0.0,1.0,0.0
846.0,stop,7.50291247303258,185.0,5.0,7.50291247303258,5.0,0.0,0.0,0.0,0.0
846.0,stop,7.50291247303258,186.0,5.0,7.50291247303258,5.0,0.0,0.0,0.0,0.0
846.0,stop,7.502912473032616,187.0,5.0,7.502912473032615,5.0,0.0,0.0,0.0,0.0
846.0,stop,7.50291247303258,188.0,5.0,7.502912473032579,5.0,0.0,0.0,0.0,0.0
846.0,stop,7.502912473032616,189.0,5.0,7.502912473032614,5.0,0.0,0.0,0.0,0.0
847.0,stop,7.5770323161775,190.0,6.0,7.5770323161775,4.0,0.0,0.0,0.0,0.0
848.0,add_cx,7.450006288448825,190.0,7.0,7.5770323161775,4.0,0.0,0.0,0.0,1.0
849.0,add_rx,7.53581493395655,190.0,7.0,7.5770323161775,4.0,1.0,0.0,0.0,0.0
850.0,add_ry,7.589774761249093,190.0,7.0,7.5770323161775,4.0,0.0,1.0,0.0,0.0
851.0,add_rz,7.5770323161775,190.0,7.0,7.5770323161775,4.0,0.0,0.0,1.0,0.0
852.0,delete,7.7350890896373246,190.0,7.0,7.5770323161775,3.0,0.0,0.0,0.0,0.0
853.0,swap_cx,7.589941482026823,190.0,7.0,7.5770323161775,3.0,0.0,0.0,0.0,1.0
854.0,swap_rx,7.7340832762506695,190.0,7.0,7.5770323161775,3.0,1.0,0.0,0.0,0.0
855.0,swap_ry,7.675170012995002,190.0,7.0,7.5770323161775,3.0,0.0,1.0,0.0,0.0
856.0,swap_rz,7.589941482026822,190.0,7.0,7.5770323161775,3.0,0.0,0.0,1.0,0.0
857.0,change_2,7.590777835240743,191.0,7.0,7.590777835240743,4.0,0.0,0.0,1.0,0.0
858.0,stop,7.590777835240743,191.0,6.0,7.590777835240743,4.0,0.0,0.0,1.0,0.0
859.0,add_cx,7.439281063424259,191.0,7.0,7.590777835240743,4.0,0.0,0.0,1.0,1.0
860.0,add_rx,7.496601016410566,191.0,7.0,7.590777835240743,4.0,1.0,0.0,1.0,0.0
861.0,add_ry,7.4659555820962735,191.0,7.0,7.590777835240743,4.0,0.0,1.0,1.0,0.0
862.0,add_rz,7.595233462030319,191.0,7.0,7.590777835240743,4.0,0.0,0.0,2.0,0.0
863.0,delete,7.590777835240743,191.0,7.0,7.590777835240743,4.0,0.0,0.0,0.0,0.0
864.0,swap_cx,7.745843926713571,191.0,7.0,7.590777835240743,3.0,0.0,0.0,1.0,1.0
865.0,swap_rx,7.286147712168728,191.0,7.0,7.590777835240743,3.0,1.0,0.0,1.0,0.0
866.0,swap_ry,7.226262209863037,191.0,7.0,7.590777835240743,4.0,0.0,1.0,0.0,0.0
867.0,swap_rz,7.745843926713569,191.0,7.0,7.590777835240743,3.0,0.0,0.0,2.0,0.0
868.0,delete,6.423086439821989,192.0,3.0,7.31400379888794,7.0,0.0,0.0,0.0,0.0
869.0,stop,6.423086439821989,193.0,3.0,6.423086439821989,7.0,0.0,0.0,0.0,0.0
870.0,add_cx,6.423086439821989,193.0,4.0,6.423086439821989,7.0,0.0,0.0,0.0,1.0
871.0,add_rx,6.423086439821989,193.0,4.0,6.423086439821989,7.0,1.0,0.0,0.0,0.0
872.0,add_ry,6.412696938872524,193.0,4.0,6.423086439821989,7.0,0.0,1.0,0.0,0.0
873.0,add_rz,6.423086439821989,193.0,4.0,6.423086439821989,7.0,0.0,0.0,1.0,0.0
874.0,delete,6.7727526064738734,193.0,4.0,6.423086439821989,6.0,0.0,0.0,0.0,0.0
875.0,swap_cx,6.738074139839198,193.0,4.0,6.423086439821989,6.0,0.0,0.0,0.0,1.0
876.0,swap_rx,7.092035947328945,193.0,4.0,6.423086439821989,6.0,1.0,0.0,0.0,0.0
877.0,swap_ry,6.963218695013803,193.0,4.0,6.423086439821989,6.0,0.0,1.0,0.0,0.0
878.0,swap_rz,6.9834275475781045,193.0,4.0,6.423086439821989,6.0,0.0,0.0,1.0,0.0
879.0,stop,7.575678333611185,194.0,6.0,7.575678333611185,4.0,0.0,0.0,0.0,0.0
880.0,add_cx,7.575678333611185,194.0,7.0,7.575678333611185,4.0,0.0,0.0,0.0,1.0
881.0,add_rx,7.421272828352733,194.0,7.0,7.575678333611185,4.0,1.0,0.0,0.0,0.0
882.0,add_ry,7.508728518299797,194.0,7.0,7.575678333611185,4.0,0.0,1.0,0.0,0.0
883.0,add_rz,7.575678333611185,194.0,7.0,7.575678333611185,4.0,0.0,0.0,1.0,0.0
884.0,delete,7.735089089637365,194.0,7.0,7.575678333611185,3.0,0.0,0.0,0.0,0.0
885.0,swap_cx,7.735089089637365,194.0,7.0,7.575678333611185,3.0,0.0,0.0,0.0,1.0
886.0,swap_rx,7.512163984320971,194.0,7.0,7.575678333611185,3.0,1.0,0.0,0.0,0.0
887.0,swap_ry,7.527287130963516,194.0,7.0,7.575678333611185,3.0,0.0,1.0,0.0,0.0
888.0,swap_rz,7.7350890896373645,194.0,7.0,7.575678333611185,3.0,0.0,0.0,1.0,0.0
888.0,stop,7.495503224697743,195.0,5.0,7.495503224697744,5.0,0.0,0.0,0.0,0.0
888.0,stop,7.502912473032616,196.0,5.0,7.502912473032614,5.0,0.0,0.0,0.0,0.0
888.0,stop,7.495503224697743,197.0,5.0,7.495503224697743,5.0,0.0,0.0,0.0,0.0
889.0,delete,7.568713600217147,198.0,6.0,7.56926574872655,4.0,0.0,0.0,0.0,0.0
889.0,stop,7.502912473032616,199.0,5.0,7.502912473032613,5.0,0.0,0.0,0.0,0.0
889.0,stop,7.497546631020149,200.0,5.0,7.497546631020149,5.0,0.0,0.0,0.0,0.0
889.0,stop,7.350734042465123,201.0,4.0,7.350734042465121,6.0,0.0,0.0,0.0,0.0
890.0,delete,7.59148367481971,202.0,6.0,7.562795204826548,4.0,0.0,0.0,0.0,0.0
890.0,stop,7.495503224697743,203.0,5.0,7.495503224697743,5.0,0.0,0.0,0.0,0.0
890.0,stop,7.388774219693937,204.0,5.0,7.388774219693937,5.0,0.0,0.0,0.0,0.0
891.0,change_5,7.502912473032616,205.0,7.0,7.502912473032618,5.0,1.0,0.0,0.0,0.0
892.0,stop,7.502912473032618,205.0,6.0,7.502912473032618,5.0,1.0,0.0,0.0,0.0
893.0,add_cx,7.289327967070871,205.0,7.0,7.502912473032618,5.0,1.0,0.0,0.0,1.0
894.0,add_rx,7.468205895195378,205.0,7.0,7.502912473032618,5.0,2.0,0.0,0.0,0.0
895.0,add_ry,7.476523448116891,205.0,7.0,7.502912473032618,5.0,1.0,1.0,0.0,0.0
896.0,add_rz,7.501491195033155,205.0,7.0,7.502912473032618,5.0,1.0,0.0,1.0,0.0
897.0,delete,7.5873804455951355,205.0,7.0,7.502912473032618,4.0,1.0,0.0,0.0,0.0
898.0,swap_cx,7.575678333611186,205.0,7.0,7.502912473032618,4.0,1.0,0.0,0.0,1.0
899.0,swap_rx,7.565984934014189,205.0,7.0,7.502912473032618,4.0,2.0,0.0,0.0,0.0
900.0,swap_ry,7.586438967143584,205.0,7.0,7.502912473032618,4.0,1.0,1.0,0.0,0.0
901.0,swap_rz,7.513943730533441,205.0,7.0,7.502912473032618,4.0,1.0,0.0,1.0,0.0
902.0,delete,7.591483674819717,206.0,6.0,7.5692197363507665,4.0,0.0,0.0,0.0,0.0
903.0,stop,7.591483674819717,207.0,6.0,7.591483674819717,4.0,0.0,0.0,0.0,0.0
904.0,add_cx,7.313514675369732,207.0,7.0,7.591483674819717,4.0,0.0,0.0,0.0,1.0
905.0,add_rx,7.009587651764598,207.0,7.0,7.591483674819717,4.0,1.0,0.0,0.0,0.0
906.0,add_ry,7.246203350710698,207.0,7.0,7.591483674819717,4.0,0.0,1.0,0.0,0.0
907.0,add_rz,7.5914836748197185,207.0,7.0,7.591483674819717,4.0,0.0,0.0,1.0,0.0
908.0,delete,7.751233228221553,207.0,7.0,7.591483674819717,3.0,0.0,0.0,0.0,0.0
909.0,swap_cx,7.751233228221553,207.0,7.0,7.591483674819717,3.0,0.0,0.0,0.0,1.0
910.0,swap_rx,7.516998032749988,207.0,7.0,7.591483674819717,3.0,1.0,0.0,0.0,0.0
911.0,swap_ry,7.6734022227313865,207.0,7.0,7.591483674819717,3.0,0.0,1.0,0.0,0.0
912.0,swap_rz,7.75123322822155,207.0,7.0,7.591483674819717,3.0,0.0,0.0,1.0,0.0
913.0,delete,7.586449586510318,208.0,6.0,7.565185910659312,4.0,0.0,0.0,0.0,0.0
914.0,stop,7.59148367481971,209.0,6.0,7.59148367481971,4.0,0.0,0.0,0.0,0.0
915.0,add_cx,7.59148367481971,209.0,7.0,7.59148367481971,4.0,0.0,0.0,0.0,1.0
916.0,add_rx,7.21798155070282,209.0,7.0,7.59148367481971,4.0,1.0,0.0,0.0,0.0
917.0,add_ry,7.428419691138683,209.0,7.0,7.59148367481971,4.0,0.0,1.0,0.0,0.0
918.0,add_rz,7.591483674819711,209.0,7.0,7.59148367481971,4.0,0.0,0.0,1.0,0.0
919.0,delete,7.751233228221586,209.0,7.0,7.59148367481971,3.0,0.0,0.0,0.0,0.0
920.0,swap_cx,7.7350890896373246,209.0,7.0,7.59148367481971,3.0,0.0,0.0,0.0,1.0
921.0,swap_rx,7.751101180873442,209.0,7.0,7.59148367481971,3.0,1.0,0.0,0.0,0.0
922.0,swap_ry,7.766291206714323,209.0,7.0,7.59148367481971,3.0,0.0,1.0,0.0,0.0
923.0,swap_rz,7.705950063691906,209.0,7.0,7.59148367481971,3.0,0.0,0.0,1.0,0.0
923.0,stop,7.495503224697743,210.0,5.0,7.495503224697743,5.0,0.0,0.0,0.0,0.0
923.0,stop,7.495503224697743,211.0,5.0,7.495503224697744,5.0,0.0,0.0,0.0,0.0
924.0,stop,7.586449586510318,212.0,6.0,7.586449586510318,4.0,0.0,0.0,0.0,0.0
925.0,add_cx,7.586449586510318,212.0,7.0,7.586449586510318,4.0,0.0,0.0,0.0,1.0
926.0,add_rx,7.586449586510321,212.0,7.0,7.586449586510318,4.0,1.0,0.0,0.0,0.0
927.0,add_ry,7.459408884229262,212.0,7.0,7.586449586510318,4.0,0.0,1.0,0.0,0.0
928.0,add_rz,7.586449586510319,212.0,7.0,7.586449586510318,4.0,0.0,0.0,1.0,0.0
929.0,delete,7.739049147422375,212.0,7.0,7.586449586510318,3.0,0.0,0.0,0.0,0.0
930.0,swap_cx,7.736540433493704,212.0,7.0,7.586449586510318,3.0,0.0,0.0,0.0,1.0
931.0,swap_rx,7.739049147422374,212.0,7.0,7.586449586510318,3.0,1.0,0.0,0.0,0.0
932.0,swap_ry,7.43773585596267,212.0,7.0,7.586449586510318,3.0,0.0,1.0,0.0,0.0
933.0,swap_rz,7.549777323138416,212.0,7.0,7.586449586510318,3.0,0.0,0.0,1.0,0.0
933.0,stop,7.495503224697743,213.0,5.0,7.495503224697744,5.0,0.0,0.0,0.0,0.0
933.0,stop,7.495503224697743,214.0,5.0,7.495503224697743,5.0,0.0,0.0,0.0,0.0
934.0,change_0,7.59148367481971,215.0,7.0,7.59148367481971,4.0,0.0,0.0,1.0,0.0
935.0,stop,7.59148367481971,215.0,6.0,7.59148367481971,4.0,0.0,0.0,1.0,0.0
936.0,add_cx,7.146558338642008,215.0,7.0,7.59148367481971,4.0,0.0,0.0,1.0,1.0
937.0,add_rx,7.156724526593135,215.0,7.0,7.59148367481971,4.0,1.0,0.0,1.0,0.0
938.0,add_ry,7.573012869248766,215.0,7.0,7.59148367481971,4.0,0.0,1.0,1.0,0.0
939.0,add_rz,7.591483674819713,215.0,7.0,7.59148367481971,4.0,0.0,0.0,2.0,0.0
940.0,delete,7.705950063691905,215.0,7.0,7.59148367481971,3.0,0.0,0.0,1.0,0.0
941.0,swap_cx,7.549777323138419,215.0,7.0,7.59148367481971,3.0,0.0,0.0,1.0,1.0
942.0,swap_rx,7.187387320675918,215.0,7.0,7.59148367481971,4.0,1.0,0.0,0.0,0.0
943.0,swap_ry,7.567958389762338,215.0,7.0,7.59148367481971,4.0,0.0,1.0,0.0,0.0
944.0,swap_rz,7.549777323138419,215.0,7.0,7.59148367481971,3.0,0.0,0.0,2.0,0.0
945.0,change_2,7.60681628187222,216.0,7.0,7.5986717951285,4.0,0.0,1.0,0.0,0.0
946.0,stop,7.5986717951285,216.0,6.0,7.5986717951285,4.0,0.0,1.0,0.0,0.0
947.0,add_cx,6.9438841991919995,216.0,7.0,7.5986717951285,4.0,0.0,1.0,0.0,1.0
948.0,add_rx,7.577847687127256,216.0,7.0,7.5986717951285,4.0,1.0,1.0,0.0,0.0
949.0,add_ry,7.60975853790229,216.0,7.0,7.5986717951285,4.0,0.0,2.0,0.0,0.0
950.0,add_rz,7.602538120232729,216.0,7.0,7.5986717951285,4.0,0.0,1.0,1.0,0.0
951.0,delete,7.586449586510318,216.0,7.0,7.5986717951285,4.0,0.0,0.0,0.0,0.0
952.0,swap_cx,7.551083494398499,216.0,7.0,7.5986717951285,3.0,0.0,1.0,0.0,1.0
953.0,swap_rx,7.484062313030589,216.0,7.0,7.5986717951285,3.0,1.0,1.0,0.0,0.0
954.0,swap_ry,6.917141022896837,216.0,7.0,7.5986717951285,4.0,0.0,1.0,0.0,0.0
955.0,swap_rz,7.731867557134373,216.0,7.0,7.5986717951285,3.0,0.0,1.0,1.0,0.0
956.0,delete,6.229370100288218,217.0,1.0,7.142591506637046,9.0,0.0,0.0,0.0,0.0
957.0,stop,6.229370100288218,218.0,1.0,6.229370100288218,9.0,0.0,0.0,0.0,0.0
958.0,add_cx,6.229370100288218,218.0,2.0,6.229370100288218,9.0,0.0,0.0,0.0,1.0
959.0,add_rx,6.229370100288218,218.0,2.0,6.229370100288218,9.0,1.0,0.0,0.0,0.0
960.0,add_ry,6.288175646885927,218.0,2.0,6.229370100288218,9.0,0.0,1.0,0.0,0.0
961.0,add_rz,6.236396313048113,218.0,2.0,6.229370100288218,9.0,0.0,0.0,1.0,0.0
962.0,delete,6.584693703708728,218.0,2.0,6.229370100288218,8.0,0.0,0.0,0.0,0.0
963.0,swap_cx,6.0041092704196775,218.0,2.0,6.229370100288218,8.0,0.0,0.0,0.0,1.0
964.0,swap_rx,5.99893228654268,218.0,2.0,6.229370100288218,8.0,1.0,0.0,0.0,0.0
965.0,swap_ry,6.415458306619065,218.0,2.0,6.229370100288218,8.0,0.0,1.0,0.0,0.0
966.0,swap_rz,6.5487621434047725,218.0,2.0,6.229370100288218,8.0,0.0,0.0,1.0,0.0
966.0,stop,7.350734042465123,219.0,4.0,7.350734042465122,6.0,0.0,0.0,0.0,0.0
967.0,stop,7.605072379921649,220.0,6.0,7.605072379921649,4.0,0.0,0.0,0.0,0.0
968.0,add_cx,7.605072379921649,220.0,7.0,7.605072379921649,4.0,0.0,0.0,0.0,1.0
969.0,add_rx,7.595656179495297,220.0,7.0,7.605072379921649,4.0,1.0,0.0,0.0,0.0
970.0,add_ry,7.465604639819812,220.0,7.0,7.605072379921649,4.0,0.0,1.0,0.0,0.0
971.0,add_rz,7.605072379921649,220.0,7.0,7.605072379921649,4.0,0.0,0.0,1.0,0.0
972.0,delete,7.7350890896373246,220.0,7.0,7.605072379921649,3.0,0.0,0.0,0.0,0.0
973.0,swap_cx,7.418353805505739,220.0,7.0,7.605072379921649,3.0,0.0,0.0,0.0,1.0
974.0,swap_rx,7.447384344826978,220.0,7.0,7.605072379921649,3.0,1.0,0.0,0.0,0.0
975.0,swap_ry,7.608945667181923,220.0,7.0,7.605072379921649,3.0,0.0,1.0,0.0,0.0
976.0,swap_rz,7.74584392671357,220.0,7.0,7.605072379921649,3.0,0.0,0.0,1.0,0.0
976.0,stop,7.390817626016331,221.0,5.0,7.390817626016331,5.0,0.0,0.0,0.0,0.0
976.0,stop,7.390817626016331,222.0,5.0,7.390817626016331,5.0,0.0,0.0,0.0,0.0
977.0,stop,7.6108683890883135,223.0,6.0,7.6108683890883135,4.0,0.0,0.0,0.0,1.0
978.0,add_cx,7.6108683890883135,223.0,7.0,7.6108683890883135,4.0,0.0,0.0,0.0,2.0
979.0,add_rx,7.154423099484126,223.0,7.0,7.6108683890883135,4.0,1.0,0.0,0.0,1.0
980.0,add_ry,7.51187892764376,223.0,7.0,7.6108683890883135,4.0,0.0,1.0,0.0,1.0
981.0,add_rz,7.6108683890883135,223.0,7.0,7.6108683890883135,4.0,0.0,0.0,1.0,1.0
982.0,delete,7.576608361717428,223.0,7.0,7.6108683890883135,3.0,0.0,0.0,0.0,1.0
983.0,swap_cx,6.6577392495829075,223.0,7.0,7.6108683890883135,3.0,0.0,0.0,0.0,2.0
984.0,swap_rx,7.576608361717428,223.0,7.0,7.6108683890883135,3.0,1.0,0.0,0.0,1.0
985.0,swap_ry,7.734690063599266,223.0,7.0,7.6108683890883135,3.0,0.0,1.0,0.0,1.0
986.0,swap_rz,7.6108683890883135,223.0,7.0,7.6108683890883135,4.0,0.0,0.0,1.0,0.0
987.0,change_1,7.3887742196939366,224.0,6.0,7.3887742196939366,5.0,1.0,0.0,0.0,0.0
988.0,stop,7.3887742196939366,224.0,5.0,7.3887742196939366,5.0,1.0,0.0,0.0,0.0
989.0,add_cx,7.3887742196939366,224.0,6.0,7.3887742196939366,5.0,1.0,0.0,0.0,1.0
990.0,add_rx,7.25894943437082,224.0,6.0,7.3887742196939366,5.0,2.0,0.0,0.0,0.0
991.0,add_ry,7.357545874353303,224.0,6.0,7.3887742196939366,5.0,1.0,1.0,0.0,0.0
992.0,add_rz,7.3887742196939366,224.0,6.0,7.3887742196939366,5.0,1.0,0.0,1.0,0.0
993.0,delete,7.61222237165457,224.0,6.0,7.3887742196939366,4.0,1.0,0.0,0.0,0.0
994.0,swap_cx,7.388774219693937,224.0,6.0,7.3887742196939366,5.0,0.0,0.0,0.0,1.0
995.0,swap_rx,7.530293217674493,224.0,6.0,7.3887742196939366,4.0,2.0,0.0,0.0,0.0
996.0,swap_ry,7.542873783399193,224.0,6.0,7.3887742196939366,4.0,1.0,1.0,0.0,0.0
997.0,swap_rz,7.481370240472738,224.0,6.0,7.3887742196939366,4.0,1.0,0.0,1.0,0.0
997.0,stop,7.50291247303258,225.0,5.0,7.502912473032579,5.0,0.0,0.0,0.0,0.0
997.0,stop,7.50291247303258,226.0,5.0,7.50291247303258,5.0,0.0,0.0,0.0,0.0
997.0,stop,7.350734042465123,227.0,4.0,7.350734042465122,6.0,0.0,0.0,0.0,0.0
997.0,stop,7.50291247303258,228.0,5.0,7.50291247303258,5.0,0.0,0.0,0.0,0.0
998.0,stop,7.7350890896373246,229.0,7.0,7.7350890896373246,3.0,0.0,0.0,0.0,0.0
999.0,add_cx,7.523611342315256,229.0,8.0,7.7350890896373246,3.0,0.0,0.0,0.0,1.0
1000.0,add_rx,7.735089089637325,229.0,8.0,7.7350890896373246,3.0,1.0,0.0,0.0,0.0
1001.0,add_ry,7.143047111474044,229.0,8.0,7.7350890896373246,3.0,0.0,1.0,0.0,0.0
1002.0,add_rz,7.7350890896373246,229.0,8.0,7.7350890896373246,3.0,0.0,0.0,1.0,0.0
1003.0,delete,7.761255070460487,229.0,8.0,7.7350890896373246,2.0,0.0,0.0,0.0,0.0
1004.0,swap_cx,7.761255070460487,229.0,8.0,7.7350890896373246,2.0,0.0,0.0,0.0,1.0
1005.0,swap_rx,7.252477172483982,229.0,8.0,7.7350890896373246,2.0,1.0,0.0,0.0,0.0
1006.0,swap_ry,7.744912976820238,229.0,8.0,7.7350890896373246,2.0,0.0,1.0,0.0,0.0
1007.0,swap_rz,7.824995034599564,229.0,8.0,7.7350890896373246,2.0,0.0,0.0,1.0,0.0
1007.0,stop,7.50291247303258,230.0,5.0,7.50291247303258,5.0,0.0,0.0,0.0,0.0
1008.0,delete,7.612222371654572,231.0,6.0,7.60225241902452,4.0,0.0,0.0,0.0,0.0
1008.0,stop,7.50291247303258,232.0,5.0,7.50291247303258,5.0,0.0,0.0,0.0,0.0
1009.0,stop,7.612222371654572,233.0,6.0,7.612222371654572,4.0,0.0,0.0,0.0,0.0
1010.0,add_cx,7.612222371654572,233.0,7.0,7.612222371654572,4.0,0.0,0.0,0.0,1.0
1011.0,add_rx,7.258317735978757,233.0,7.0,7.612222371654572,4.0,1.0,0.0,0.0,0.0
1012.0,add_ry,7.549224360311071,233.0,7.0,7.612222371654572,4.0,0.0,1.0,0.0,0.0
1013.0,add_rz,7.612222371654572,233.0,7.0,7.612222371654572,4.0,0.0,0.0,1.0,0.0
1014.0,delete,7.755279533797101,233.0,7.0,7.612222371654572,3.0,0.0,0.0,0.0,0.0
1015.0,swap_cx,7.755279533797101,233.0,7.0,7.612222371654572,3.0,0.0,0.0,0.0,1.0
1016.0,swap_rx,7.51848250827123,233.0,7.0,7.612222371654572,3.0,1.0,0.0,0.0,0.0
1017.0,swap_ry,7.743270994879612,233.0,7.0,7.612222371654572,3.0,0.0,1.0,0.0,0.0
1018.0,swap_rz,7.7552795337971006,233.0,7.0,7.612222371654572,3.0,0.0,0.0,1.0,0.0
1019.0,change_5,7.5029124730325805,234.0,7.0,7.50291247303258,5.0,0.0,0.0,1.0,0.0
1020.0,stop,7.50291247303258,234.0,6.0,7.50291247303258,5.0,0.0,0.0,1.0,0.0
1021.0,add_cx,7.173641793490556,234.0,7.0,7.50291247303258,5.0,0.0,0.0,1.0,1.0
1022.0,add_rx,7.502201701882513,234.0,7.0,7.50291247303258,5.0,1.0,0.0,1.0,0.0
1023.0,add_ry,7.321621662486008,234.0,7.0,7.50291247303258,5.0,0.0,1.0,1.0,0.0
1024.0,add_rz,7.502912473032579,234.0,7.0,7.50291247303258,5.0,0.0,0.0,2.0,0.0
1025.0,delete,7.612222371654572,234.0,7.0,7.50291247303258,4.0,0.0,0.0,1.0,0.0
1026.0,swap_cx,7.3100319458407155,234.0,7.0,7.50291247303258,4.0,0.0,0.0,1.0,1.0
1027.0,swap_rx,7.530618253563674,234.0,7.0,7.50291247303258,4.0,1.0,0.0,1.0,0.0
1028.0,swap_ry,7.555049707636286,234.0,7.0,7.50291247303258,4.0,0.0,1.0,1.0,0.0
1029.0,swap_rz,7.585247295160439,234.0,7.0,7.50291247303258,4.0,0.0,0.0,2.0,0.0
1029.0,stop,7.497546631020149,235.0,5.0,7.497546631020149,5.0,0.0,0.0,0.0,0.0
1030.0,change_4,7.467283657527454,236.0,7.0,7.468189156835296,4.0,0.0,1.0,0.0,0.0
1031.0,stop,7.468189156835296,236.0,6.0,7.468189156835296,4.0,0.0,1.0,0.0,0.0
1032.0,add_cx,7.129218033781053,236.0,7.0,7.468189156835296,4.0,0.0,1.0,0.0,1.0
1033.0,add_rx,7.468189156835296,236.0,7.0,7.468189156835296,4.0,1.0,1.0,0.0,0.0
1034.0,add_ry,7.530694197611871,236.0,7.0,7.468189156835296,4.0,0.0,2.0,0.0,0.0
1035.0,add_rz,7.465908869547284,236.0,7.0,7.468189156835296,4.0,0.0,1.0,1.0,0.0
1036.0,delete,7.54172505748141,236.0,7.0,7.468189156835296,3.0,0.0,1.0,0.0,0.0
1037.0,swap_cx,7.079174098946866,236.0,7.0,7.468189156835296,3.0,0.0,1.0,0.0,1.0
1038.0,swap_rx,7.567559830595607,236.0,7.0,7.468189156835296,3.0,1.0,1.0,0.0,0.0
1039.0,swap_ry,7.573134195470742,236.0,7.0,7.468189156835296,4.0,0.0,1.0,0.0,0.0
1040.0,swap_rz,7.5417250574814085,236.0,7.0,7.468189156835296,3.0,0.0,1.0,1.0,0.0
1040.0,stop,7.2405988704573865,237.0,4.0,7.2405988704573865,6.0,0.0,0.0,0.0,0.0
1040.0,stop,7.497546631020149,238.0,5.0,7.497546631020149,5.0,0.0,0.0,0.0,0.0
1040.0,stop,7.497546631020149,239.0,5.0,7.497546631020148,5.0,0.0,0.0,0.0,0.0
1041.0,change_4,7.575678333611185,240.0,7.0,7.575678333611185,4.0,0.0,0.0,1.0,0.0
1042.0,stop,7.575678333611185,240.0,6.0,7.575678333611185,4.0,0.0,0.0,1.0,0.0
1043.0,add_cx,7.445077072590827,240.0,7.0,7.575678333611185,4.0,0.0,0.0,1.0,1.0
1044.0,add_rx,7.529792541382891,240.0,7.0,7.575678333611185,4.0,1.0,0.0,1.0,0.0
1045.0,add_ry,7.253081161168451,240.0,7.0,7.575678333611185,4.0,0.0,1.0,1.0,0.0
1046.0,add_rz,7.575678333611185,240.0,7.0,7.575678333611185,4.0,0.0,0.0,2.0,0.0
1047.0,delete,7.5899414820268,240.0,7.0,7.575678333611185,3.0,0.0,0.0,1.0,0.0
1048.0,swap_cx,7.736540434250637,240.0,7.0,7.575678333611185,3.0,0.0,0.0,1.0,1.0
1049.0,swap_rx,7.3817015953103144,240.0,7.0,7.575678333611185,3.0,1.0,0.0,1.0,0.0
1050.0,swap_ry,7.667224000918925,240.0,7.0,7.575678333611185,3.0,0.0,1.0,1.0,0.0
1051.0,swap_rz,7.58062126265577,240.0,7.0,7.575678333611185,4.0,0.0,0.0,1.0,0.0
1051.0,stop,7.495503224697743,241.0,5.0,7.495503224697743,5.0,0.0,0.0,0.0,0.0
1051.0,stop,7.50291247303258,242.0,5.0,7.50291247303258,5.0,0.0,0.0,0.0,0.0
1052.0,stop,7.751233228221586,243.0,7.0,7.751233228221586,3.0,0.0,0.0,0.0,0.0
1053.0,add_cx,7.3458075052528296,243.0,8.0,7.751233228221586,3.0,0.0,0.0,0.0,1.0
1054.0,add_rx,7.634324290293503,243.0,8.0,7.751233228221586,3.0,1.0,0.0,0.0,0.0
1055.0,add_ry,7.180648366342971,243.0,8.0,7.751233228221586,3.0,0.0,1.0,0.0,0.0
1056.0,add_rz,7.751233228221586,243.0,8.0,7.751233228221586,3.0,0.0,0.0,1.0,0.0
1057.0,delete,7.824995034599562,243.0,8.0,7.751233228221586,2.0,0.0,0.0,0.0,0.0
1058.0,swap_cx,7.7716031998781805,243.0,8.0,7.751233228221586,2.0,0.0,0.0,0.0,1.0
1059.0,swap_rx,7.80536739459568,243.0,8.0,7.751233228221586,2.0,1.0,0.0,0.0,0.0
1060.0,swap_ry,7.622720745402599,243.0,8.0,7.751233228221586,2.0,0.0,1.0,0.0,0.0
1061.0,swap_rz,7.824995034599562,243.0,8.0,7.751233228221586,2.0,0.0,0.0,1.0,0.0
1062.0,delete,7.5770323161775,244.0,6.0,7.6051042956971955,4.0,0.0,0.0,0.0,0.0
1063.0,stop,7.5770323161775,245.0,6.0,7.5770323161775,4.0,0.0,0.0,0.0,0.0
1064.0,add_cx,7.5770323161775,245.0,7.0,7.5770323161775,4.0,0.0,0.0,0.0,1.0
1065.0,add_rx,7.244157530520784,245.0,7.0,7.5770323161775,4.0,1.0,0.0,0.0,0.0
1066.0,add_ry,7.597030978069886,245.0,7.0,7.5770323161775,4.0,0.0,1.0,0.0,0.0
1067.0,add_rz,7.577032316177501,245.0,7.0,7.5770323161775,4.0,0.0,0.0,1.0,0.0
1068.0,delete,7.599065928635252,245.0,7.0,7.5770323161775,3.0,0.0,0.0,0.0,0.0
1069.0,swap_cx,7.7350890896373246,245.0,7.0,7.5770323161775,3.0,0.0,0.0,0.0,1.0
1070.0,swap_rx,7.589941482026822,245.0,7.0,7.5770323161775,3.0,1.0,0.0,0.0,0.0
1071.0,swap_ry,7.625177289662134,245.0,7.0,7.5770323161775,3.0,0.0,1.0,0.0,0.0
1072.0,swap_rz,7.589941482026821,245.0,7.0,7.5770323161775,3.0,0.0,0.0,1.0,0.0
1073.0,delete,5.9883849051641445,246.0,2.0,7.265167116115426,8.0,0.0,0.0,0.0,0.0
1073.0,stop,7.495503224697743,247.0,5.0,7.495503224697743,5.0,0.0,0.0,0.0,0.0
1074.0,change_5,7.495503224697745,248.0,7.0,7.495503224697747,5.0,0.0,0.0,1.0,0.0
1075.0,stop,7.495503224697747,248.0,6.0,7.495503224697747,5.0,0.0,0.0,1.0,0.0
1076.0,add_cx,7.5129567047287615,248.0,7.0,7.495503224697747,5.0,0.0,0.0,1.0,1.0
1077.0,add_rx,7.495503224697745,248.0,7.0,7.495503224697747,5.0,1.0,0.0,1.0,0.0
1078.0,add_ry,7.043190214607893,248.0,7.0,7.495503224697747,5.0,0.0,1.0,1.0,0.0
1079.0,add_rz,7.495503224697747,248.0,7.0,7.495503224697747,5.0,0.0,0.0,2.0,0.0
1080.0,delete,7.495503224697743,248.0,7.0,7.495503224697747,5.0,0.0,0.0,0.0,0.0
1081.0,swap_cx,7.568713600217149,248.0,7.0,7.495503224697747,4.0,0.0,0.0,1.0,1.0
1082.0,swap_rx,7.495503224697742,248.0,7.0,7.495503224697747,5.0,1.0,0.0,0.0,0.0
1083.0,swap_ry,7.587152960149531,248.0,7.0,7.495503224697747,4.0,0.0,1.0,1.0,0.0
1084.0,swap_rz,7.5873804455951355,248.0,7.0,7.495503224697747,4.0,0.0,0.0,2.0,0.0
1084.0,stop,7.497546631020149,249.0,5.0,7.497546631020148,5.0,0.0,0.0,0.0,0.0
1085.0,stop,7.755279533797101,250.0,7.0,7.755279533797101,3.0,0.0,0.0,0.0,0.0
1086.0,add_cx,7.469165209512046,250.0,8.0,7.755279533797101,3.0,0.0,0.0,0.0,1.0
1087.0,add_rx,7.7552795337971006,250.0,8.0,7.755279533797101,3.0,1.0,0.0,0.0,0.0
1088.0,add_ry,7.777965799245474,250.0,8.0,7.755279533797101,3.0,0.0,1.0,0.0,0.0
1089.0,add_rz,7.754724964462506,250.0,8.0,7.755279533797101,3.0,0.0,0.0,1.0,0.0
1090.0,delete,7.824995034599562,250.0,8.0,7.755279533797101,2.0,0.0,0.0,0.0,0.0
1091.0,swap_cx,7.364324883747097,250.0,8.0,7.755279533797101,2.0,0.0,0.0,0.0,1.0
1092.0,swap_rx,7.7291648769379915,250.0,8.0,7.755279533797101,2.0,1.0,0.0,0.0,0.0
1093.0,swap_ry,7.714335637644869,250.0,8.0,7.755279533797101,2.0,0.0,1.0,0.0,0.0
1094.0,swap_rz,7.7888918396875635,250.0,8.0,7.755279533797101,2.0,0.0,0.0,1.0,0.0
1095.0,stop,7.599065929392145,251.0,7.0,7.599065929392145,3.0,0.0,0.0,0.0,0.0
1096.0,add_cx,7.599065929392145,251.0,8.0,7.599065929392145,3.0,0.0,0.0,0.0,1.0
1097.0,add_rx,7.572885921357183,251.0,8.0,7.599065929392145,3.0,1.0,0.0,0.0,0.0
1098.0,add_ry,7.5894939081209625,251.0,8.0,7.599065929392145,3.0,0.0,1.0,0.0,0.0
1099.0,add_rz,7.599065929392145,251.0,8.0,7.599065929392145,3.0,0.0,0.0,1.0,0.0
1100.0,delete,7.822004353369456,251.0,8.0,7.599065929392145,2.0,0.0,0.0,0.0,0.0
1101.0,swap_cx,7.541325755396835,251.0,8.0,7.599065929392145,2.0,0.0,0.0,0.0,1.0
1102.0,swap_rx,7.62453288735812,251.0,8.0,7.599065929392145,2.0,1.0,0.0,0.0,0.0
1103.0,swap_ry,7.479329755988986,251.0,8.0,7.599065929392145,2.0,0.0,1.0,0.0,0.0
1104.0,swap_rz,7.824995034599564,251.0,8.0,7.599065929392145,2.0,0.0,0.0,1.0,0.0
1104.0,stop,7.50291247303258,252.0,5.0,7.50291247303258,5.0,0.0,0.0,0.0,0.0
1105.0,stop,7.74584392671357,253.0,7.0,7.74584392671357,3.0,0.0,0.0,0.0,0.0
1106.0,add_cx,7.74584392671357,253.0,8.0,7.74584392671357,3.0,0.0,0.0,0.0,1.0
1107.0,add_rx,7.1955008865923835,253.0,8.0,7.74584392671357,3.0,1.0,0.0,0.0,0.0
1108.0,add_ry,7.445720975318825,253.0,8.0,7.74584392671357,3.0,0.0,1.0,0.0,0.0
1109.0,add_rz,7.745843926713568,253.0,8.0,7.74584392671357,3.0,0.0,0.0,1.0,0.0
1110.0,delete,7.7892542688394375,253.0,8.0,7.74584392671357,2.0,0.0,0.0,0.0,0.0
1111.0,swap_cx,7.7892542688394375,253.0,8.0,7.74584392671357,2.0,0.0,0.0,0.0,1.0
1112.0,swap_rx,7.770222424653731,253.0,8.0,7.74584392671357,2.0,1.0,0.0,0.0,0.0
1113.0,swap_ry,7.913223341710008,253.0,8.0,7.74584392671357,2.0,0.0,1.0,0.0,0.0
1114.0,swap_rz,7.771603199878117,253.0,8.0,7.74584392671357,2.0,0.0,0.0,1.0,0.0
1114.0,stop,7.612222371654572,254.0,6.0,7.612222371654572,4.0,0.0,0.0,0.0,0.0
1114.0,stop,7.612222371654572,255.0,6.0,7.612222371654572,4.0,0.0,0.0,0.0,0.0
1115.0,stop,7.755279533797101,256.0,7.0,7.755279533797101,3.0,0.0,0.0,0.0,1.0
1116.0,add_cx,7.755279533797101,256.0,8.0,7.755279533797101,3.0,0.0,0.0,0.0,2.0
1117.0,add_rx,7.755279533797103,256.0,8.0,7.755279533797101,3.0,1.0,0.0,0.0,1.0
1118.0,add_ry,7.719078280959392,256.0,8.0,7.755279533797101,3.0,0.0,1.0,0.0,1.0
1119.0,add_rz,7.755279533797102,256.0,8.0,7.755279533797101,3.0,0.0,0.0,1.0,1.0
1120.0,delete,7.822004351855668,256.0,8.0,7.755279533797101,2.0,0.0,0.0,0.0,1.0
1121.0,swap_cx,7.755279533797101,256.0,8.0,7.755279533797101,3.0,0.0,0.0,0.0,1.0
1122.0,swap_rx,7.23930836149311,256.0,8.0,7.755279533797101,3.0,1.0,0.0,0.0,0.0
1123.0,swap_ry,7.668540896991915,256.0,8.0,7.755279533797101,2.0,0.0,1.0,0.0,1.0
1124.0,swap_rz,7.755279533797101,256.0,8.0,7.755279533797101,3.0,0.0,0.0,1.0,0.0
1124.0,stop,7.605072379921649,257.0,6.0,7.605072379921649,4.0,0.0,0.0,0.0,0.0
1124.0,stop,7.605072379921649,258.0,6.0,7.605072379921649,4.0,0.0,0.0,0.0,0.0
1124.0,stop,7.605072379921649,259.0,6.0,7.605072379921649,4.0,0.0,0.0,0.0,0.0
1124.0,stop,7.612222371654572,260.0,6.0,7.612222371654572,4.0,0.0,0.0,0.0,0.0
1125.0,stop,7.739049148179232,261.0,7.0,7.739049148179232,3.0,0.0,0.0,0.0,1.0
1126.0,add_cx,7.739049148179232,261.0,8.0,7.739049148179232,3.0,0.0,0.0,0.0,2.0
1127.0,add_rx,7.744843172610363,261.0,8.0,7.739049148179232,3.0,1.0,0.0,0.0,1.0
1128.0,add_ry,7.353993501788316,261.0,8.0,7.739049148179232,3.0,0.0,1.0,0.0,1.0
1129.0,add_rz,7.739049148179232,261.0,8.0,7.739049148179232,3.0,0.0,0.0,1.0,1.0
1130.0,delete,7.7892542688394375,261.0,8.0,7.739049148179232,2.0,0.0,0.0,0.0,1.0
1131.0,swap_cx,7.7892542688394375,261.0,8.0,7.739049148179232,2.0,0.0,0.0,0.0,2.0
1132.0,swap_rx,7.72766627002048,261.0,8.0,7.739049148179232,2.0,1.0,0.0,0.0,1.0
1133.0,swap_ry,7.768728514911045,261.0,8.0,7.739049148179232,2.0,0.0,1.0,0.0,1.0
1134.0,swap_rz,7.789254268839439,261.0,8.0,7.739049148179232,2.0,0.0,0.0,1.0,1.0
1135.0,delete,7.58524729516044,262.0,6.0,7.641742878440663,4.0,0.0,0.0,0.0,0.0
1136.0,stop,7.58524729516044,263.0,6.0,7.58524729516044,4.0,0.0,0.0,0.0,0.0
1137.0,add_cx,7.338897463997016,263.0,7.0,7.58524729516044,4.0,0.0,0.0,0.0,1.0
1138.0,add_rx,7.585247295160439,263.0,7.0,7.58524729516044,4.0,1.0,0.0,0.0,0.0
1139.0,add_ry,7.5903008966990315,263.0,7.0,7.58524729516044,4.0,0.0,1.0,0.0,0.0
1140.0,add_rz,7.58524729516044,263.0,7.0,7.58524729516044,4.0,0.0,0.0,1.0,0.0
1141.0,delete,7.7552795345539955,263.0,7.0,7.58524729516044,3.0,0.0,0.0,0.0,0.0
1142.0,swap_cx,7.7552795345539955,263.0,7.0,7.58524729516044,3.0,0.0,0.0,0.0,1.0
1143.0,swap_rx,7.467612160303319,263.0,7.0,7.58524729516044,3.0,1.0,0.0,0.0,0.0
1144.0,swap_ry,7.796626134784585,263.0,7.0,7.58524729516044,3.0,0.0,1.0,0.0,0.0
1145.0,swap_rz,7.601755828711073,263.0,7.0,7.58524729516044,3.0,0.0,0.0,1.0,0.0
1145.0,stop,7.50291247303258,264.0,5.0,7.50291247303258,5.0,0.0,0.0,0.0,0.0
1146.0,stop,7.7552795345539955,265.0,7.0,7.7552795345539955,3.0,0.0,0.0,0.0,0.0
1147.0,add_cx,7.7552795345539955,265.0,8.0,7.7552795345539955,3.0,0.0,0.0,0.0,1.0
1148.0,add_rx,7.712752137062533,265.0,8.0,7.7552795345539955,3.0,1.0,0.0,0.0,0.0
1149.0,add_ry,7.738207309250569,265.0,8.0,7.7552795345539955,3.0,0.0,1.0,0.0,0.0
1150.0,add_rz,7.755279534553996,265.0,8.0,7.7552795345539955,3.0,0.0,0.0,1.0,0.0
1151.0,delete,7.824995034599562,265.0,8.0,7.7552795345539955,2.0,0.0,0.0,0.0,0.0
1152.0,swap_cx,7.7888918396875635,265.0,8.0,7.7552795345539955,2.0,0.0,0.0,0.0,1.0
1153.0,swap_rx,7.822004353369454,265.0,8.0,7.7552795345539955,2.0,1.0,0.0,0.0,0.0
1154.0,swap_ry,7.6776071432192765,265.0,8.0,7.7552795345539955,2.0,0.0,1.0,0.0,0.0
1155.0,swap_rz,7.822004353369458,265.0,8.0,7.7552795345539955,2.0,0.0,0.0,1.0,0.0
1155.0,stop,7.58524729516044,266.0,6.0,7.58524729516044,4.0,0.0,0.0,0.0,0.0
1155.0,stop,7.58524729516044,267.0,6.0,7.58524729516044,4.0,0.0,0.0,0.0,0.0
1156.0,change_2,7.778674366078237,268.0,8.0,7.796626134784585,3.0,0.0,1.0,0.0,0.0
1157.0,stop,7.796626134784585,268.0,7.0,7.796626134784585,3.0,0.0,1.0,0.0,0.0
1158.0,add_cx,7.332767202680797,268.0,8.0,7.796626134784585,3.0,0.0,1.0,0.0,1.0
1159.0,add_rx,7.79161149874764,268.0,8.0,7.796626134784585,3.0,1.0,1.0,0.0,0.0
1160.0,add_ry,7.903184524249421,268.0,8.0,7.796626134784585,3.0,0.0,2.0,0.0,0.0
1161.0,add_rz,7.796626134784586,268.0,8.0,7.796626134784585,3.0,0.0,1.0,1.0,0.0
1162.0,delete,7.778095828982101,268.0,8.0,7.796626134784585,2.0,0.0,1.0,0.0,0.0
1163.0,swap_cx,7.903192266926519,268.0,8.0,7.796626134784585,2.0,0.0,1.0,0.0,1.0
1164.0,swap_rx,7.903168972568231,268.0,8.0,7.796626134784585,2.0,1.0,1.0,0.0,0.0
1165.0,swap_ry,7.625933672296977,268.0,8.0,7.796626134784585,2.0,0.0,2.0,0.0,0.0
1166.0,swap_rz,7.702368911589094,268.0,8.0,7.796626134784585,2.0,0.0,1.0,1.0,0.0
1166.0,stop,7.58524729516044,269.0,6.0,7.58524729516044,4.0,0.0,0.0,0.0,0.0
1167.0,delete,7.599065928635252,270.0,7.0,7.764325482615856,3.0,0.0,0.0,0.0,0.0
1168.0,delete,7.755279533797101,271.0,7.0,7.750553853117473,3.0,0.0,0.0,0.0,0.0
1168.0,stop,7.58524729516044,272.0,6.0,7.58524729516044,4.0,0.0,0.0,0.0,0.0
1169.0,stop,7.755279533797101,273.0,7.0,7.755279533797101,3.0,0.0,0.0,0.0,0.0
1170.0,add_cx,7.755279533797101,273.0,8.0,7.755279533797101,3.0,0.0,0.0,0.0,1.0
1171.0,add_rx,7.539472179286513,273.0,8.0,7.755279533797101,3.0,1.0,0.0,0.0,0.0
1172.0,add_ry,7.606221560214893,273.0,8.0,7.755279533797101,3.0,0.0,1.0,0.0,0.0
1173.0,add_rz,7.755279533797103,273.0,8.0,7.755279533797101,3.0,0.0,0.0,1.0,0.0
1174.0,delete,7.822004351855668,273.0,8.0,7.755279533797101,2.0,0.0,0.0,0.0,0.0
1175.0,swap_cx,7.7888918396875635,273.0,8.0,7.755279533797101,2.0,0.0,0.0,0.0,1.0
1176.0,swap_rx,7.768098022009331,273.0,8.0,7.755279533797101,2.0,1.0,0.0,0.0,0.0
1177.0,swap_ry,7.64615999649618,273.0,8.0,7.755279533797101,2.0,0.0,1.0,0.0,0.0
1178.0,swap_rz,7.7888918396875635,273.0,8.0,7.755279533797101,2.0,0.0,0.0,1.0,0.0
1178.0,stop,7.58524729516044,274.0,6.0,7.58524729516044,4.0,0.0,0.0,0.0,0.0
1179.0,stop,7.7552795345539955,275.0,7.0,7.7552795345539955,3.0,0.0,0.0,0.0,1.0
1180.0,add_cx,7.7552795345539955,275.0,8.0,7.7552795345539955,3.0,0.0,0.0,0.0,2.0
1181.0,add_rx,7.729833763215113,275.0,8.0,7.7552795345539955,3.0,1.0,0.0,0.0,1.0
1182.0,add_ry,7.53278858925769,275.0,8.0,7.7552795345539955,3.0,0.0,1.0,0.0,1.0
1183.0,add_rz,7.751883269947721,275.0,8.0,7.7552795345539955,3.0,0.0,0.0,1.0,1.0
1184.0,delete,7.824995034599562,275.0,8.0,7.7552795345539955,2.0,0.0,0.0,0.0,1.0
1185.0,swap_cx,7.670022084312506,275.0,8.0,7.7552795345539955,2.0,0.0,0.0,0.0,2.0
1186.0,swap_rx,7.753146049761308,275.0,8.0,7.7552795345539955,3.0,1.0,0.0,0.0,0.0
1187.0,swap_ry,7.75125596543424,275.0,8.0,7.7552795345539955,3.0,0.0,1.0,0.0,0.0
1188.0,swap_rz,7.824995034599562,275.0,8.0,7.7552795345539955,2.0,0.0,0.0,1.0,1.0
1189.0,change_4,7.590185480734635,276.0,8.0,7.5903008966990315,4.0,0.0,1.0,0.0,0.0
1190.0,stop,7.5903008966990315,276.0,7.0,7.5903008966990315,4.0,0.0,1.0,0.0,0.0
1191.0,add_cx,7.239033345979887,276.0,8.0,7.5903008966990315,4.0,0.0,1.0,0.0,1.0
1192.0,add_rx,7.4809127667526205,276.0,8.0,7.5903008966990315,4.0,1.0,1.0,0.0,0.0
1193.0,add_ry,7.550398719974377,276.0,8.0,7.5903008966990315,4.0,0.0,2.0,0.0,0.0
1194.0,add_rz,7.59030089669903,276.0,8.0,7.5903008966990315,4.0,0.0,1.0,1.0,0.0
1195.0,delete,7.669851713950213,276.0,8.0,7.5903008966990315,3.0,0.0,1.0,0.0,0.0
1196.0,swap_cx,7.587052976064829,276.0,8.0,7.5903008966990315,3.0,0.0,1.0,0.0,1.0
1197.0,swap_rx,7.493866609163246,276.0,8.0,7.5903008966990315,3.0,1.0,1.0,0.0,0.0
1198.0,swap_ry,7.472205505995868,276.0,8.0,7.5903008966990315,3.0,0.0,2.0,0.0,0.0
1199.0,swap_rz,7.58524729516044,276.0,8.0,7.5903008966990315,4.0,0.0,0.0,1.0,0.0
1199.0,stop,7.612222371654572,277.0,6.0,7.612222371654572,4.0,0.0,0.0,0.0,0.0
1199.0,stop,7.605072379921649,278.0,6.0,7.605072379921649,4.0,0.0,0.0,0.0,0.0
1200.0,change_1,7.420595285564599,279.0,7.0,7.491889563900083,4.0,1.0,0.0,0.0,0.0
1201.0,stop,7.491889563900083,279.0,6.0,7.491889563900083,4.0,1.0,0.0,0.0,0.0
1202.0,add_cx,7.29519574392938,279.0,7.0,7.491889563900083,4.0,1.0,0.0,0.0,1.0
1203.0,add_rx,7.491889563900082,279.0,7.0,7.491889563900083,4.0,2.0,0.0,0.0,0.0
1204.0,add_ry,7.327773206994446,279.0,7.0,7.491889563900083,4.0,1.0,1.0,0.0,0.0
1205.0,add_rz,7.491889563900083,279.0,7.0,7.491889563900083,4.0,1.0,0.0,1.0,0.0
1206.0,delete,7.6569621508140875,279.0,7.0,7.491889563900083,3.0,1.0,0.0,0.0,0.0
1207.0,swap_cx,7.66520381992394,279.0,7.0,7.491889563900083,3.0,1.0,0.0,0.0,1.0
1208.0,swap_rx,7.66520381992394,279.0,7.0,7.491889563900083,3.0,2.0,0.0,0.0,0.0
1209.0,swap_ry,7.463720010798803,279.0,7.0,7.491889563900083,3.0,1.0,1.0,0.0,0.0
1210.0,swap_rz,7.6652038199239385,279.0,7.0,7.491889563900083,3.0,1.0,0.0,1.0,0.0
1210.0,stop,7.50291247303258,280.0,5.0,7.502912473032579,5.0,0.0,0.0,0.0,0.0
1210.0,stop,7.612222371654572,281.0,6.0,7.612222371654572,4.0,0.0,0.0,0.0,0.0
1210.0,stop,7.605072379921649,282.0,6.0,7.605072379921649,4.0,0.0,0.0,0.0,0.0
1211.0,delete,7.739248399383249,283.0,7.0,7.699036986111673,3.0,0.0,0.0,0.0,0.0
1211.0,stop,7.612222371654572,284.0,6.0,7.612222371654572,4.0,0.0,0.0,0.0,0.0
1211.0,stop,7.5770323161775,285.0,6.0,7.5770323161775,4.0,0.0,0.0,0.0,0.0
1212.0,delete,7.751233228221553,286.0,7.0,7.702387937217637,3.0,0.0,0.0,0.0,0.0
1213.0,stop,7.751233228221553,287.0,7.0,7.751233228221553,3.0,0.0,0.0,0.0,0.0
1214.0,add_cx,7.507645430474578,287.0,8.0,7.751233228221553,3.0,0.0,0.0,0.0,1.0
1215.0,add_rx,7.430105073110473,287.0,8.0,7.751233228221553,3.0,1.0,0.0,0.0,0.0
1216.0,add_ry,7.508028160331451,287.0,8.0,7.751233228221553,3.0,0.0,1.0,0.0,0.0
1217.0,add_rz,7.751233228221552,287.0,8.0,7.751233228221553,3.0,0.0,0.0,1.0,0.0
1218.0,delete,7.795050278006036,287.0,8.0,7.751233228221553,2.0,0.0,0.0,0.0,0.0
1219.0,swap_cx,7.7716031998781165,287.0,8.0,7.751233228221553,2.0,0.0,0.0,0.0,1.0
1220.0,swap_rx,7.406995406092614,287.0,8.0,7.751233228221553,2.0,1.0,0.0,0.0,0.0
1221.0,swap_ry,7.802859996961796,287.0,8.0,7.751233228221553,2.0,0.0,1.0,0.0,0.0
1222.0,swap_rz,7.795050278006038,287.0,8.0,7.751233228221553,2.0,0.0,0.0,1.0,0.0
1223.0,delete,7.7552795345539955,288.0,7.0,7.6961959156987465,3.0,0.0,0.0,0.0,0.0
1224.0,delete,7.7350890896373246,289.0,7.0,7.701119550603351,3.0,0.0,0.0,0.0,0.0
1224.0,stop,7.605072379921649,290.0,6.0,7.605072379921649,4.0,0.0,0.0,0.0,0.0
1224.0,stop,7.590777835240743,291.0,6.0,7.590777835240743,4.0,0.0,0.0,0.0,0.0
1225.0,stop,7.7552795345539955,292.0,7.0,7.7552795345539955,3.0,0.0,0.0,0.0,0.0
1226.0,add_cx,7.7552795345539955,292.0,8.0,7.7552795345539955,3.0,0.0,0.0,0.0,1.0
1227.0,add_rx,7.712822952564004,292.0,8.0,7.7552795345539955,3.0,1.0,0.0,0.0,0.0
1228.0,add_ry,7.263876376484177,292.0,8.0,7.7552795345539955,3.0,0.0,1.0,0.0,0.0
1229.0,add_rz,7.755279534553996,292.0,8.0,7.7552795345539955,3.0,0.0,0.0,1.0,0.0
1230.0,delete,7.7888918396875635,292.0,8.0,7.7552795345539955,2.0,0.0,0.0,0.0,0.0
1231.0,swap_cx,7.7888918396875635,292.0,8.0,7.7552795345539955,2.0,0.0,0.0,0.0,1.0
1232.0,swap_rx,7.820637999702661,292.0,8.0,7.7552795345539955,2.0,1.0,0.0,0.0,0.0
1233.0,swap_ry,7.655811471056717,292.0,8.0,7.7552795345539955,2.0,0.0,1.0,0.0,0.0
1234.0,swap_rz,7.822004353369453,292.0,8.0,7.7552795345539955,2.0,0.0,0.0,1.0,0.0
1234.0,stop,7.5770323161775,293.0,6.0,7.5770323161775,4.0,0.0,0.0,0.0,0.0
1234.0,stop,7.590777835240743,294.0,6.0,7.590777835240743,4.0,0.0,0.0,0.0,0.0
1235.0,change_4,7.605072379921649,295.0,8.0,7.60507237992165,4.0,0.0,0.0,1.0,0.0
1236.0,stop,7.60507237992165,295.0,7.0,7.60507237992165,4.0,0.0,0.0,1.0,0.0
1237.0,add_cx,7.60507237992165,295.0,8.0,7.60507237992165,4.0,0.0,0.0,1.0,1.0
1238.0,add_rx,7.3408995882628485,295.0,8.0,7.60507237992165,4.0,1.0,0.0,1.0,0.0
1239.0,add_ry,6.916752156582917,295.0,8.0,7.60507237992165,4.0,0.0,1.0,1.0,0.0
1240.0,add_rz,7.602856333077162,295.0,8.0,7.60507237992165,4.0,0.0,0.0,2.0,0.0
1241.0,delete,7.605072379921649,295.0,8.0,7.60507237992165,4.0,0.0,0.0,0.0,0.0
1242.0,swap_cx,7.605072379921649,295.0,8.0,7.60507237992165,4.0,0.0,0.0,0.0,1.0
1243.0,swap_rx,7.755279534553997,295.0,8.0,7.60507237992165,3.0,1.0,0.0,1.0,0.0
1244.0,swap_ry,7.4666166110619825,295.0,8.0,7.60507237992165,3.0,0.0,1.0,1.0,0.0
1245.0,swap_rz,7.735089089637322,295.0,8.0,7.60507237992165,3.0,0.0,0.0,2.0,0.0
1245.0,stop,7.50291247303258,296.0,5.0,7.502912473032579,5.0,0.0,0.0,0.0,0.0
1245.0,stop,7.50291247303258,297.0,5.0,7.502912473032579,5.0,0.0,0.0,0.0,0.0
1246.0,change_1,7.730404532399069,298.0,8.0,7.7340832762506695,3.0,1.0,0.0,0.0,0.0
1247.0,stop,7.7340832762506695,298.0,7.0,7.7340832762506695,3.0,1.0,0.0,0.0,0.0
1248.0,add_cx,7.7176388257194395,298.0,8.0,7.7340832762506695,3.0,1.0,0.0,0.0,1.0
1249.0,add_rx,7.690806915819434,298.0,8.0,7.7340832762506695,3.0,2.0,0.0,0.0,0.0
1250.0,add_ry,7.716125857638687,298.0,8.0,7.7340832762506695,3.0,1.0,1.0,0.0,0.0
1251.0,add_rz,7.73408327625067,298.0,8.0,7.7340832762506695,3.0,1.0,0.0,1.0,0.0
1252.0,delete,7.819291192140027,298.0,8.0,7.7340832762506695,2.0,1.0,0.0,0.0,0.0
1253.0,swap_cx,7.311467864498793,298.0,8.0,7.7340832762506695,2.0,1.0,0.0,0.0,1.0
1254.0,swap_rx,7.394369608359259,298.0,8.0,7.7340832762506695,2.0,2.0,0.0,0.0,0.0
1255.0,swap_ry,7.760600171748102,298.0,8.0,7.7340832762506695,3.0,0.0,1.0,0.0,0.0
1256.0,swap_rz,7.739248399383249,298.0,8.0,7.7340832762506695,3.0,0.0,0.0,1.0,0.0
1256.0,stop,7.590777835240743,299.0,6.0,7.590777835240743,4.0,0.0,0.0,0.0,0.0
1257.0,stop,7.74584392671357,300.0,7.0,7.74584392671357,3.0,0.0,0.0,0.0,1.0
1258.0,add_cx,7.74584392671357,300.0,8.0,7.74584392671357,3.0,0.0,0.0,0.0,2.0
1259.0,add_rx,7.745843926713571,300.0,8.0,7.74584392671357,3.0,1.0,0.0,0.0,1.0
1260.0,add_ry,7.476629722796187,300.0,8.0,7.74584392671357,3.0,0.0,1.0,0.0,1.0
1261.0,add_rz,7.745843926713568,300.0,8.0,7.74584392671357,3.0,0.0,0.0,1.0,1.0
1262.0,delete,7.822004353369456,300.0,8.0,7.74584392671357,2.0,0.0,0.0,0.0,1.0
1263.0,swap_cx,7.74584392671357,300.0,8.0,7.74584392671357,3.0,0.0,0.0,0.0,1.0
1264.0,swap_rx,7.785331693298727,300.0,8.0,7.74584392671357,2.0,1.0,0.0,0.0,1.0
1265.0,swap_ry,7.652834429527641,300.0,8.0,7.74584392671357,2.0,0.0,1.0,0.0,1.0
1266.0,swap_rz,7.74584392671357,300.0,8.0,7.74584392671357,3.0,0.0,0.0,1.0,0.0
1266.0,stop,7.590777835240743,301.0,6.0,7.590777835240743,4.0,0.0,0.0,0.0,0.0
1266.0,stop,7.590777835240743,302.0,6.0,7.590777835240743,4.0,0.0,0.0,0.0,0.0
1266.0,stop,7.612222371654572,303.0,6.0,7.612222371654573,4.0,0.0,0.0,0.0,0.0
1267.0,change_4,7.590777835240743,304.0,8.0,7.590777835240743,4.0,1.0,0.0,0.0,0.0
1268.0,stop,7.590777835240743,304.0,7.0,7.590777835240743,4.0,1.0,0.0,0.0,0.0
1269.0,add_cx,7.590777835240743,304.0,8.0,7.590777835240743,4.0,1.0,0.0,0.0,1.0
1270.0,add_rx,7.523092695575412,304.0,8.0,7.590777835240743,4.0,2.0,0.0,0.0,0.0
1271.0,add_ry,7.593791655924507,304.0,8.0,7.590777835240743,4.0,1.0,1.0,0.0,0.0
1272.0,add_rz,7.60498702389461,304.0,8.0,7.590777835240743,4.0,1.0,0.0,1.0,0.0
1273.0,delete,7.590777835240743,304.0,8.0,7.590777835240743,4.0,0.0,0.0,0.0,0.0
1274.0,swap_cx,7.751233228221552,304.0,8.0,7.590777835240743,3.0,1.0,0.0,0.0,1.0
1275.0,swap_rx,7.75123322822155,304.0,8.0,7.590777835240743,3.0,2.0,0.0,0.0,0.0
1276.0,swap_ry,7.4160886894685785,304.0,8.0,7.590777835240743,3.0,1.0,1.0,0.0,0.0
1277.0,swap_rz,7.599166443173942,304.0,8.0,7.590777835240743,4.0,0.0,0.0,1.0,0.0
1277.0,stop,7.50291247303258,305.0,5.0,7.502912473032579,5.0,0.0,0.0,0.0,0.0
1278.0,change_3,7.755279533797103,306.0,8.0,7.7552795337971006,3.0,0.0,0.0,1.0,0.0
1279.0,stop,7.7552795337971006,306.0,7.0,7.7552795337971006,3.0,0.0,0.0,1.0,0.0
1280.0,add_cx,7.413425091992099,306.0,8.0,7.7552795337971006,3.0,0.0,0.0,1.0,1.0
1281.0,add_rx,7.753885383681701,306.0,8.0,7.7552795337971006,3.0,1.0,0.0,1.0,0.0
1282.0,add_ry,7.73511562122742,306.0,8.0,7.7552795337971006,3.0,0.0,1.0,1.0,0.0
1283.0,add_rz,7.7552795337971006,306.0,8.0,7.7552795337971006,3.0,0.0,0.0,2.0,0.0
1284.0,delete,7.824995034599561,306.0,8.0,7.7552795337971006,2.0,0.0,0.0,1.0,0.0
1285.0,swap_cx,7.824995034599561,306.0,8.0,7.7552795337971006,2.0,0.0,0.0,1.0,1.0
1286.0,swap_rx,7.716412940419015,306.0,8.0,7.7552795337971006,3.0,1.0,0.0,0.0,0.0
1287.0,swap_ry,7.823669201998739,306.0,8.0,7.7552795337971006,2.0,0.0,1.0,1.0,0.0
1288.0,swap_rz,7.788891839687563,306.0,8.0,7.7552795337971006,2.0,0.0,0.0,2.0,0.0
1289.0,stop,7.612222371654572,307.0,7.0,7.612222371654572,4.0,0.0,0.0,0.0,1.0
1290.0,add_cx,7.612222371654572,307.0,8.0,7.612222371654572,4.0,0.0,0.0,0.0,2.0
1291.0,add_rx,7.579368697150563,307.0,8.0,7.612222371654572,4.0,1.0,0.0,0.0,1.0
1292.0,add_ry,7.5805763668870245,307.0,8.0,7.612222371654572,4.0,0.0,1.0,0.0,1.0
1293.0,add_rz,7.606067448813492,307.0,8.0,7.612222371654572,4.0,0.0,0.0,1.0,1.0
1294.0,delete,7.612222371654572,307.0,8.0,7.612222371654572,4.0,0.0,0.0,0.0,0.0
1295.0,swap_cx,7.739248399383249,307.0,8.0,7.612222371654572,3.0,0.0,0.0,0.0,2.0
1296.0,swap_rx,7.543784697088764,307.0,8.0,7.612222371654572,3.0,1.0,0.0,0.0,1.0
1297.0,swap_ry,7.029760724470426,307.0,8.0,7.612222371654572,3.0,0.0,1.0,0.0,1.0
1298.0,swap_rz,7.751233228221552,307.0,8.0,7.612222371654572,3.0,0.0,0.0,1.0,1.0
1298.0,stop,7.50291247303258,308.0,5.0,7.50291247303258,5.0,0.0,0.0,0.0,0.0
1298.0,stop,7.5770323161775,309.0,6.0,7.5770323161775,4.0,0.0,0.0,0.0,0.0
1298.0,stop,7.58524729516044,310.0,6.0,7.58524729516044,4.0,0.0,0.0,0.0,0.0
1299.0,stop,7.599065928635252,311.0,7.0,7.599065928635252,3.0,0.0,0.0,0.0,0.0
1300.0,add_cx,7.599065928635252,311.0,8.0,7.599065928635252,3.0,0.0,0.0,0.0,1.0
1301.0,add_rx,7.599065928635252,311.0,8.0,7.599065928635252,3.0,1.0,0.0,0.0,0.0
1302.0,add_ry,7.669237011653426,311.0,8.0,7.599065928635252,3.0,0.0,1.0,0.0,0.0
1303.0,add_rz,7.599065928635252,311.0,8.0,7.599065928635252,3.0,0.0,0.0,1.0,0.0
1304.0,delete,7.824995034599562,311.0,8.0,7.599065928635252,2.0,0.0,0.0,0.0,0.0
1305.0,swap_cx,7.822004351855668,311.0,8.0,7.599065928635252,2.0,0.0,0.0,0.0,1.0
1306.0,swap_rx,7.635361272257297,311.0,8.0,7.599065928635252,2.0,1.0,0.0,0.0,0.0
1307.0,swap_ry,7.69248174974883,311.0,8.0,7.599065928635252,2.0,0.0,1.0,0.0,0.0
1308.0,swap_rz,7.541325755396837,311.0,8.0,7.599065928635252,2.0,0.0,0.0,1.0,0.0
1308.0,stop,7.5770323161775,312.0,6.0,7.5770323161775,4.0,0.0,0.0,0.0,0.0
1309.0,change_4,7.588721439415591,313.0,8.0,7.589774761249093,4.0,0.0,1.0,0.0,0.0
1310.0,stop,7.589774761249093,313.0,7.0,7.589774761249093,4.0,0.0,1.0,0.0,0.0
1311.0,add_cx,7.589774761249093,313.0,8.0,7.589774761249093,4.0,0.0,1.0,0.0,1.0
1312.0,add_rx,7.589774761249093,313.0,8.0,7.589774761249093,4.0,1.0,1.0,0.0,0.0
1313.0,add_ry,7.538529296373513,313.0,8.0,7.589774761249093,4.0,0.0,2.0,0.0,0.0
1314.0,add_rz,7.589774761249093,313.0,8.0,7.589774761249093,4.0,0.0,1.0,1.0,0.0
1315.0,delete,7.5770323161775,313.0,8.0,7.589774761249093,4.0,0.0,0.0,0.0,0.0
1316.0,swap_cx,7.787083358279743,313.0,8.0,7.589774761249093,3.0,0.0,1.0,0.0,1.0
1317.0,swap_rx,7.765392293212865,313.0,8.0,7.589774761249093,3.0,1.0,1.0,0.0,0.0
1318.0,swap_ry,7.668572865885008,313.0,8.0,7.589774761249093,3.0,0.0,2.0,0.0,0.0
1319.0,swap_rz,7.583458865352576,313.0,8.0,7.589774761249093,4.0,0.0,0.0,1.0,0.0
1319.0,stop,7.50291247303258,314.0,5.0,7.50291247303258,5.0,0.0,0.0,0.0,0.0
1319.0,stop,7.58524729516044,315.0,6.0,7.585247295160441,4.0,0.0,0.0,0.0,0.0
1320.0,change_3,7.601726343570693,316.0,8.0,7.601755828711073,3.0,0.0,0.0,1.0,0.0
1321.0,stop,7.601755828711073,316.0,7.0,7.601755828711073,3.0,0.0,0.0,1.0,0.0
1322.0,add_cx,7.601755828711073,316.0,8.0,7.601755828711073,3.0,0.0,0.0,1.0,1.0
1323.0,add_rx,7.601755828711073,316.0,8.0,7.601755828711073,3.0,1.0,0.0,1.0,0.0
1324.0,add_ry,7.5934890059839715,316.0,8.0,7.601755828711073,3.0,0.0,1.0,1.0,0.0
1325.0,add_rz,7.601755828711073,316.0,8.0,7.601755828711073,3.0,0.0,0.0,2.0,0.0
1326.0,delete,7.599065928635252,316.0,8.0,7.601755828711073,3.0,0.0,0.0,0.0,0.0
1327.0,swap_cx,7.822004352030428,316.0,8.0,7.601755828711073,2.0,0.0,0.0,1.0,1.0
1328.0,swap_rx,7.578021140950141,316.0,8.0,7.601755828711073,3.0,1.0,0.0,0.0,0.0
1329.0,swap_ry,7.819863956587962,316.0,8.0,7.601755828711073,2.0,0.0,1.0,1.0,0.0
1330.0,swap_rz,7.622171293005843,316.0,8.0,7.601755828711073,3.0,0.0,0.0,1.0,0.0
1330.0,stop,7.612222371654572,317.0,6.0,7.612222371654573,4.0,0.0,0.0,0.0,0.0
1330.0,stop,7.612222371654572,318.0,6.0,7.612222371654572,4.0,0.0,0.0,0.0,0.0
1331.0,change_1,7.7369259454289745,319.0,8.0,7.743270994879612,3.0,0.0,1.0,0.0,0.0
1332.0,stop,7.743270994879612,319.0,7.0,7.743270994879612,3.0,0.0,1.0,0.0,0.0
1333.0,add_cx,7.357547343990392,319.0,8.0,7.743270994879612,3.0,0.0,1.0,0.0,1.0
1334.0,add_rx,7.7187240844468095,319.0,8.0,7.743270994879612,3.0,1.0,1.0,0.0,0.0
1335.0,add_ry,7.760007124040354,319.0,8.0,7.743270994879612,3.0,0.0,2.0,0.0,0.0
1336.0,add_rz,7.743270994879612,319.0,8.0,7.743270994879612,3.0,0.0,1.0,1.0,0.0
1337.0,delete,7.760546959943352,319.0,8.0,7.743270994879612,2.0,0.0,1.0,0.0,0.0
1338.0,swap_cx,7.357112495469651,319.0,8.0,7.743270994879612,3.0,0.0,0.0,0.0,1.0
1339.0,swap_rx,7.758946872737592,319.0,8.0,7.743270994879612,2.0,1.0,1.0,0.0,0.0
1340.0,swap_ry,7.751168689372948,319.0,8.0,7.743270994879612,2.0,0.0,2.0,0.0,0.0
1341.0,swap_rz,7.760546959943353,319.0,8.0,7.743270994879612,2.0,0.0,1.0,1.0,0.0
1341.0,stop,7.590777835240743,320.0,6.0,7.590777835240743,4.0,0.0,0.0,0.0,0.0
1341.0,stop,7.605072379921649,321.0,6.0,7.6050723799216495,4.0,0.0,0.0,0.0,0.0
1341.0,stop,7.58524729516044,322.0,6.0,7.585247295160441,4.0,0.0,0.0,0.0,0.0
1341.0,stop,7.50291247303258,323.0,5.0,7.50291247303258,5.0,0.0,0.0,0.0,0.0
1342.0,change_2,7.7350890896373246,324.0,8.0,7.7350890896373246,3.0,0.0,0.0,1.0,0.0
1343.0,stop,7.7350890896373246,324.0,7.0,7.7350890896373246,3.0,0.0,0.0,1.0,0.0
1344.0,add_cx,7.7350890896373246,324.0,8.0,7.7350890896373246,3.0,0.0,0.0,1.0,1.0
1345.0,add_rx,7.5361037678658835,324.0,8.0,7.7350890896373246,3.0,1.0,0.0,1.0,0.0
1346.0,add_ry,7.415277018843485,324.0,8.0,7.7350890896373246,3.0,0.0,1.0,1.0,0.0
1347.0,add_rz,7.7350890896373246,324.0,8.0,7.7350890896373246,3.0,0.0,0.0,2.0,0.0
1348.0,delete,7.789254268839439,324.0,8.0,7.7350890896373246,2.0,0.0,0.0,1.0,0.0
1349.0,swap_cx,7.789254268839439,324.0,8.0,7.7350890896373246,2.0,0.0,0.0,1.0,1.0
1350.0,swap_rx,7.761255070460487,324.0,8.0,7.7350890896373246,2.0,1.0,0.0,1.0,0.0
1351.0,swap_ry,7.677315451793742,324.0,8.0,7.7350890896373246,3.0,0.0,1.0,0.0,0.0
1352.0,swap_rz,7.735089089637322,324.0,8.0,7.7350890896373246,3.0,0.0,0.0,1.0,0.0
1353.0,change_0,7.745090365344489,325.0,8.0,7.744883932199965,3.0,1.0,0.0,0.0,0.0
1354.0,stop,7.744883932199965,325.0,7.0,7.744883932199965,3.0,1.0,0.0,0.0,0.0
1355.0,add_cx,7.744883932199965,325.0,8.0,7.744883932199965,3.0,1.0,0.0,0.0,1.0
1356.0,add_rx,7.172280102658938,325.0,8.0,7.744883932199965,3.0,2.0,0.0,0.0,0.0
1357.0,add_ry,7.4897245046920755,325.0,8.0,7.744883932199965,3.0,1.0,1.0,0.0,0.0
1358.0,add_rz,7.744883932199963,325.0,8.0,7.744883932199965,3.0,1.0,0.0,1.0,0.0
1359.0,delete,7.822004353155583,325.0,8.0,7.744883932199965,2.0,1.0,0.0,0.0,0.0
1360.0,swap_cx,7.728380416449464,325.0,8.0,7.744883932199965,2.0,1.0,0.0,0.0,1.0
1361.0,swap_rx,7.742279109030054,325.0,8.0,7.744883932199965,3.0,1.0,0.0,0.0,0.0
1362.0,swap_ry,7.7116264323702195,325.0,8.0,7.744883932199965,3.0,0.0,1.0,0.0,0.0
1363.0,swap_rz,7.822004353155584,325.0,8.0,7.744883932199965,2.0,1.0,0.0,1.0,0.0
1363.0,stop,7.58524729516044,326.0,6.0,7.585247295160441,4.0,0.0,0.0,0.0,0.0
1363.0,stop,7.5770323161775,327.0,6.0,7.577032316177499,4.0,0.0,0.0,0.0,0.0
1363.0,stop,7.612222371654572,328.0,6.0,7.612222371654572,4.0,0.0,0.0,0.0,0.0
1363.0,stop,7.605072379921649,329.0,6.0,7.6050723799216495,4.0,0.0,0.0,0.0,0.0
1364.0,stop,7.824995034599562,330.0,8.0,7.824995034599562,2.0,0.0,0.0,0.0,0.0
1365.0,add_cx,7.824995034599562,330.0,9.0,7.824995034599562,2.0,0.0,0.0,0.0,1.0
1366.0,add_rx,7.812006247811729,330.0,9.0,7.824995034599562,2.0,1.0,0.0,0.0,0.0
1367.0,add_ry,7.7546540367437835,330.0,9.0,7.824995034599562,2.0,0.0,1.0,0.0,0.0
1368.0,add_rz,7.824995034599561,330.0,9.0,7.824995034599562,2.0,0.0,0.0,1.0,0.0
1369.0,delete,7.8085108747139405,330.0,9.0,7.824995034599562,1.0,0.0,0.0,0.0,0.0
1370.0,swap_cx,7.8085108747139405,330.0,9.0,7.824995034599562,1.0,0.0,0.0,0.0,1.0
1371.0,swap_rx,7.827631222843461,330.0,9.0,7.824995034599562,1.0,1.0,0.0,0.0,0.0
1372.0,swap_ry,7.797273366670625,330.0,9.0,7.824995034599562,1.0,0.0,1.0,0.0,0.0
1373.0,swap_rz,7.913237338760616,330.0,9.0,7.824995034599562,1.0,0.0,0.0,1.0,0.0
1374.0,delete,7.599065929392145,331.0,7.0,7.73874377018477,3.0,0.0,0.0,0.0,0.0
1375.0,stop,7.599065929392145,332.0,7.0,7.599065929392145,3.0,0.0,0.0,0.0,0.0
1376.0,add_cx,7.518033148320728,332.0,8.0,7.599065929392145,3.0,0.0,0.0,0.0,1.0
1377.0,add_rx,7.553041754327134,332.0,8.0,7.599065929392145,3.0,1.0,0.0,0.0,0.0
1378.0,add_ry,7.62866623400175,332.0,8.0,7.599065929392145,3.0,0.0,1.0,0.0,0.0
1379.0,add_rz,7.599065929392146,332.0,8.0,7.599065929392145,3.0,0.0,0.0,1.0,0.0
1380.0,delete,7.541325755396835,332.0,8.0,7.599065929392145,2.0,0.0,0.0,0.0,0.0
1381.0,swap_cx,7.824995034599562,332.0,8.0,7.599065929392145,2.0,0.0,0.0,0.0,1.0
1382.0,swap_rx,7.6601456668041505,332.0,8.0,7.599065929392145,2.0,1.0,0.0,0.0,0.0
1383.0,swap_ry,7.411317683755302,332.0,8.0,7.599065929392145,2.0,0.0,1.0,0.0,0.0
1384.0,swap_rz,7.822004353369456,332.0,8.0,7.599065929392145,2.0,0.0,0.0,1.0,0.0
1385.0,delete,6.384026489467956,333.0,1.0,7.285842945471223,9.0,0.0,0.0,0.0,0.0
1386.0,stop,6.384026489467956,334.0,1.0,6.384026489467956,9.0,0.0,0.0,0.0,0.0
1387.0,add_cx,6.384026489467956,334.0,2.0,6.384026489467956,9.0,0.0,0.0,0.0,1.0
1388.0,add_rx,6.384026489467956,334.0,2.0,6.384026489467956,9.0,1.0,0.0,0.0,0.0
1389.0,add_ry,6.2687843603134255,334.0,2.0,6.384026489467956,9.0,0.0,1.0,0.0,0.0
1390.0,add_rz,6.36602588300632,334.0,2.0,6.384026489467956,9.0,0.0,0.0,1.0,0.0
1391.0,delete,6.837911567389752,334.0,2.0,6.384026489467956,8.0,0.0,0.0,0.0,0.0
1392.0,swap_cx,6.717409204953968,334.0,2.0,6.384026489467956,8.0,0.0,0.0,0.0,1.0
1393.0,swap_rx,6.742667735615494,334.0,2.0,6.384026489467956,8.0,1.0,0.0,0.0,0.0
1394.0,swap_ry,6.362348226084178,334.0,2.0,6.384026489467956,8.0,0.0,1.0,0.0,0.0
1395.0,swap_rz,6.713755053556897,334.0,2.0,6.384026489467956,8.0,0.0,0.0,1.0,0.0
1395.0,stop,7.612222371654572,335.0,6.0,7.612222371654571,4.0,0.0,0.0,0.0,0.0
1395.0,stop,7.605072379921649,336.0,6.0,7.6050723799216495,4.0,0.0,0.0,0.0,0.0
1395.0,stop,7.58524729516044,337.0,6.0,7.585247295160441,4.0,0.0,0.0,0.0,0.0
1395.0,stop,7.5770323161775,338.0,6.0,7.5770323161775,4.0,0.0,0.0,0.0,0.0
1396.0,stop,7.739248399383249,339.0,7.0,7.739248399383249,3.0,0.0,0.0,0.0,0.0
1397.0,add_cx,7.739248399383249,339.0,8.0,7.739248399383249,3.0,0.0,0.0,0.0,1.0
1398.0,add_rx,7.738970428600303,339.0,8.0,7.739248399383249,3.0,1.0,0.0,0.0,0.0
1399.0,add_ry,7.750622723532436,339.0,8.0,7.739248399383249,3.0,0.0,1.0,0.0,0.0
1400.0,add_rz,7.739168772174421,339.0,8.0,7.739248399383249,3.0,0.0,0.0,1.0,0.0
1401.0,delete,7.795050278006036,339.0,8.0,7.739248399383249,2.0,0.0,0.0,0.0,0.0
1402.0,swap_cx,7.822004351855668,339.0,8.0,7.739248399383249,2.0,0.0,0.0,0.0,1.0
1403.0,swap_rx,7.543140598577381,339.0,8.0,7.739248399383249,2.0,1.0,0.0,0.0,0.0
1404.0,swap_ry,7.686345435734265,339.0,8.0,7.739248399383249,2.0,0.0,1.0,0.0,0.0
1405.0,swap_rz,7.822004351855668,339.0,8.0,7.739248399383249,2.0,0.0,0.0,1.0,0.0
1405.0,stop,7.612222371654572,340.0,6.0,7.612222371654571,4.0,0.0,0.0,0.0,0.0
1405.0,stop,7.612222371654572,341.0,6.0,7.612222371654571,4.0,0.0,0.0,0.0,0.0
1406.0,stop,7.795050278006036,342.0,8.0,7.795050278006036,2.0,0.0,0.0,0.0,0.0
1407.0,add_cx,7.795050278006036,342.0,9.0,7.795050278006036,2.0,0.0,0.0,0.0,1.0
1408.0,add_rx,7.794386565938977,342.0,9.0,7.795050278006036,2.0,1.0,0.0,0.0,0.0
1409.0,add_ry,7.316200976406708,342.0,9.0,7.795050278006036,2.0,0.0,1.0,0.0,0.0
1410.0,add_rz,7.795050278006038,342.0,9.0,7.795050278006036,2.0,0.0,0.0,1.0,0.0
1411.0,delete,7.871317116233358,342.0,9.0,7.795050278006036,1.0,0.0,0.0,0.0,0.0
1412.0,swap_cx,7.871317116233358,342.0,9.0,7.795050278006036,1.0,0.0,0.0,0.0,1.0
1413.0,swap_rx,7.767349265757903,342.0,9.0,7.795050278006036,1.0,1.0,0.0,0.0,0.0
1414.0,swap_ry,7.69334287666074,342.0,9.0,7.795050278006036,1.0,0.0,1.0,0.0,0.0
1415.0,swap_rz,7.8085108747139405,342.0,9.0,7.795050278006036,1.0,0.0,0.0,1.0,0.0
1416.0,change_1,7.522658343828514,343.0,8.0,7.51848250827123,3.0,1.0,0.0,0.0,0.0
1417.0,stop,7.51848250827123,343.0,7.0,7.51848250827123,3.0,1.0,0.0,0.0,0.0
1418.0,add_cx,7.51848250827123,343.0,8.0,7.51848250827123,3.0,1.0,0.0,0.0,1.0
1419.0,add_rx,7.505015665543209,343.0,8.0,7.51848250827123,3.0,2.0,0.0,0.0,0.0
1420.0,add_ry,7.300615164531894,343.0,8.0,7.51848250827123,3.0,1.0,1.0,0.0,0.0
1421.0,add_rz,7.51848250827123,343.0,8.0,7.51848250827123,3.0,1.0,0.0,1.0,0.0
1422.0,delete,7.694004537461026,343.0,8.0,7.51848250827123,2.0,1.0,0.0,0.0,0.0
1423.0,swap_cx,7.665233708333527,343.0,8.0,7.51848250827123,2.0,1.0,0.0,0.0,1.0
1424.0,swap_rx,7.448408978577823,343.0,8.0,7.51848250827123,2.0,2.0,0.0,0.0,0.0
1425.0,swap_ry,7.615473659879368,343.0,8.0,7.51848250827123,2.0,1.0,1.0,0.0,0.0
1426.0,swap_rz,7.75123322822155,343.0,8.0,7.51848250827123,3.0,0.0,0.0,1.0,0.0
1426.0,stop,7.590777835240743,344.0,6.0,7.590777835240743,4.0,0.0,0.0,0.0,0.0
1427.0,stop,7.7350890896373246,345.0,7.0,7.7350890896373246,3.0,0.0,0.0,0.0,0.0
1428.0,add_cx,7.531182465149632,345.0,8.0,7.7350890896373246,3.0,0.0,0.0,0.0,1.0
1429.0,add_rx,7.7350890896373246,345.0,8.0,7.7350890896373246,3.0,1.0,0.0,0.0,0.0
1430.0,add_ry,7.553396565271733,345.0,8.0,7.7350890896373246,3.0,0.0,1.0,0.0,0.0
1431.0,add_rz,7.735089089637325,345.0,8.0,7.7350890896373246,3.0,0.0,0.0,1.0,0.0
1432.0,delete,7.7892542688394375,345.0,8.0,7.7350890896373246,2.0,0.0,0.0,0.0,0.0
1433.0,swap_cx,7.44914236918604,345.0,8.0,7.7350890896373246,2.0,0.0,0.0,0.0,1.0
1434.0,swap_rx,7.824995034599561,345.0,8.0,7.7350890896373246,2.0,1.0,0.0,0.0,0.0
1435.0,swap_ry,7.811797262373757,345.0,8.0,7.7350890896373246,2.0,0.0,1.0,0.0,0.0
1436.0,swap_rz,7.789254268839439,345.0,8.0,7.7350890896373246,2.0,0.0,0.0,1.0,0.0
1437.0,change_0,7.47067120010448,346.0,8.0,7.467612160303319,3.0,1.0,0.0,0.0,0.0
1438.0,stop,7.467612160303319,346.0,7.0,7.467612160303319,3.0,1.0,0.0,0.0,0.0
1439.0,add_cx,7.46761216030332,346.0,8.0,7.467612160303319,3.0,1.0,0.0,0.0,1.0
1440.0,add_rx,7.294222700167239,346.0,8.0,7.467612160303319,3.0,2.0,0.0,0.0,0.0
1441.0,add_ry,7.412739444113375,346.0,8.0,7.467612160303319,3.0,1.0,1.0,0.0,0.0
1442.0,add_rz,7.4648103963487635,346.0,8.0,7.467612160303319,3.0,1.0,0.0,1.0,0.0
1443.0,delete,7.651760006045687,346.0,8.0,7.467612160303319,2.0,1.0,0.0,0.0,0.0
1444.0,swap_cx,7.366022604023322,346.0,8.0,7.467612160303319,2.0,1.0,0.0,0.0,1.0
1445.0,swap_rx,7.67527904874557,346.0,8.0,7.467612160303319,3.0,1.0,0.0,0.0,0.0
1446.0,swap_ry,7.10486971067718,346.0,8.0,7.467612160303319,2.0,1.0,1.0,0.0,0.0
1447.0,swap_rz,7.755279534553996,346.0,8.0,7.467612160303319,3.0,0.0,0.0,1.0,0.0
1447.0,stop,7.50291247303258,347.0,5.0,7.50291247303258,5.0,0.0,0.0,0.0,0.0
1447.0,stop,7.50291247303258,348.0,5.0,7.50291247303258,5.0,0.0,0.0,0.0,0.0
1447.0,stop,7.590777835240743,349.0,6.0,7.590777835240743,4.0,0.0,0.0,0.0,0.0
1447.0,stop,7.5770323161775,350.0,6.0,7.5770323161775,4.0,0.0,0.0,0.0,0.0
1447.0,stop,7.605072379921649,351.0,6.0,7.6050723799216495,4.0,0.0,0.0,0.0,0.0
1447.0,stop,7.605072379921649,352.0,6.0,7.60507237992165,4.0,0.0,0.0,0.0,0.0
1448.0,delete,7.751233228221553,353.0,7.0,7.622802848523608,3.0,0.0,0.0,0.0,0.0
1449.0,delete,7.589941482026823,354.0,7.0,7.633505380165103,3.0,0.0,0.0,0.0,0.0
1450.0,delete,7.739248399383249,355.0,7.0,7.631991830651216,3.0,0.0,0.0,0.0,0.0
1451.0,delete,7.589941482026823,356.0,7.0,7.640929878045551,3.0,0.0,0.0,0.0,0.0
1451.0,stop,7.590777835240743,357.0,6.0,7.590777835240743,4.0,0.0,0.0,0.0,0.0
1452.0,change_3,7.466457374720708,358.0,8.0,7.48765056757575,3.0,1.0,0.0,0.0,0.0
1453.0,stop,7.48765056757575,358.0,7.0,7.48765056757575,3.0,1.0,0.0,0.0,0.0
1454.0,add_cx,7.48765056757575,358.0,8.0,7.48765056757575,3.0,1.0,0.0,0.0,1.0
1455.0,add_rx,7.1427023271982915,358.0,8.0,7.48765056757575,3.0,2.0,0.0,0.0,0.0
1456.0,add_ry,7.493490375841294,358.0,8.0,7.48765056757575,3.0,1.0,1.0,0.0,0.0
1457.0,add_rz,7.48765056757575,358.0,8.0,7.48765056757575,3.0,1.0,0.0,1.0,0.0
1458.0,delete,7.663618930181207,358.0,8.0,7.48765056757575,2.0,1.0,0.0,0.0,0.0
1459.0,swap_cx,7.7552795345539955,358.0,8.0,7.48765056757575,3.0,0.0,0.0,0.0,1.0
1460.0,swap_rx,7.755279534553996,358.0,8.0,7.48765056757575,3.0,1.0,0.0,0.0,0.0
1461.0,swap_ry,7.766972938021612,358.0,8.0,7.48765056757575,3.0,0.0,1.0,0.0,0.0
1462.0,swap_rz,7.688296471758523,358.0,8.0,7.48765056757575,2.0,1.0,0.0,1.0,0.0
1463.0,stop,7.448992566667948,359.0,6.0,7.448992566667948,4.0,0.0,0.0,0.0,1.0
1464.0,add_cx,7.521720291869031,359.0,7.0,7.448992566667948,4.0,0.0,0.0,0.0,2.0
1465.0,add_rx,7.136689080961747,359.0,7.0,7.448992566667948,4.0,1.0,0.0,0.0,1.0
1466.0,add_ry,6.977274669809718,359.0,7.0,7.448992566667948,4.0,0.0,1.0,0.0,1.0
1467.0,add_rz,7.453048343148529,359.0,7.0,7.448992566667948,4.0,0.0,0.0,1.0,1.0
1468.0,delete,7.462273389567979,359.0,7.0,7.448992566667948,3.0,0.0,0.0,0.0,1.0
1469.0,swap_cx,7.543974247422177,359.0,7.0,7.448992566667948,3.0,0.0,0.0,0.0,2.0
1470.0,swap_rx,7.543974247422177,359.0,7.0,7.448992566667948,3.0,1.0,0.0,0.0,1.0
1471.0,swap_ry,7.494132905639525,359.0,7.0,7.448992566667948,3.0,0.0,1.0,0.0,1.0
1472.0,swap_rz,7.5439742474221765,359.0,7.0,7.448992566667948,3.0,0.0,0.0,1.0,1.0
1472.0,stop,7.50291247303258,360.0,5.0,7.50291247303258,5.0,0.0,0.0,0.0,0.0
1473.0,change_3,7.670643705107924,361.0,8.0,7.675170012995002,3.0,0.0,1.0,0.0,0.0
1474.0,stop,7.675170012995002,361.0,7.0,7.675170012995002,3.0,0.0,1.0,0.0,0.0
1475.0,add_cx,7.40817131948274,361.0,8.0,7.675170012995002,3.0,0.0,1.0,0.0,1.0
1476.0,add_rx,7.667063566022797,361.0,8.0,7.675170012995002,3.0,1.0,1.0,0.0,0.0
1477.0,add_ry,7.483318337685157,361.0,8.0,7.675170012995002,3.0,0.0,2.0,0.0,0.0
1478.0,add_rz,7.675170012995002,361.0,8.0,7.675170012995002,3.0,0.0,1.0,1.0,0.0
1479.0,delete,7.582494840544975,361.0,8.0,7.675170012995002,2.0,0.0,1.0,0.0,0.0
1480.0,swap_cx,7.557356762095644,361.0,8.0,7.675170012995002,2.0,0.0,1.0,0.0,1.0
1481.0,swap_rx,7.541777133208237,361.0,8.0,7.675170012995002,2.0,1.0,1.0,0.0,0.0
1482.0,swap_ry,7.667959033645838,361.0,8.0,7.675170012995002,2.0,0.0,2.0,0.0,0.0
1483.0,swap_rz,7.5824948405449755,361.0,8.0,7.675170012995002,2.0,0.0,1.0,1.0,0.0
1484.0,stop,7.751233228221553,362.0,7.0,7.751233228221553,3.0,0.0,0.0,0.0,0.0
1485.0,add_cx,7.556238390060766,362.0,8.0,7.751233228221553,3.0,0.0,0.0,0.0,1.0
1486.0,add_rx,7.751233228221553,362.0,8.0,7.751233228221553,3.0,1.0,0.0,0.0,0.0
1487.0,add_ry,7.733829551762538,362.0,8.0,7.751233228221553,3.0,0.0,1.0,0.0,0.0
1488.0,add_rz,7.751233228221553,362.0,8.0,7.751233228221553,3.0,0.0,0.0,1.0,0.0
1489.0,delete,7.795050278006036,362.0,8.0,7.751233228221553,2.0,0.0,0.0,0.0,0.0
1490.0,swap_cx,7.824995034599562,362.0,8.0,7.751233228221553,2.0,0.0,0.0,0.0,1.0
1491.0,swap_rx,7.712292263012974,362.0,8.0,7.751233228221553,2.0,1.0,0.0,0.0,0.0
1492.0,swap_ry,7.802237835594802,362.0,8.0,7.751233228221553,2.0,0.0,1.0,0.0,0.0
1493.0,swap_rz,7.771603199878118,362.0,8.0,7.751233228221553,2.0,0.0,0.0,1.0,0.0
1494.0,change_3,7.599065929392145,363.0,8.0,7.599065929392145,3.0,0.0,0.0,1.0,0.0
1495.0,stop,7.599065929392145,363.0,7.0,7.599065929392145,3.0,0.0,0.0,1.0,0.0
1496.0,add_cx,7.599065929392145,363.0,8.0,7.599065929392145,3.0,0.0,0.0,1.0,1.0
1497.0,add_rx,7.335979858154221,363.0,8.0,7.599065929392145,3.0,1.0,0.0,1.0,0.0
1498.0,add_ry,7.596746024939365,363.0,8.0,7.599065929392145,3.0,0.0,1.0,1.0,0.0
1499.0,add_rz,7.5994555871223355,363.0,8.0,7.599065929392145,3.0,0.0,0.0,2.0,0.0
1500.0,delete,7.541325755396835,363.0,8.0,7.599065929392145,2.0,0.0,0.0,1.0,0.0
1501.0,swap_cx,7.5278651586889405,363.0,8.0,7.599065929392145,2.0,0.0,0.0,1.0,1.0
1502.0,swap_rx,7.685318468855815,363.0,8.0,7.599065929392145,2.0,1.0,0.0,1.0,0.0
1503.0,swap_ry,7.675950731911964,363.0,8.0,7.599065929392145,2.0,0.0,1.0,1.0,0.0
1504.0,swap_rz,7.541325755396835,363.0,8.0,7.599065929392145,2.0,0.0,0.0,2.0,0.0
1504.0,stop,7.50291247303258,364.0,5.0,7.50291247303258,5.0,0.0,0.0,0.0,0.0
1504.0,stop,7.612222371654572,365.0,6.0,7.61222237165457,4.0,0.0,0.0,0.0,0.0
1505.0,delete,7.57660836171733,366.0,7.0,7.7112342353303065,3.0,0.0,0.0,0.0,0.0
1506.0,stop,7.57660836171733,367.0,7.0,7.57660836171733,3.0,0.0,0.0,0.0,0.0
1507.0,add_cx,7.061861992734781,367.0,8.0,7.57660836171733,3.0,0.0,0.0,0.0,1.0
1508.0,add_rx,7.57660836171733,367.0,8.0,7.57660836171733,3.0,1.0,0.0,0.0,0.0
1509.0,add_ry,6.834893223963589,367.0,8.0,7.57660836171733,3.0,0.0,1.0,0.0,0.0
1510.0,add_rz,7.57660836171733,367.0,8.0,7.57660836171733,3.0,0.0,0.0,1.0,0.0
1511.0,delete,7.761255070460487,367.0,8.0,7.57660836171733,2.0,0.0,0.0,0.0,0.0
1512.0,swap_cx,7.327951446398731,367.0,8.0,7.57660836171733,2.0,0.0,0.0,0.0,1.0
1513.0,swap_rx,7.719569212538294,367.0,8.0,7.57660836171733,2.0,1.0,0.0,0.0,0.0
1514.0,swap_ry,7.5865789538607595,367.0,8.0,7.57660836171733,2.0,0.0,1.0,0.0,0.0
1515.0,swap_rz,7.761255070460488,367.0,8.0,7.57660836171733,2.0,0.0,0.0,1.0,0.0
1515.0,stop,7.50291247303258,368.0,5.0,7.50291247303258,5.0,0.0,0.0,0.0,0.0
1515.0,stop,7.590777835240743,369.0,6.0,7.590777835240743,4.0,0.0,0.0,0.0,0.0
1516.0,stop,7.589941482026823,370.0,7.0,7.589941482026823,3.0,0.0,0.0,0.0,0.0
1517.0,add_cx,7.589941482026823,370.0,8.0,7.589941482026823,3.0,0.0,0.0,0.0,1.0
1518.0,add_rx,7.347593019404314,370.0,8.0,7.589941482026823,3.0,1.0,0.0,0.0,0.0
1519.0,add_ry,7.621760783215277,370.0,8.0,7.589941482026823,3.0,0.0,1.0,0.0,0.0
1520.0,add_rz,7.589941482026823,370.0,8.0,7.589941482026823,3.0,0.0,0.0,1.0,0.0
1521.0,delete,7.7892542688394375,370.0,8.0,7.589941482026823,2.0,0.0,0.0,0.0,0.0
1522.0,swap_cx,7.795050278006036,370.0,8.0,7.589941482026823,2.0,0.0,0.0,0.0,1.0
1523.0,swap_rx,7.76897965716018,370.0,8.0,7.589941482026823,2.0,1.0,0.0,0.0,0.0
1524.0,swap_ry,7.55783416052371,370.0,8.0,7.589941482026823,2.0,0.0,1.0,0.0,0.0
1525.0,swap_rz,7.789254268839439,370.0,8.0,7.589941482026823,2.0,0.0,0.0,1.0,0.0
1526.0,stop,7.7888918396875635,371.0,8.0,7.7888918396875635,2.0,0.0,0.0,0.0,0.0
1527.0,add_cx,7.336452669894934,371.0,9.0,7.7888918396875635,2.0,0.0,0.0,0.0,1.0
1528.0,add_rx,7.043728752530563,371.0,9.0,7.7888918396875635,2.0,1.0,0.0,0.0,0.0
1529.0,add_ry,7.690499930442737,371.0,9.0,7.7888918396875635,2.0,0.0,1.0,0.0,0.0
1530.0,add_rz,7.788891839687565,371.0,9.0,7.7888918396875635,2.0,0.0,0.0,1.0,0.0
1531.0,delete,7.913237338760615,371.0,9.0,7.7888918396875635,1.0,0.0,0.0,0.0,0.0
1532.0,swap_cx,7.913237338760615,371.0,9.0,7.7888918396875635,1.0,0.0,0.0,0.0,1.0
1533.0,swap_rx,7.769591469327765,371.0,9.0,7.7888918396875635,1.0,1.0,0.0,0.0,0.0
1534.0,swap_ry,7.907597928152407,371.0,9.0,7.7888918396875635,1.0,0.0,1.0,0.0,0.0
1535.0,swap_rz,7.913237338760615,371.0,9.0,7.7888918396875635,1.0,0.0,0.0,1.0,0.0
1535.0,stop,7.605072379921649,372.0,6.0,7.60507237992165,4.0,0.0,0.0,0.0,0.0
1535.0,stop,7.605072379921649,373.0,6.0,7.60507237992165,4.0,0.0,0.0,0.0,0.0
1535.0,stop,7.605072379921649,374.0,6.0,7.60507237992165,4.0,0.0,0.0,0.0,0.0
1536.0,delete,7.57660836171733,375.0,7.0,7.704347792610898,3.0,0.0,0.0,0.0,0.0
1536.0,stop,7.58524729516044,376.0,6.0,7.585247295160442,4.0,0.0,0.0,0.0,0.0
1536.0,stop,7.5770323161775,377.0,6.0,7.5770323161775,4.0,0.0,0.0,0.0,0.0
1536.0,stop,7.58524729516044,378.0,6.0,7.585247295160442,4.0,0.0,0.0,0.0,0.0
1537.0,stop,7.57660836171733,379.0,7.0,7.57660836171733,3.0,0.0,0.0,0.0,0.0
1538.0,add_cx,7.012354188897785,379.0,8.0,7.57660836171733,3.0,0.0,0.0,0.0,1.0
1539.0,add_rx,7.57505213764358,379.0,8.0,7.57660836171733,3.0,1.0,0.0,0.0,0.0
1540.0,add_ry,7.493044228681297,379.0,8.0,7.57660836171733,3.0,0.0,1.0,0.0,0.0
1541.0,add_rz,7.57660836171733,379.0,8.0,7.57660836171733,3.0,0.0,0.0,1.0,0.0
1542.0,delete,7.7888918396875635,379.0,8.0,7.57660836171733,2.0,0.0,0.0,0.0,0.0
1543.0,swap_cx,7.7716031998781165,379.0,8.0,7.57660836171733,2.0,0.0,0.0,0.0,1.0
1544.0,swap_rx,7.726838518793828,379.0,8.0,7.57660836171733,2.0,1.0,0.0,0.0,0.0
1545.0,swap_ry,7.433374309383178,379.0,8.0,7.57660836171733,2.0,0.0,1.0,0.0,0.0
1546.0,swap_rz,7.7716031998781165,379.0,8.0,7.57660836171733,2.0,0.0,0.0,1.0,0.0
1546.0,stop,7.50291247303258,380.0,5.0,7.50291247303258,5.0,0.0,0.0,0.0,0.0
1546.0,stop,7.590777835240743,381.0,6.0,7.590777835240743,4.0,0.0,0.0,0.0,0.0
1547.0,change_5,7.459852243391509,382.0,7.0,7.449485894764493,5.0,0.0,1.0,0.0,0.0
1548.0,stop,7.449485894764493,382.0,6.0,7.449485894764493,5.0,0.0,1.0,0.0,0.0
1549.0,add_cx,7.449485894764493,382.0,7.0,7.449485894764493,5.0,0.0,1.0,0.0,1.0
1550.0,add_rx,7.449485894764493,382.0,7.0,7.449485894764493,5.0,1.0,1.0,0.0,0.0
1551.0,add_ry,7.286368657010584,382.0,7.0,7.449485894764493,5.0,0.0,2.0,0.0,0.0
1552.0,add_rz,7.449485894764493,382.0,7.0,7.449485894764493,5.0,0.0,1.0,1.0,0.0
1553.0,delete,7.556341307615432,382.0,7.0,7.449485894764493,4.0,0.0,1.0,0.0,0.0
1554.0,swap_cx,7.548409203356405,382.0,7.0,7.449485894764493,4.0,0.0,1.0,0.0,1.0
1555.0,swap_rx,7.5029124730325805,382.0,7.0,7.449485894764493,5.0,1.0,0.0,0.0,0.0
1556.0,swap_ry,7.497447472956669,382.0,7.0,7.449485894764493,4.0,0.0,2.0,0.0,0.0
1557.0,swap_rz,7.529852137892945,382.0,7.0,7.449485894764493,4.0,0.0,1.0,1.0,0.0
1558.0,stop,7.739248399383249,383.0,7.0,7.739248399383249,3.0,0.0,0.0,0.0,0.0
1559.0,add_cx,7.739248399383249,383.0,8.0,7.739248399383249,3.0,0.0,0.0,0.0,1.0
1560.0,add_rx,7.670454647014575,383.0,8.0,7.739248399383249,3.0,1.0,0.0,0.0,0.0
1561.0,add_ry,7.687602275714754,383.0,8.0,7.739248399383249,3.0,0.0,1.0,0.0,0.0
1562.0,add_rz,7.739248399383249,383.0,8.0,7.739248399383249,3.0,0.0,0.0,1.0,0.0
1563.0,delete,7.795050278006036,383.0,8.0,7.739248399383249,2.0,0.0,0.0,0.0,0.0
1564.0,swap_cx,7.822004351855668,383.0,8.0,7.739248399383249,2.0,0.0,0.0,0.0,1.0
1565.0,swap_rx,7.7916324281889455,383.0,8.0,7.739248399383249,2.0,1.0,0.0,0.0,0.0
1566.0,swap_ry,7.707436846340394,383.0,8.0,7.739248399383249,2.0,0.0,1.0,0.0,0.0
1567.0,swap_rz,7.7612550704604875,383.0,8.0,7.739248399383249,2.0,0.0,0.0,1.0,0.0
1568.0,stop,7.589941482026823,384.0,7.0,7.589941482026823,3.0,0.0,0.0,0.0,0.0
1569.0,add_cx,7.589941482026823,384.0,8.0,7.589941482026823,3.0,0.0,0.0,0.0,1.0
1570.0,add_rx,7.599880417625713,384.0,8.0,7.589941482026823,3.0,1.0,0.0,0.0,0.0
1571.0,add_ry,7.5850995776070125,384.0,8.0,7.589941482026823,3.0,0.0,1.0,0.0,0.0
1572.0,add_rz,7.5899414820268225,384.0,8.0,7.589941482026823,3.0,0.0,0.0,1.0,0.0
1573.0,delete,7.795050278006036,384.0,8.0,7.589941482026823,2.0,0.0,0.0,0.0,0.0
1574.0,swap_cx,7.795050278006036,384.0,8.0,7.589941482026823,2.0,0.0,0.0,0.0,1.0
1575.0,swap_rx,7.768437943540327,384.0,8.0,7.589941482026823,2.0,1.0,0.0,0.0,0.0
1576.0,swap_ry,7.428135674947001,384.0,8.0,7.589941482026823,2.0,0.0,1.0,0.0,0.0
1577.0,swap_rz,7.789254268839439,384.0,8.0,7.589941482026823,2.0,0.0,0.0,1.0,0.0
1577.0,stop,7.5770323161775,385.0,6.0,7.5770323161775,4.0,0.0,0.0,0.0,0.0
1577.0,stop,7.5770323161775,386.0,6.0,7.577032316177499,4.0,0.0,0.0,0.0,0.0
1577.0,stop,7.5770323161775,387.0,6.0,7.577032316177499,4.0,0.0,0.0,0.0,0.0
1578.0,stop,7.822004351855668,388.0,8.0,7.822004351855668,2.0,0.0,0.0,0.0,0.0
1579.0,add_cx,7.656492446910905,388.0,9.0,7.822004351855668,2.0,0.0,0.0,0.0,1.0
1580.0,add_rx,7.8158489928714845,388.0,9.0,7.822004351855668,2.0,1.0,0.0,0.0,0.0
1581.0,add_ry,7.82058593090829,388.0,9.0,7.822004351855668,2.0,0.0,1.0,0.0,0.0
1582.0,add_rz,7.822004351855668,388.0,9.0,7.822004351855668,2.0,0.0,0.0,1.0,0.0
1583.0,delete,7.913237338760615,388.0,9.0,7.822004351855668,1.0,0.0,0.0,0.0,0.0
1584.0,swap_cx,7.8085108747139405,388.0,9.0,7.822004351855668,1.0,0.0,0.0,0.0,1.0
1585.0,swap_rx,7.25620166812217,388.0,9.0,7.822004351855668,1.0,1.0,0.0,0.0,0.0
1586.0,swap_ry,7.69575947407783,388.0,9.0,7.822004351855668,1.0,0.0,1.0,0.0,0.0
1587.0,swap_rz,7.808510874713939,388.0,9.0,7.822004351855668,1.0,0.0,0.0,1.0,0.0
1587.0,stop,7.58524729516044,389.0,6.0,7.585247295160442,4.0,0.0,0.0,0.0,0.0
1587.0,stop,7.7552795345539955,390.0,7.0,7.7552795345539955,3.0,0.0,0.0,0.0,0.0
1587.0,stop,7.7552795345539955,391.0,7.0,7.7552795345539955,3.0,0.0,0.0,0.0,0.0
1587.0,stop,7.7552795345539955,392.0,7.0,7.7552795345539955,3.0,0.0,0.0,0.0,0.0
1588.0,change_1,7.822004353369457,393.0,9.0,7.822004353369458,2.0,0.0,0.0,1.0,0.0
1589.0,stop,7.822004353369458,393.0,8.0,7.822004353369458,2.0,0.0,0.0,1.0,0.0
1590.0,add_cx,7.822004353369458,393.0,9.0,7.822004353369458,2.0,0.0,0.0,1.0,1.0
1591.0,add_rx,7.8164218225643864,393.0,9.0,7.822004353369458,2.0,1.0,0.0,1.0,0.0
1592.0,add_ry,7.69260004628899,393.0,9.0,7.822004353369458,2.0,0.0,1.0,1.0,0.0
1593.0,add_rz,7.822004353369457,393.0,9.0,7.822004353369458,2.0,0.0,0.0,2.0,0.0
1594.0,delete,7.822004353369456,393.0,9.0,7.822004353369458,2.0,0.0,0.0,0.0,0.0
1595.0,swap_cx,7.669683500057683,393.0,9.0,7.822004353369458,2.0,0.0,0.0,0.0,1.0
1596.0,swap_rx,7.808510874713942,393.0,9.0,7.822004353369458,1.0,1.0,0.0,1.0,0.0
1597.0,swap_ry,7.835453211802147,393.0,9.0,7.822004353369458,2.0,0.0,1.0,0.0,0.0
1598.0,swap_rz,7.822004353369457,393.0,9.0,7.822004353369458,2.0,0.0,0.0,1.0,0.0
1598.0,stop,7.7552795345539955,394.0,7.0,7.7552795345539955,3.0,0.0,0.0,0.0,0.0
1599.0,stop,7.7552795345539955,395.0,8.0,7.7552795345539955,3.0,0.0,0.0,0.0,1.0
1600.0,add_cx,7.541272242140035,395.0,9.0,7.7552795345539955,3.0,0.0,0.0,0.0,2.0
1601.0,add_rx,7.5813913617274205,395.0,9.0,7.7552795345539955,3.0,1.0,0.0,0.0,1.0
1602.0,add_ry,7.7411139656907215,395.0,9.0,7.7552795345539955,3.0,0.0,1.0,0.0,1.0
1603.0,add_rz,7.755279534553994,395.0,9.0,7.7552795345539955,3.0,0.0,0.0,1.0,1.0
1604.0,delete,7.824995034599562,395.0,9.0,7.7552795345539955,2.0,0.0,0.0,0.0,1.0
1605.0,swap_cx,7.822004353369456,395.0,9.0,7.7552795345539955,2.0,0.0,0.0,0.0,2.0
1606.0,swap_rx,7.824995034599561,395.0,9.0,7.7552795345539955,2.0,1.0,0.0,0.0,1.0
1607.0,swap_ry,7.505830476031372,395.0,9.0,7.7552795345539955,3.0,0.0,1.0,0.0,0.0
1608.0,swap_rz,7.824995034599562,395.0,9.0,7.7552795345539955,2.0,0.0,0.0,1.0,1.0
1608.0,stop,7.58524729516044,396.0,6.0,7.585247295160442,4.0,0.0,0.0,0.0,0.0
1608.0,stop,7.755279533797101,397.0,7.0,7.755279533797101,3.0,0.0,0.0,0.0,0.0
1608.0,stop,7.755279533797101,398.0,7.0,7.755279533797101,3.0,0.0,0.0,0.0,0.0
1608.0,stop,7.755279533797101,399.0,7.0,7.755279533797101,3.0,0.0,0.0,0.0,0.0
1608.0,stop,7.755279533797101,400.0,7.0,7.755279533797101,3.0,0.0,0.0,0.0,0.0
1609.0,stop,7.824995034599562,401.0,8.0,7.824995034599562,2.0,0.0,0.0,0.0,0.0
1610.0,add_cx,7.824995034599562,401.0,9.0,7.824995034599562,2.0,0.0,0.0,0.0,1.0
1611.0,add_rx,7.767753952402146,401.0,9.0,7.824995034599562,2.0,1.0,0.0,0.0,0.0
1612.0,add_ry,7.815224816810595,401.0,9.0,7.824995034599562,2.0,0.0,1.0,0.0,0.0
1613.0,add_rz,7.824995034599561,401.0,9.0,7.824995034599562,2.0,0.0,0.0,1.0,0.0
1614.0,delete,7.913237338760615,401.0,9.0,7.824995034599562,1.0,0.0,0.0,0.0,0.0
1615.0,swap_cx,7.8085108747139405,401.0,9.0,7.824995034599562,1.0,0.0,0.0,0.0,1.0
1616.0,swap_rx,7.784402633855967,401.0,9.0,7.824995034599562,1.0,1.0,0.0,0.0,0.0
1617.0,swap_ry,7.481370470351343,401.0,9.0,7.824995034599562,1.0,0.0,1.0,0.0,0.0
1618.0,swap_rz,7.8085108747139405,401.0,9.0,7.824995034599562,1.0,0.0,0.0,1.0,0.0
1619.0,stop,7.7888918396875635,402.0,8.0,7.7888918396875635,2.0,0.0,0.0,0.0,1.0
1620.0,add_cx,7.718219600532974,402.0,9.0,7.7888918396875635,2.0,0.0,0.0,0.0,2.0
1621.0,add_rx,7.742384464754682,402.0,9.0,7.7888918396875635,2.0,1.0,0.0,0.0,1.0
1622.0,add_ry,7.021262108234302,402.0,9.0,7.7888918396875635,2.0,0.0,1.0,0.0,1.0
1623.0,add_rz,7.7888918396875635,402.0,9.0,7.7888918396875635,2.0,0.0,0.0,1.0,1.0
1624.0,delete,7.913237338760615,402.0,9.0,7.7888918396875635,1.0,0.0,0.0,0.0,1.0
1625.0,swap_cx,7.913237338760615,402.0,9.0,7.7888918396875635,1.0,0.0,0.0,0.0,2.0
1626.0,swap_rx,7.422651985302609,402.0,9.0,7.7888918396875635,1.0,1.0,0.0,0.0,1.0
1627.0,swap_ry,7.846616326614275,402.0,9.0,7.7888918396875635,1.0,0.0,1.0,0.0,1.0
1628.0,swap_rz,7.913237338760614,402.0,9.0,7.7888918396875635,1.0,0.0,0.0,1.0,1.0
1628.0,stop,7.58524729516044,403.0,6.0,7.585247295160442,4.0,0.0,0.0,0.0,0.0
1628.0,stop,7.599065928635252,404.0,7.0,7.599065928635252,3.0,0.0,0.0,0.0,0.0
1628.0,stop,7.7552795345539955,405.0,7.0,7.755279534553995,3.0,0.0,0.0,0.0,0.0
1628.0,stop,7.7552795345539955,406.0,7.0,7.755279534553995,3.0,0.0,0.0,0.0,0.0
1629.0,delete,7.822004353369456,407.0,8.0,7.820164009150575,2.0,0.0,0.0,0.0,0.0
1629.0,stop,7.7552795345539955,408.0,7.0,7.755279534553994,3.0,0.0,0.0,0.0,0.0
1629.0,stop,7.599065928635252,409.0,7.0,7.599065928635252,3.0,0.0,0.0,0.0,0.0
1630.0,delete,7.7888918396875635,410.0,8.0,7.820317371168815,2.0,0.0,0.0,0.0,0.0
1631.0,stop,7.822004353369456,411.0,8.0,7.822004353369456,2.0,0.0,0.0,0.0,0.0
1632.0,add_cx,7.822004353369456,411.0,9.0,7.822004353369456,2.0,0.0,0.0,0.0,1.0
1633.0,add_rx,7.794844466754878,411.0,9.0,7.822004353369456,2.0,1.0,0.0,0.0,0.0
1634.0,add_ry,7.808668948169957,411.0,9.0,7.822004353369456,2.0,0.0,1.0,0.0,0.0
1635.0,add_rz,7.822004353369454,411.0,9.0,7.822004353369456,2.0,0.0,0.0,1.0,0.0
1636.0,delete,7.8085108747139405,411.0,9.0,7.822004353369456,1.0,0.0,0.0,0.0,0.0
1637.0,swap_cx,7.8085108747139405,411.0,9.0,7.822004353369456,1.0,0.0,0.0,0.0,1.0
1638.0,swap_rx,7.8085108747139405,411.0,9.0,7.822004353369456,1.0,1.0,0.0,0.0,0.0
1639.0,swap_ry,7.7625282075851665,411.0,9.0,7.822004353369456,1.0,0.0,1.0,0.0,0.0
1640.0,swap_rz,7.8085108747139405,411.0,9.0,7.822004353369456,1.0,0.0,0.0,1.0,0.0
1640.0,stop,7.7552795345539955,412.0,7.0,7.755279534553994,3.0,0.0,0.0,0.0,0.0
1640.0,stop,7.7552795345539955,413.0,7.0,7.755279534553994,3.0,0.0,0.0,0.0,0.0
1641.0,stop,7.822004351855668,414.0,8.0,7.822004351855668,2.0,0.0,0.0,0.0,1.0
1642.0,add_cx,7.822004351855668,414.0,9.0,7.822004351855668,2.0,0.0,0.0,0.0,2.0
1643.0,add_rx,7.82200435185567,414.0,9.0,7.822004351855668,2.0,1.0,0.0,0.0,1.0
1644.0,add_ry,7.834546179793792,414.0,9.0,7.822004351855668,2.0,0.0,1.0,0.0,1.0
1645.0,add_rz,7.822004352208699,414.0,9.0,7.822004351855668,2.0,0.0,0.0,1.0,1.0
1646.0,delete,7.8085108747139405,414.0,9.0,7.822004351855668,1.0,0.0,0.0,0.0,1.0
1647.0,swap_cx,7.8085108747139405,414.0,9.0,7.822004351855668,1.0,0.0,0.0,0.0,2.0
1648.0,swap_rx,7.816773620467654,414.0,9.0,7.822004351855668,2.0,1.0,0.0,0.0,0.0
1649.0,swap_ry,7.798151042331426,414.0,9.0,7.822004351855668,1.0,0.0,1.0,0.0,1.0
1650.0,swap_rz,7.8085108747139405,414.0,9.0,7.822004351855668,1.0,0.0,0.0,1.0,1.0
1650.0,stop,7.599065928635252,415.0,7.0,7.599065928635252,3.0,0.0,0.0,0.0,0.0
1650.0,stop,7.7552795345539955,416.0,7.0,7.755279534553994,3.0,0.0,0.0,0.0,0.0
1651.0,change_1,7.822004353369458,417.0,9.0,7.822004353369454,2.0,1.0,0.0,0.0,0.0
1652.0,stop,7.822004353369454,417.0,8.0,7.822004353369454,2.0,1.0,0.0,0.0,0.0
1653.0,add_cx,7.822004353369454,417.0,9.0,7.822004353369454,2.0,1.0,0.0,0.0,1.0
1654.0,add_rx,7.821880871246254,417.0,9.0,7.822004353369454,2.0,2.0,0.0,0.0,0.0
1655.0,add_ry,7.822680559776231,417.0,9.0,7.822004353369454,2.0,1.0,1.0,0.0,0.0
1656.0,add_rz,7.822004353369454,417.0,9.0,7.822004353369454,2.0,1.0,0.0,1.0,0.0
1657.0,delete,7.912389649717426,417.0,9.0,7.822004353369454,1.0,1.0,0.0,0.0,0.0
1658.0,swap_cx,7.841479194485186,417.0,9.0,7.822004353369454,1.0,1.0,0.0,0.0,1.0
1659.0,swap_rx,7.912389649752823,417.0,9.0,7.822004353369454,1.0,2.0,0.0,0.0,0.0
1660.0,swap_ry,7.777771848094593,417.0,9.0,7.822004353369454,1.0,1.0,1.0,0.0,0.0
1661.0,swap_rz,7.808510874713937,417.0,9.0,7.822004353369454,1.0,1.0,0.0,1.0,0.0
1661.0,stop,7.7552795345539955,418.0,7.0,7.755279534553993,3.0,0.0,0.0,0.0,0.0
1662.0,delete,7.541325755396835,419.0,8.0,7.788999190909709,2.0,0.0,0.0,0.0,0.0
1662.0,stop,7.7552795345539955,420.0,7.0,7.755279534553993,3.0,0.0,0.0,0.0,0.0
1663.0,stop,7.7888918396875635,421.0,8.0,7.7888918396875635,2.0,0.0,0.0,0.0,0.0
1664.0,add_cx,7.7888918396875635,421.0,9.0,7.7888918396875635,2.0,0.0,0.0,0.0,1.0
1665.0,add_rx,7.463603977070735,421.0,9.0,7.7888918396875635,2.0,1.0,0.0,0.0,0.0
1666.0,add_ry,7.768311886137188,421.0,9.0,7.7888918396875635,2.0,0.0,1.0,0.0,0.0
1667.0,add_rz,7.7888918396875635,421.0,9.0,7.7888918396875635,2.0,0.0,0.0,1.0,0.0
1668.0,delete,7.913237338760615,421.0,9.0,7.7888918396875635,1.0,0.0,0.0,0.0,0.0
1669.0,swap_cx,7.913237338760615,421.0,9.0,7.7888918396875635,1.0,0.0,0.0,0.0,1.0
1670.0,swap_rx,7.8537913613517185,421.0,9.0,7.7888918396875635,1.0,1.0,0.0,0.0,0.0
1671.0,swap_ry,7.76411827602716,421.0,9.0,7.7888918396875635,1.0,0.0,1.0,0.0,0.0
1672.0,swap_rz,7.913237338760613,421.0,9.0,7.7888918396875635,1.0,0.0,0.0,1.0,0.0
1672.0,stop,7.599065929392145,422.0,7.0,7.599065929392145,3.0,0.0,0.0,0.0,0.0
1672.0,stop,7.7552795345539955,423.0,7.0,7.755279534553993,3.0,0.0,0.0,0.0,0.0
1673.0,change_3,7.673219315868753,424.0,9.0,7.669237011653426,3.0,0.0,1.0,0.0,0.0
1674.0,stop,7.669237011653426,424.0,8.0,7.669237011653426,3.0,0.0,1.0,0.0,0.0
1675.0,add_cx,7.669237011653426,424.0,9.0,7.669237011653426,3.0,0.0,1.0,0.0,1.0
1676.0,add_rx,7.513441328573577,424.0,9.0,7.669237011653426,3.0,1.0,1.0,0.0,0.0
1677.0,add_ry,7.618157381999403,424.0,9.0,7.669237011653426,3.0,0.0,2.0,0.0,0.0
1678.0,add_rz,7.6692370116534265,424.0,9.0,7.669237011653426,3.0,0.0,1.0,1.0,0.0
1679.0,delete,7.599065928635252,424.0,9.0,7.669237011653426,3.0,0.0,0.0,0.0,0.0
1680.0,swap_cx,7.571651419157377,424.0,9.0,7.669237011653426,2.0,0.0,1.0,0.0,1.0
1681.0,swap_rx,7.5756950088983865,424.0,9.0,7.669237011653426,3.0,1.0,0.0,0.0,0.0
1682.0,swap_ry,7.637743371009264,424.0,9.0,7.669237011653426,2.0,0.0,2.0,0.0,0.0
1683.0,swap_rz,7.59906592863525,424.0,9.0,7.669237011653426,3.0,0.0,0.0,1.0,0.0
1683.0,stop,7.58524729516044,425.0,6.0,7.585247295160442,4.0,0.0,0.0,0.0,0.0
1683.0,stop,7.58524729516044,426.0,6.0,7.585247295160442,4.0,0.0,0.0,0.0,0.0
1683.0,stop,7.7552795345539955,427.0,7.0,7.755279534553993,3.0,0.0,0.0,0.0,0.0
1683.0,stop,7.755279533797101,428.0,7.0,7.755279533797102,3.0,0.0,0.0,0.0,0.0
1684.0,stop,7.7888918396875635,429.0,8.0,7.7888918396875635,2.0,0.0,0.0,0.0,1.0
1685.0,add_cx,7.7888918396875635,429.0,9.0,7.7888918396875635,2.0,0.0,0.0,0.0,2.0
1686.0,add_rx,7.782379406900626,429.0,9.0,7.7888918396875635,2.0,1.0,0.0,0.0,1.0
1687.0,add_ry,7.567788877571709,429.0,9.0,7.7888918396875635,2.0,0.0,1.0,0.0,1.0
1688.0,add_rz,7.788891839687565,429.0,9.0,7.7888918396875635,2.0,0.0,0.0,1.0,1.0
1689.0,delete,7.913237338760615,429.0,9.0,7.7888918396875635,1.0,0.0,0.0,0.0,1.0
1690.0,swap_cx,7.527414972100129,429.0,9.0,7.7888918396875635,1.0,0.0,0.0,0.0,2.0
1691.0,swap_rx,7.421760218371491,429.0,9.0,7.7888918396875635,2.0,1.0,0.0,0.0,0.0
1692.0,swap_ry,7.5732804386006585,429.0,9.0,7.7888918396875635,2.0,0.0,1.0,0.0,0.0
1693.0,swap_rz,7.913237338760615,429.0,9.0,7.7888918396875635,1.0,0.0,0.0,1.0,1.0
1693.0,stop,7.755279533797101,430.0,7.0,7.755279533797101,3.0,0.0,0.0,0.0,0.0
1694.0,change_3,7.755279533797103,431.0,9.0,7.755279533797103,3.0,0.0,0.0,1.0,0.0
1695.0,stop,7.755279533797103,431.0,8.0,7.755279533797103,3.0,0.0,0.0,1.0,0.0
1696.0,add_cx,7.538495235556786,431.0,9.0,7.755279533797103,3.0,0.0,0.0,1.0,1.0
1697.0,add_rx,7.73617993137287,431.0,9.0,7.755279533797103,3.0,1.0,0.0,1.0,0.0
1698.0,add_ry,7.740550352438413,431.0,9.0,7.755279533797103,3.0,0.0,1.0,1.0,0.0
1699.0,add_rz,7.755279533797104,431.0,9.0,7.755279533797103,3.0,0.0,0.0,2.0,0.0
1700.0,delete,7.822004351855668,431.0,9.0,7.755279533797103,2.0,0.0,0.0,1.0,0.0
1701.0,swap_cx,7.755279533797101,431.0,9.0,7.755279533797103,3.0,0.0,0.0,0.0,1.0
1702.0,swap_rx,7.765898781271927,431.0,9.0,7.755279533797103,2.0,1.0,0.0,1.0,0.0
1703.0,swap_ry,7.7164604614675625,431.0,9.0,7.755279533797103,3.0,0.0,1.0,0.0,0.0
1704.0,swap_rz,7.75353078283585,431.0,9.0,7.755279533797103,3.0,0.0,0.0,1.0,0.0
1704.0,stop,7.58524729516044,432.0,6.0,7.585247295160441,4.0,0.0,0.0,0.0,0.0
1705.0,stop,7.541325755396835,433.0,8.0,7.541325755396835,2.0,0.0,0.0,0.0,0.0
1706.0,add_cx,7.541325755396835,433.0,9.0,7.541325755396835,2.0,0.0,0.0,0.0,1.0
1707.0,add_rx,7.554004047828671,433.0,9.0,7.541325755396835,2.0,1.0,0.0,0.0,0.0
1708.0,add_ry,7.629205451117604,433.0,9.0,7.541325755396835,2.0,0.0,1.0,0.0,0.0
1709.0,add_rz,7.541325755396835,433.0,9.0,7.541325755396835,2.0,0.0,0.0,1.0,0.0
1710.0,delete,7.8085108747139405,433.0,9.0,7.541325755396835,1.0,0.0,0.0,0.0,0.0
1711.0,swap_cx,7.8085108747139405,433.0,9.0,7.541325755396835,1.0,0.0,0.0,0.0,1.0
1712.0,swap_rx,7.78953780179207,433.0,9.0,7.541325755396835,1.0,1.0,0.0,0.0,0.0
1713.0,swap_ry,7.775253453171807,433.0,9.0,7.541325755396835,1.0,0.0,1.0,0.0,0.0
1714.0,swap_rz,7.8085108747139405,433.0,9.0,7.541325755396835,1.0,0.0,0.0,1.0,0.0
1714.0,stop,7.58524729516044,434.0,6.0,7.58524729516044,4.0,0.0,0.0,0.0,0.0
1714.0,stop,7.7552795345539955,435.0,7.0,7.755279534553993,3.0,0.0,0.0,0.0,0.0
1714.0,stop,7.7552795345539955,436.0,7.0,7.755279534553993,3.0,0.0,0.0,0.0,0.0
1714.0,stop,7.7552795345539955,437.0,7.0,7.755279534553993,3.0,0.0,0.0,0.0,0.0
1714.0,stop,7.7552795345539955,438.0,7.0,7.755279534553994,3.0,0.0,0.0,0.0,0.0
1714.0,stop,7.824995034599562,439.0,8.0,7.824995034599562,2.0,0.0,0.0,0.0,0.0
1715.0,stop,7.8085108747139405,440.0,9.0,7.8085108747139405,1.0,0.0,0.0,0.0,0.0
1716.0,add_cx,7.8085108747139405,440.0,10.0,7.8085108747139405,1.0,0.0,0.0,0.0,1.0
1717.0,add_rx,7.832717264160459,440.0,10.0,7.8085108747139405,1.0,1.0,0.0,0.0,0.0
1718.0,add_ry,7.808767549955767,440.0,10.0,7.8085108747139405,1.0,0.0,1.0,0.0,0.0
1719.0,add_rz,7.8085108747139405,440.0,10.0,7.8085108747139405,1.0,0.0,0.0,1.0,0.0
1720.0,delete,7.952650045445748,440.0,10.0,7.8085108747139405,0.0,0.0,0.0,0.0,0.0
1721.0,swap_cx,7.952650045445748,440.0,10.0,7.8085108747139405,0.0,0.0,0.0,0.0,1.0
1722.0,swap_rx,7.708892893002407,440.0,10.0,7.8085108747139405,0.0,1.0,0.0,0.0,0.0
1723.0,swap_ry,7.875217633826663,440.0,10.0,7.8085108747139405,0.0,0.0,1.0,0.0,0.0
1724.0,swap_rz,7.952650045445747,440.0,10.0,7.8085108747139405,0.0,0.0,0.0,1.0,0.0
1725.0,change_3,7.755279534553996,441.0,9.0,7.755279534553996,3.0,0.0,0.0,1.0,0.0
1726.0,stop,7.755279534553996,441.0,8.0,7.755279534553996,3.0,0.0,0.0,1.0,0.0
1727.0,add_cx,7.755279534553996,441.0,9.0,7.755279534553996,3.0,0.0,0.0,1.0,1.0
1728.0,add_rx,7.202994008830397,441.0,9.0,7.755279534553996,3.0,1.0,0.0,1.0,0.0
1729.0,add_ry,7.173628576132057,441.0,9.0,7.755279534553996,3.0,0.0,1.0,1.0,0.0
1730.0,add_rz,7.75260964711015,441.0,9.0,7.755279534553996,3.0,0.0,0.0,2.0,0.0
1731.0,delete,7.824995034599564,441.0,9.0,7.755279534553996,2.0,0.0,0.0,1.0,0.0
1732.0,swap_cx,7.7552795345539955,441.0,9.0,7.755279534553996,3.0,0.0,0.0,0.0,1.0
1733.0,swap_rx,7.7552795345539955,441.0,9.0,7.755279534553996,3.0,1.0,0.0,0.0,0.0
1734.0,swap_ry,7.053574363495629,441.0,9.0,7.755279534553996,2.0,0.0,1.0,1.0,0.0
1735.0,swap_rz,7.788891839687563,441.0,9.0,7.755279534553996,2.0,0.0,0.0,2.0,0.0
1735.0,stop,7.58524729516044,442.0,6.0,7.58524729516044,4.0,0.0,0.0,0.0,0.0
1735.0,stop,7.755279533797101,443.0,7.0,7.755279533797101,3.0,0.0,0.0,0.0,0.0
1735.0,stop,7.755279533797101,444.0,7.0,7.755279533797101,3.0,0.0,0.0,0.0,0.0
1735.0,stop,7.755279533797101,445.0,7.0,7.755279533797101,3.0,0.0,0.0,0.0,0.0
1735.0,stop,7.755279533797101,446.0,7.0,7.755279533797102,3.0,0.0,0.0,0.0,0.0
1735.0,stop,7.755279533797101,447.0,7.0,7.755279533797102,3.0,0.0,0.0,0.0,0.0
1736.0,delete,7.824995034599562,448.0,8.0,7.74919642333147,2.0,0.0,0.0,0.0,0.0
1737.0,delete,7.7888918396875635,449.0,8.0,7.755512974270478,2.0,0.0,0.0,0.0,0.0
1737.0,stop,7.755279533797101,450.0,7.0,7.755279533797103,3.0,0.0,0.0,0.0,0.0
1738.0,stop,7.824995034599562,451.0,8.0,7.824995034599562,2.0,0.0,0.0,0.0,0.0
1739.0,add_cx,7.677471421843542,451.0,9.0,7.824995034599562,2.0,0.0,0.0,0.0,1.0
1740.0,add_rx,7.34506729737388,451.0,9.0,7.824995034599562,2.0,1.0,0.0,0.0,0.0
1741.0,add_ry,7.823460063907037,451.0,9.0,7.824995034599562,2.0,0.0,1.0,0.0,0.0
1742.0,add_rz,7.824995034599561,451.0,9.0,7.824995034599562,2.0,0.0,0.0,1.0,0.0
1743.0,delete,7.913237338760615,451.0,9.0,7.824995034599562,1.0,0.0,0.0,0.0,0.0
1744.0,swap_cx,7.629969060995622,451.0,9.0,7.824995034599562,1.0,0.0,0.0,0.0,1.0
1745.0,swap_rx,7.913237338760613,451.0,9.0,7.824995034599562,1.0,1.0,0.0,0.0,0.0
1746.0,swap_ry,7.773868252708799,451.0,9.0,7.824995034599562,1.0,0.0,1.0,0.0,0.0
1747.0,swap_rz,7.913237338760616,451.0,9.0,7.824995034599562,1.0,0.0,0.0,1.0,0.0
1747.0,stop,7.755279533797101,452.0,7.0,7.755279533797103,3.0,0.0,0.0,0.0,0.0
1747.0,stop,7.755279533797101,453.0,7.0,7.755279533797103,3.0,0.0,0.0,0.0,0.0
1747.0,stop,7.755279533797101,454.0,7.0,7.755279533797104,3.0,0.0,0.0,0.0,0.0
1747.0,stop,7.755279533797101,455.0,7.0,7.755279533797104,3.0,0.0,0.0,0.0,0.0
1747.0,stop,7.755279533797101,456.0,7.0,7.755279533797104,3.0,0.0,0.0,0.0,0.0
1747.0,stop,7.755279533797101,457.0,7.0,7.755279533797104,3.0,0.0,0.0,0.0,0.0
1747.0,stop,7.755279533797101,458.0,7.0,7.755279533797105,3.0,0.0,0.0,0.0,0.0
1747.0,stop,7.755279533797101,459.0,7.0,7.755279533797105,3.0,0.0,0.0,0.0,0.0
1748.0,change_0,7.7888918396875635,460.0,9.0,7.7888918396875635,2.0,0.0,0.0,1.0,0.0
1749.0,stop,7.7888918396875635,460.0,8.0,7.7888918396875635,2.0,0.0,0.0,1.0,0.0
1750.0,add_cx,7.7888918396875635,460.0,9.0,7.7888918396875635,2.0,0.0,0.0,1.0,1.0
1751.0,add_rx,7.737998479910086,460.0,9.0,7.7888918396875635,2.0,1.0,0.0,1.0,0.0
1752.0,add_ry,7.722067892846983,460.0,9.0,7.7888918396875635,2.0,0.0,1.0,1.0,0.0
1753.0,add_rz,7.788891839687563,460.0,9.0,7.7888918396875635,2.0,0.0,0.0,2.0,0.0
1754.0,delete,7.7888918396875635,460.0,9.0,7.7888918396875635,2.0,0.0,0.0,0.0,0.0
1755.0,swap_cx,7.913237338760615,460.0,9.0,7.7888918396875635,1.0,0.0,0.0,1.0,1.0
1756.0,swap_rx,7.585607315511211,460.0,9.0,7.7888918396875635,2.0,1.0,0.0,0.0,0.0
1757.0,swap_ry,7.836639301651149,460.0,9.0,7.7888918396875635,1.0,0.0,1.0,1.0,0.0
1758.0,swap_rz,7.913237338760613,460.0,9.0,7.7888918396875635,1.0,0.0,0.0,2.0,0.0
1758.0,stop,7.7552795345539955,461.0,7.0,7.755279534553995,3.0,0.0,0.0,0.0,0.0
1758.0,stop,7.7552795345539955,462.0,7.0,7.755279534553995,3.0,0.0,0.0,0.0,0.0
1758.0,stop,7.822004353369456,463.0,8.0,7.822004353369456,2.0,0.0,0.0,0.0,0.0
1759.0,stop,7.8085108747139405,464.0,9.0,7.8085108747139405,1.0,0.0,0.0,0.0,0.0
1760.0,add_cx,7.8085108747139405,464.0,10.0,7.8085108747139405,1.0,0.0,0.0,0.0,1.0
1761.0,add_rx,7.806986597807092,464.0,10.0,7.8085108747139405,1.0,1.0,0.0,0.0,0.0
1762.0,add_ry,7.8081136096397605,464.0,10.0,7.8085108747139405,1.0,0.0,1.0,0.0,0.0
1763.0,add_rz,7.8085108747139405,464.0,10.0,7.8085108747139405,1.0,0.0,0.0,1.0,0.0
1764.0,delete,7.952650045445748,464.0,10.0,7.8085108747139405,0.0,0.0,0.0,0.0,0.0
1765.0,swap_cx,7.789984187021045,464.0,10.0,7.8085108747139405,0.0,0.0,0.0,0.0,1.0
1766.0,swap_rx,7.951306978362427,464.0,10.0,7.8085108747139405,0.0,1.0,0.0,0.0,0.0
1767.0,swap_ry,7.902125765844143,464.0,10.0,7.8085108747139405,0.0,0.0,1.0,0.0,0.0
1768.0,swap_rz,7.952650045445748,464.0,10.0,7.8085108747139405,0.0,0.0,0.0,1.0,0.0
1768.0,stop,7.7552795345539955,465.0,7.0,7.7552795345539955,3.0,0.0,0.0,0.0,0.0
1769.0,stop,7.913237338760615,466.0,9.0,7.913237338760615,1.0,0.0,0.0,0.0,0.0
1770.0,add_cx,7.730771366464514,466.0,10.0,7.913237338760615,1.0,0.0,0.0,0.0,1.0
1771.0,add_rx,7.85751489696345,466.0,10.0,7.913237338760615,1.0,1.0,0.0,0.0,0.0
1772.0,add_ry,7.89586447389218,466.0,10.0,7.913237338760615,1.0,0.0,1.0,0.0,0.0
1773.0,add_rz,7.913237338760615,466.0,10.0,7.913237338760615,1.0,0.0,0.0,1.0,0.0
1774.0,delete,7.952650045445748,466.0,10.0,7.913237338760615,0.0,0.0,0.0,0.0,0.0
1775.0,swap_cx,7.952650045445748,466.0,10.0,7.913237338760615,0.0,0.0,0.0,0.0,1.0
1776.0,swap_rx,7.791656400819866,466.0,10.0,7.913237338760615,0.0,1.0,0.0,0.0,0.0
1777.0,swap_ry,7.925594328352251,466.0,10.0,7.913237338760615,0.0,0.0,1.0,0.0,0.0
1778.0,swap_rz,7.952650045445749,466.0,10.0,7.913237338760615,0.0,0.0,0.0,1.0,0.0
1778.0,stop,7.7888918396875635,467.0,8.0,7.7888918396875635,2.0,0.0,0.0,0.0,0.0
1778.0,stop,7.7552795345539955,468.0,7.0,7.7552795345539955,3.0,0.0,0.0,0.0,0.0
1778.0,stop,7.7888918396875635,469.0,8.0,7.7888918396875635,2.0,0.0,0.0,0.0,0.0
1778.0,stop,7.824995034599562,470.0,8.0,7.824995034599562,2.0,0.0,0.0,0.0,0.0
1778.0,stop,7.822004353369456,471.0,8.0,7.822004353369456,2.0,0.0,0.0,0.0,0.0
1778.0,stop,7.7552795345539955,472.0,7.0,7.755279534553996,3.0,0.0,0.0,0.0,0.0
1779.0,stop,7.913237338760615,473.0,9.0,7.913237338760615,1.0,0.0,0.0,0.0,1.0
1780.0,add_cx,7.913237338760615,473.0,10.0,7.913237338760615,1.0,0.0,0.0,0.0,2.0
1781.0,add_rx,7.9132373387606165,473.0,10.0,7.913237338760615,1.0,1.0,0.0,0.0,1.0
1782.0,add_ry,7.536815741766638,473.0,10.0,7.913237338760615,1.0,0.0,1.0,0.0,1.0
1783.0,add_rz,7.913237338760615,473.0,10.0,7.913237338760615,1.0,0.0,0.0,1.0,1.0
1784.0,delete,7.913237338760615,473.0,10.0,7.913237338760615,1.0,0.0,0.0,0.0,0.0
1785.0,swap_cx,7.952650045445748,473.0,10.0,7.913237338760615,0.0,0.0,0.0,0.0,2.0
1786.0,swap_rx,7.795454520567699,473.0,10.0,7.913237338760615,0.0,1.0,0.0,0.0,1.0
1787.0,swap_ry,7.810909210911198,473.0,10.0,7.913237338760615,0.0,0.0,1.0,0.0,1.0
1788.0,swap_rz,7.913237338760613,473.0,10.0,7.913237338760615,1.0,0.0,0.0,1.0,0.0
1788.0,stop,7.7552795345539955,474.0,7.0,7.755279534553996,3.0,0.0,0.0,0.0,0.0
1788.0,stop,7.824995034599562,475.0,8.0,7.824995034599563,2.0,0.0,0.0,0.0,0.0
1788.0,stop,7.822004353369456,476.0,8.0,7.822004353369455,2.0,0.0,0.0,0.0,0.0
1789.0,change_0,7.913237338760615,477.0,10.0,7.913237338760616,1.0,0.0,0.0,1.0,0.0
1790.0,stop,7.913237338760616,477.0,9.0,7.913237338760616,1.0,0.0,0.0,1.0,0.0
1791.0,add_cx,7.913237338760616,477.0,10.0,7.913237338760616,1.0,0.0,0.0,1.0,1.0
1792.0,add_rx,7.631365602017056,477.0,10.0,7.913237338760616,1.0,1.0,0.0,1.0,0.0
1793.0,add_ry,7.668250600967108,477.0,10.0,7.913237338760616,1.0,0.0,1.0,1.0,0.0
1794.0,add_rz,7.913237338760615,477.0,10.0,7.913237338760616,1.0,0.0,0.0,2.0,0.0
1795.0,delete,7.952650045445748,477.0,10.0,7.913237338760616,0.0,0.0,0.0,1.0,0.0
1796.0,swap_cx,7.873824632075484,477.0,10.0,7.913237338760616,0.0,0.0,0.0,1.0,1.0
1797.0,swap_rx,7.879116739342366,477.0,10.0,7.913237338760616,1.0,1.0,0.0,0.0,0.0
1798.0,swap_ry,7.872329889113464,477.0,10.0,7.913237338760616,1.0,0.0,1.0,0.0,0.0
1799.0,swap_rz,7.95265004544575,477.0,10.0,7.913237338760616,0.0,0.0,0.0,2.0,0.0
1799.0,stop,7.7552795345539955,478.0,7.0,7.755279534553997,3.0,0.0,0.0,0.0,0.0
1799.0,stop,7.822004353369456,479.0,8.0,7.822004353369455,2.0,0.0,0.0,0.0,0.0
1799.0,stop,7.7552795345539955,480.0,7.0,7.755279534553997,3.0,0.0,0.0,0.0,0.0
1800.0,stop,7.822004353369456,481.0,9.0,7.822004353369456,2.0,0.0,0.0,0.0,1.0
1801.0,add_cx,7.822004353369456,481.0,10.0,7.822004353369456,2.0,0.0,0.0,0.0,2.0
1802.0,add_rx,7.781948362687354,481.0,10.0,7.822004353369456,2.0,1.0,0.0,0.0,1.0
1803.0,add_ry,7.508295040781353,481.0,10.0,7.822004353369456,2.0,0.0,1.0,0.0,1.0
1804.0,add_rz,7.822004353369456,481.0,10.0,7.822004353369456,2.0,0.0,0.0,1.0,1.0
1805.0,delete,7.822004353369456,481.0,10.0,7.822004353369456,2.0,0.0,0.0,0.0,0.0
1806.0,swap_cx,7.822004353369456,481.0,10.0,7.822004353369456,2.0,0.0,0.0,0.0,1.0
1807.0,swap_rx,7.807578503343996,481.0,10.0,7.822004353369456,1.0,1.0,0.0,0.0,1.0
1808.0,swap_ry,7.781918072979195,481.0,10.0,7.822004353369456,1.0,0.0,1.0,0.0,1.0
1809.0,swap_rz,7.822004353369454,481.0,10.0,7.822004353369456,2.0,0.0,0.0,1.0,0.0
1810.0,change_2,7.678384804352969,482.0,9.0,7.6776071432192765,2.0,0.0,1.0,0.0,0.0
1811.0,stop,7.6776071432192765,482.0,8.0,7.6776071432192765,2.0,0.0,1.0,0.0,0.0
1812.0,add_cx,7.380066352617194,482.0,9.0,7.6776071432192765,2.0,0.0,1.0,0.0,1.0
1813.0,add_rx,7.282867206742916,482.0,9.0,7.6776071432192765,2.0,1.0,1.0,0.0,0.0
1814.0,add_ry,7.666014107528191,482.0,9.0,7.6776071432192765,2.0,0.0,2.0,0.0,0.0
1815.0,add_rz,7.677607143219275,482.0,9.0,7.6776071432192765,2.0,0.0,1.0,1.0,0.0
1816.0,delete,7.824995034599562,482.0,9.0,7.6776071432192765,2.0,0.0,0.0,0.0,0.0
1817.0,swap_cx,7.630229667142945,482.0,9.0,7.6776071432192765,1.0,0.0,1.0,0.0,1.0
1818.0,swap_rx,7.781614448732576,482.0,9.0,7.6776071432192765,1.0,1.0,1.0,0.0,0.0
1819.0,swap_ry,7.823723697063895,482.0,9.0,7.6776071432192765,2.0,0.0,1.0,0.0,0.0
1820.0,swap_rz,7.630229667142944,482.0,9.0,7.6776071432192765,1.0,0.0,1.0,1.0,0.0
1820.0,stop,7.755279533797101,483.0,7.0,7.755279533797105,3.0,0.0,0.0,0.0,0.0
1821.0,stop,7.7888918396875635,484.0,8.0,7.7888918396875635,2.0,0.0,0.0,0.0,0.0
1822.0,add_cx,7.505959022629723,484.0,9.0,7.7888918396875635,2.0,0.0,0.0,0.0,1.0
1823.0,add_rx,7.706001403415399,484.0,9.0,7.7888918396875635,2.0,1.0,0.0,0.0,0.0
1824.0,add_ry,7.51240825938234,484.0,9.0,7.7888918396875635,2.0,0.0,1.0,0.0,0.0
1825.0,add_rz,7.788891839687565,484.0,9.0,7.7888918396875635,2.0,0.0,0.0,1.0,0.0
1826.0,delete,7.913237338760615,484.0,9.0,7.7888918396875635,1.0,0.0,0.0,0.0,0.0
1827.0,swap_cx,7.913237338760615,484.0,9.0,7.7888918396875635,1.0,0.0,0.0,0.0,1.0
1828.0,swap_rx,7.637585671518153,484.0,9.0,7.7888918396875635,1.0,1.0,0.0,0.0,0.0
1829.0,swap_ry,7.870424967002725,484.0,9.0,7.7888918396875635,1.0,0.0,1.0,0.0,0.0
1830.0,swap_rz,7.913237338760615,484.0,9.0,7.7888918396875635,1.0,0.0,0.0,1.0,0.0
1830.0,stop,7.7552795345539955,485.0,7.0,7.755279534553998,3.0,0.0,0.0,0.0,0.0
1830.0,stop,7.599065929392145,486.0,7.0,7.599065929392145,3.0,0.0,0.0,0.0,0.0
1830.0,stop,7.7552795345539955,487.0,7.0,7.755279534553998,3.0,0.0,0.0,0.0,0.0
1830.0,stop,7.7552795345539955,488.0,7.0,7.755279534553998,3.0,0.0,0.0,0.0,0.0
1830.0,stop,7.7888918396875635,489.0,8.0,7.788891839687563,2.0,0.0,0.0,0.0,0.0
1830.0,stop,7.7552795345539955,490.0,7.0,7.755279534553998,3.0,0.0,0.0,0.0,0.0
1830.0,stop,7.824995034599562,491.0,8.0,7.824995034599563,2.0,0.0,0.0,0.0,0.0
1830.0,stop,7.7888918396875635,492.0,8.0,7.788891839687563,2.0,0.0,0.0,0.0,0.0
1831.0,stop,7.824995034599562,493.0,9.0,7.824995034599562,2.0,0.0,0.0,0.0,1.0
1832.0,add_cx,7.486877516020758,493.0,10.0,7.824995034599562,2.0,0.0,0.0,0.0,2.0
1833.0,add_rx,7.824471299074691,493.0,10.0,7.824995034599562,2.0,1.0,0.0,0.0,1.0
1834.0,add_ry,7.708663399156232,493.0,10.0,7.824995034599562,2.0,0.0,1.0,0.0,1.0
1835.0,add_rz,7.824995034599562,493.0,10.0,7.824995034599562,2.0,0.0,0.0,1.0,1.0
1836.0,delete,7.824995034599562,493.0,10.0,7.824995034599562,2.0,0.0,0.0,0.0,0.0
1837.0,swap_cx,7.8085108747139405,493.0,10.0,7.824995034599562,1.0,0.0,0.0,0.0,2.0
1838.0,swap_rx,7.854697619560644,493.0,10.0,7.824995034599562,1.0,1.0,0.0,0.0,1.0
1839.0,swap_ry,7.641644498522098,493.0,10.0,7.824995034599562,1.0,0.0,1.0,0.0,1.0
1840.0,swap_rz,7.824995034599562,493.0,10.0,7.824995034599562,2.0,0.0,0.0,1.0,0.0
1840.0,stop,7.755279533797101,494.0,7.0,7.755279533797105,3.0,0.0,0.0,0.0,0.0
1841.0,stop,7.755279533797101,495.0,8.0,7.755279533797101,3.0,0.0,0.0,0.0,1.0
1842.0,add_cx,7.538495235556785,495.0,9.0,7.755279533797101,3.0,0.0,0.0,0.0,2.0
1843.0,add_rx,7.481504091363927,495.0,9.0,7.755279533797101,3.0,1.0,0.0,0.0,1.0
1844.0,add_ry,7.44077596571026,495.0,9.0,7.755279533797101,3.0,0.0,1.0,0.0,1.0
1845.0,add_rz,7.755279533797101,495.0,9.0,7.755279533797101,3.0,0.0,0.0,1.0,1.0
1846.0,delete,7.824995034599562,495.0,9.0,7.755279533797101,2.0,0.0,0.0,0.0,1.0
1847.0,swap_cx,7.541272242140035,495.0,9.0,7.755279533797101,3.0,0.0,0.0,0.0,1.0
1848.0,swap_rx,7.822004351855667,495.0,9.0,7.755279533797101,2.0,1.0,0.0,0.0,1.0
1849.0,swap_ry,7.489924408945936,495.0,9.0,7.755279533797101,2.0,0.0,1.0,0.0,1.0
1850.0,swap_rz,7.755279533797101,495.0,9.0,7.755279533797101,3.0,0.0,0.0,1.0,0.0
1850.0,stop,7.7552795345539955,496.0,7.0,7.755279534553999,3.0,0.0,0.0,0.0,0.0
1850.0,stop,7.7552795345539955,497.0,7.0,7.755279534553999,3.0,0.0,0.0,0.0,0.0
1851.0,delete,7.822004351855668,498.0,8.0,7.768359737950303,2.0,0.0,0.0,0.0,0.0
1851.0,stop,7.599065928635252,499.0,7.0,7.599065928635252,3.0,0.0,0.0,0.0,0.0
1851.0,stop,7.58524729516044,500.0,6.0,7.585247295160439,4.0,0.0,0.0,0.0,0.0
1851.0,stop,7.7552795345539955,501.0,7.0,7.755279534553999,3.0,0.0,0.0,0.0,0.0
1851.0,stop,7.7552795345539955,502.0,7.0,7.755279534553999,3.0,0.0,0.0,0.0,0.0
1851.0,stop,7.7888918396875635,503.0,8.0,7.788891839687563,2.0,0.0,0.0,0.0,0.0
1851.0,stop,7.7552795345539955,504.0,7.0,7.755279534554,3.0,0.0,0.0,0.0,0.0
1852.0,delete,7.913237338760615,505.0,9.0,7.890823965373759,1.0,0.0,0.0,0.0,0.0
1853.0,stop,7.913237338760615,506.0,9.0,7.913237338760615,1.0,0.0,0.0,0.0,0.0
1854.0,add_cx,7.609272802160504,506.0,10.0,7.913237338760615,1.0,0.0,0.0,0.0,1.0
1855.0,add_rx,7.362542734269766,506.0,10.0,7.913237338760615,1.0,1.0,0.0,0.0,0.0
1856.0,add_ry,7.362711139182171,506.0,10.0,7.913237338760615,1.0,0.0,1.0,0.0,0.0
1857.0,add_rz,7.913237338760615,506.0,10.0,7.913237338760615,1.0,0.0,0.0,1.0,0.0
1858.0,delete,7.952650045445748,506.0,10.0,7.913237338760615,0.0,0.0,0.0,0.0,0.0
1859.0,swap_cx,7.952650045445748,506.0,10.0,7.913237338760615,0.0,0.0,0.0,0.0,1.0
1860.0,swap_rx,7.861428200213081,506.0,10.0,7.913237338760615,0.0,1.0,0.0,0.0,0.0
1861.0,swap_ry,7.467150187024307,506.0,10.0,7.913237338760615,0.0,0.0,1.0,0.0,0.0
1862.0,swap_rz,7.952650045445747,506.0,10.0,7.913237338760615,0.0,0.0,0.0,1.0,0.0
1863.0,stop,7.824995034599562,507.0,8.0,7.824995034599562,2.0,0.0,0.0,0.0,1.0
1864.0,add_cx,7.5535243447580305,507.0,9.0,7.824995034599562,2.0,0.0,0.0,0.0,2.0
1865.0,add_rx,7.662061738860254,507.0,9.0,7.824995034599562,2.0,1.0,0.0,0.0,1.0
1866.0,add_ry,7.7946559070884405,507.0,9.0,7.824995034599562,2.0,0.0,1.0,0.0,1.0
1867.0,add_rz,7.824995034599562,507.0,9.0,7.824995034599562,2.0,0.0,0.0,1.0,1.0
1868.0,delete,7.824995034599562,507.0,9.0,7.824995034599562,2.0,0.0,0.0,0.0,0.0
1869.0,swap_cx,7.8085108747139405,507.0,9.0,7.824995034599562,1.0,0.0,0.0,0.0,2.0
1870.0,swap_rx,7.863084983166528,507.0,9.0,7.824995034599562,1.0,1.0,0.0,0.0,1.0
1871.0,swap_ry,7.813670319273205,507.0,9.0,7.824995034599562,1.0,0.0,1.0,0.0,1.0
1872.0,swap_rz,7.9132373387606165,507.0,9.0,7.824995034599562,1.0,0.0,0.0,1.0,1.0
1872.0,stop,7.599065929392145,508.0,7.0,7.599065929392144,3.0,0.0,0.0,0.0,0.0
1872.0,stop,7.599065929392145,509.0,7.0,7.599065929392144,3.0,0.0,0.0,0.0,0.0
1873.0,change_0,7.822004353369457,510.0,9.0,7.822004353369456,2.0,0.0,0.0,1.0,0.0
1874.0,stop,7.822004353369456,510.0,8.0,7.822004353369456,2.0,0.0,0.0,1.0,0.0
1875.0,add_cx,7.822004353369456,510.0,9.0,7.822004353369456,2.0,0.0,0.0,1.0,1.0
1876.0,add_rx,7.808993475175788,510.0,9.0,7.822004353369456,2.0,1.0,0.0,1.0,0.0
1877.0,add_ry,7.831796051435461,510.0,9.0,7.822004353369456,2.0,0.0,1.0,1.0,0.0
1878.0,add_rz,7.822004353369457,510.0,9.0,7.822004353369456,2.0,0.0,0.0,2.0,0.0
1879.0,delete,7.80851087471394,510.0,9.0,7.822004353369456,1.0,0.0,0.0,1.0,0.0
1880.0,swap_cx,7.80851087471394,510.0,9.0,7.822004353369456,1.0,0.0,0.0,1.0,1.0
1881.0,swap_rx,7.849489713726073,510.0,9.0,7.822004353369456,1.0,1.0,0.0,1.0,0.0
1882.0,swap_ry,7.6822376419758776,510.0,9.0,7.822004353369456,2.0,0.0,1.0,0.0,0.0
1883.0,swap_rz,7.822004353369454,510.0,9.0,7.822004353369456,2.0,0.0,0.0,1.0,0.0
1884.0,change_3,7.627472242679072,511.0,9.0,7.62866623400175,3.0,0.0,1.0,0.0,0.0
1885.0,stop,7.62866623400175,511.0,8.0,7.62866623400175,3.0,0.0,1.0,0.0,0.0
1886.0,add_cx,7.367018214001437,511.0,9.0,7.62866623400175,3.0,0.0,1.0,0.0,1.0
1887.0,add_rx,7.366782576112882,511.0,9.0,7.62866623400175,3.0,1.0,1.0,0.0,0.0
1888.0,add_ry,7.746680997035071,511.0,9.0,7.62866623400175,3.0,0.0,2.0,0.0,0.0
1889.0,add_rz,7.646578760229111,511.0,9.0,7.62866623400175,3.0,0.0,1.0,1.0,0.0
1890.0,delete,7.831781376877942,511.0,9.0,7.62866623400175,2.0,0.0,1.0,0.0,0.0
1891.0,swap_cx,7.827559465615078,511.0,9.0,7.62866623400175,2.0,0.0,1.0,0.0,1.0
1892.0,swap_rx,7.667769813320097,511.0,9.0,7.62866623400175,2.0,1.0,1.0,0.0,0.0
1893.0,swap_ry,7.542522051292286,511.0,9.0,7.62866623400175,2.0,0.0,2.0,0.0,0.0
1894.0,swap_rz,7.8317813768779425,511.0,9.0,7.62866623400175,2.0,0.0,1.0,1.0,0.0
1894.0,stop,7.58524729516044,512.0,6.0,7.585247295160439,4.0,0.0,0.0,0.0,0.0
1895.0,stop,7.822004351855668,513.0,8.0,7.822004351855668,2.0,0.0,0.0,0.0,0.0
1896.0,add_cx,7.822004351855668,513.0,9.0,7.822004351855668,2.0,0.0,0.0,0.0,1.0
1897.0,add_rx,7.566905774781098,513.0,9.0,7.822004351855668,2.0,1.0,0.0,0.0,0.0
1898.0,add_ry,7.7347589027014685,513.0,9.0,7.822004351855668,2.0,0.0,1.0,0.0,0.0
1899.0,add_rz,7.822004351855668,513.0,9.0,7.822004351855668,2.0,0.0,0.0,1.0,0.0
1900.0,delete,7.8085108747139405,513.0,9.0,7.822004351855668,1.0,0.0,0.0,0.0,0.0
1901.0,swap_cx,7.913237338760615,513.0,9.0,7.822004351855668,1.0,0.0,0.0,0.0,1.0
1902.0,swap_rx,7.622000459338638,513.0,9.0,7.822004351855668,1.0,1.0,0.0,0.0,0.0
1903.0,swap_ry,7.431082818725995,513.0,9.0,7.822004351855668,1.0,0.0,1.0,0.0,0.0
1904.0,swap_rz,7.8085108747139405,513.0,9.0,7.822004351855668,1.0,0.0,0.0,1.0,0.0
1904.0,stop,7.7552795345539955,514.0,7.0,7.755279534554,3.0,0.0,0.0,0.0,0.0
1904.0,stop,7.7552795345539955,515.0,7.0,7.755279534554,3.0,0.0,0.0,0.0,0.0
1904.0,stop,7.7552795345539955,516.0,7.0,7.755279534554,3.0,0.0,0.0,0.0,0.0
1904.0,stop,7.7552795345539955,517.0,7.0,7.755279534554,3.0,0.0,0.0,0.0,0.0
1904.0,stop,7.7552795345539955,518.0,7.0,7.755279534554001,3.0,0.0,0.0,0.0,0.0
1905.0,stop,7.8085108747139405,519.0,9.0,7.8085108747139405,1.0,0.0,0.0,0.0,1.0
1906.0,add_cx,7.8085108747139405,519.0,10.0,7.8085108747139405,1.0,0.0,0.0,0.0,2.0
1907.0,add_rx,7.805250926498716,519.0,10.0,7.8085108747139405,1.0,1.0,0.0,0.0,1.0
1908.0,add_ry,7.8325988983517245,519.0,10.0,7.8085108747139405,1.0,0.0,1.0,0.0,1.0
1909.0,add_rz,7.8085108747139405,519.0,10.0,7.8085108747139405,1.0,0.0,0.0,1.0,1.0
1910.0,delete,7.8085108747139405,519.0,10.0,7.8085108747139405,1.0,0.0,0.0,0.0,0.0
1911.0,swap_cx,7.952650045445748,519.0,10.0,7.8085108747139405,0.0,0.0,0.0,0.0,2.0
1912.0,swap_rx,7.8085108747139405,519.0,10.0,7.8085108747139405,1.0,1.0,0.0,0.0,0.0
1913.0,swap_ry,7.688228440405936,519.0,10.0,7.8085108747139405,0.0,0.0,1.0,0.0,1.0
1914.0,swap_rz,7.952650045445748,519.0,10.0,7.8085108747139405,0.0,0.0,0.0,1.0,1.0
1914.0,stop,7.7552795345539955,520.0,7.0,7.755279534554001,3.0,0.0,0.0,0.0,0.0
1914.0,stop,7.7552795345539955,521.0,7.0,7.755279534554001,3.0,0.0,0.0,0.0,0.0
1914.0,stop,7.824995034599562,522.0,8.0,7.824995034599563,2.0,0.0,0.0,0.0,0.0
1914.0,stop,7.824995034599562,523.0,8.0,7.824995034599563,2.0,0.0,0.0,0.0,0.0
1914.0,stop,7.824995034599562,524.0,8.0,7.824995034599562,2.0,0.0,0.0,0.0,0.0
1914.0,stop,7.824995034599562,525.0,8.0,7.824995034599562,2.0,0.0,0.0,0.0,0.0
1914.0,stop,7.822004353369456,526.0,8.0,7.822004353369455,2.0,0.0,0.0,0.0,0.0
1914.0,stop,7.824995034599562,527.0,8.0,7.824995034599563,2.0,0.0,0.0,0.0,0.0
1914.0,stop,7.7552795345539955,528.0,7.0,7.755279534554001,3.0,0.0,0.0,0.0,0.0
1914.0,stop,7.822004353369456,529.0,8.0,7.822004353369455,2.0,0.0,0.0,0.0,0.0
1915.0,delete,7.913237338760615,530.0,9.0,7.847053543285301,1.0,0.0,0.0,0.0,0.0
1916.0,stop,7.913237338760615,531.0,9.0,7.913237338760615,1.0,0.0,0.0,0.0,0.0
1917.0,add_cx,7.913237338760615,531.0,10.0,7.913237338760615,1.0,0.0,0.0,0.0,1.0
1918.0,add_rx,7.609321393258234,531.0,10.0,7.913237338760615,1.0,1.0,0.0,0.0,0.0
1919.0,add_ry,7.696297964600164,531.0,10.0,7.913237338760615,1.0,0.0,1.0,0.0,0.0
1920.0,add_rz,7.913237338760616,531.0,10.0,7.913237338760615,1.0,0.0,0.0,1.0,0.0
1921.0,delete,7.952650045445748,531.0,10.0,7.913237338760615,0.0,0.0,0.0,0.0,0.0
1922.0,swap_cx,7.952650045445748,531.0,10.0,7.913237338760615,0.0,0.0,0.0,0.0,1.0
1923.0,swap_rx,7.945242889083908,531.0,10.0,7.913237338760615,0.0,1.0,0.0,0.0,0.0
1924.0,swap_ry,7.950183823261377,531.0,10.0,7.913237338760615,0.0,0.0,1.0,0.0,0.0
1925.0,swap_rz,7.952650045445749,531.0,10.0,7.913237338760615,0.0,0.0,0.0,1.0,0.0
1925.0,stop,7.822004353369456,532.0,8.0,7.822004353369456,2.0,0.0,0.0,0.0,0.0
1925.0,stop,7.824995034599562,533.0,8.0,7.824995034599563,2.0,0.0,0.0,0.0,0.0
1925.0,stop,7.822004353369456,534.0,8.0,7.822004353369456,2.0,0.0,0.0,0.0,0.0
1925.0,stop,7.7888918396875635,535.0,8.0,7.788891839687563,2.0,0.0,0.0,0.0,0.0
1925.0,stop,7.824995034599562,536.0,8.0,7.824995034599564,2.0,0.0,0.0,0.0,0.0
1926.0,delete,7.913237338760615,537.0,9.0,7.854350975311067,1.0,0.0,0.0,0.0,0.0
1927.0,stop,7.913237338760615,538.0,9.0,7.913237338760615,1.0,0.0,0.0,0.0,0.0
1928.0,add_cx,7.913237338760615,538.0,10.0,7.913237338760615,1.0,0.0,0.0,0.0,1.0
1929.0,add_rx,7.620371221480484,538.0,10.0,7.913237338760615,1.0,1.0,0.0,0.0,0.0
1930.0,add_ry,7.794820731509873,538.0,10.0,7.913237338760615,1.0,0.0,1.0,0.0,0.0
1931.0,add_rz,7.913237338760613,538.0,10.0,7.913237338760615,1.0,0.0,0.0,1.0,0.0
1932.0,delete,7.952650045445748,538.0,10.0,7.913237338760615,0.0,0.0,0.0,0.0,0.0
1933.0,swap_cx,7.873824632075483,538.0,10.0,7.913237338760615,0.0,0.0,0.0,0.0,1.0
1934.0,swap_rx,7.951331869333466,538.0,10.0,7.913237338760615,0.0,1.0,0.0,0.0,0.0
1935.0,swap_ry,7.874717126701048,538.0,10.0,7.913237338760615,0.0,0.0,1.0,0.0,0.0
1936.0,swap_rz,7.952650045445747,538.0,10.0,7.913237338760615,0.0,0.0,0.0,1.0,0.0
1937.0,change_1,7.830273452733158,539.0,10.0,7.827631222843461,1.0,1.0,0.0,0.0,0.0
1938.0,stop,7.827631222843461,539.0,9.0,7.827631222843461,1.0,1.0,0.0,0.0,0.0
1939.0,add_cx,7.660820568330081,539.0,10.0,7.827631222843461,1.0,1.0,0.0,0.0,1.0
1940.0,add_rx,7.831759070285317,539.0,10.0,7.827631222843461,1.0,2.0,0.0,0.0,0.0
1941.0,add_ry,7.815426073009601,539.0,10.0,7.827631222843461,1.0,1.0,1.0,0.0,0.0
1942.0,add_rz,7.827631222843461,539.0,10.0,7.827631222843461,1.0,1.0,0.0,1.0,0.0
1943.0,delete,7.8085108747139405,539.0,10.0,7.827631222843461,1.0,0.0,0.0,0.0,0.0
1944.0,swap_cx,7.8085108747139405,539.0,10.0,7.827631222843461,1.0,0.0,0.0,0.0,1.0
1945.0,swap_rx,7.90069058001677,539.0,10.0,7.827631222843461,0.0,2.0,0.0,0.0,0.0
1946.0,swap_ry,7.889539776087336,539.0,10.0,7.827631222843461,0.0,1.0,1.0,0.0,0.0
1947.0,swap_rz,7.80851087471394,539.0,10.0,7.827631222843461,1.0,0.0,0.0,1.0,0.0
1947.0,stop,7.7552795345539955,540.0,7.0,7.755279534554001,3.0,0.0,0.0,0.0,0.0
1948.0,stop,7.7888918396875635,541.0,9.0,7.7888918396875635,2.0,0.0,0.0,0.0,1.0
1949.0,add_cx,7.004639136332949,541.0,10.0,7.7888918396875635,2.0,0.0,0.0,0.0,2.0
1950.0,add_rx,7.756557363954664,541.0,10.0,7.7888918396875635,2.0,1.0,0.0,0.0,1.0
1951.0,add_ry,7.773704009177663,541.0,10.0,7.7888918396875635,2.0,0.0,1.0,0.0,1.0
1952.0,add_rz,7.788891839687565,541.0,10.0,7.7888918396875635,2.0,0.0,0.0,1.0,1.0
1953.0,delete,7.664546340614518,541.0,10.0,7.7888918396875635,1.0,0.0,0.0,0.0,1.0
1954.0,swap_cx,7.664546340614518,541.0,10.0,7.7888918396875635,1.0,0.0,0.0,0.0,2.0
1955.0,swap_rx,7.667678561352185,541.0,10.0,7.7888918396875635,1.0,1.0,0.0,0.0,1.0
1956.0,swap_ry,7.82665962190783,541.0,10.0,7.7888918396875635,1.0,0.0,1.0,0.0,1.0
1957.0,swap_rz,7.664546340614518,541.0,10.0,7.7888918396875635,1.0,0.0,0.0,1.0,1.0
1957.0,stop,7.7552795345539955,542.0,7.0,7.755279534554001,3.0,0.0,0.0,0.0,0.0
1957.0,stop,7.7552795345539955,543.0,7.0,7.755279534554001,3.0,0.0,0.0,0.0,0.0
1957.0,stop,7.7552795345539955,544.0,7.0,7.755279534554002,3.0,0.0,0.0,0.0,0.0
1957.0,stop,7.7552795345539955,545.0,7.0,7.755279534554002,3.0,0.0,0.0,0.0,0.0
1957.0,stop,7.7552795345539955,546.0,7.0,7.755279534554002,3.0,0.0,0.0,0.0,0.0
1957.0,stop,7.7552795345539955,547.0,7.0,7.755279534554002,3.0,0.0,0.0,0.0,0.0
1957.0,stop,7.7552795345539955,548.0,7.0,7.755279534554002,3.0,0.0,0.0,0.0,0.0
1957.0,stop,7.7552795345539955,549.0,7.0,7.755279534554002,3.0,0.0,0.0,0.0,0.0
1958.0,swap_rx,7.79952823975834,550.0,8.0,7.8339270345528105,2.0,1.0,0.0,0.0,0.0
1958.0,stop,7.822004353369456,551.0,8.0,7.822004353369455,2.0,0.0,0.0,0.0,0.0
1959.0,swap_rx,7.392417768375488,552.0,8.0,7.831280973414774,2.0,1.0,0.0,0.0,0.0
1959.0,stop,7.822004353369456,553.0,8.0,7.822004353369455,2.0,0.0,0.0,0.0,0.0
1959.0,stop,7.822004353369456,554.0,8.0,7.822004353369454,2.0,0.0,0.0,0.0,0.0
1959.0,stop,7.822004353369456,555.0,8.0,7.822004353369454,2.0,0.0,0.0,0.0,0.0
1959.0,stop,7.822004353369456,556.0,8.0,7.822004353369454,2.0,0.0,0.0,0.0,0.0
1959.0,stop,7.7552795345539955,557.0,7.0,7.755279534554002,3.0,0.0,0.0,0.0,0.0
1960.0,stop,7.952650045445748,558.0,10.0,7.952650045445748,0.0,0.0,0.0,0.0,0.0
1961.0,add_cx,7.873824632075484,558.0,11.0,7.952650045445748,0.0,0.0,0.0,0.0,1.0
1962.0,add_rx,7.622306918127542,558.0,11.0,7.952650045445748,0.0,1.0,0.0,0.0,0.0
1963.0,add_ry,7.694920782905375,558.0,11.0,7.952650045445748,0.0,0.0,1.0,0.0,0.0
1964.0,add_rz,7.952650045445748,558.0,11.0,7.952650045445748,0.0,0.0,0.0,1.0,0.0
1964.0,stop,7.822004353369456,559.0,8.0,7.822004353369453,2.0,0.0,0.0,0.0,0.0
1964.0,stop,7.824995034599562,560.0,8.0,7.824995034599564,2.0,0.0,0.0,0.0,0.0
1964.0,stop,7.7552795345539955,561.0,7.0,7.755279534554002,3.0,0.0,0.0,0.0,0.0
1965.0,change_1,7.808510874713942,562.0,10.0,7.8085108747139405,1.0,1.0,0.0,0.0,0.0
1966.0,stop,7.8085108747139405,562.0,9.0,7.8085108747139405,1.0,1.0,0.0,0.0,0.0
1967.0,add_cx,7.530706174250462,562.0,10.0,7.8085108747139405,1.0,1.0,0.0,0.0,1.0
1968.0,add_rx,7.808510874713939,562.0,10.0,7.8085108747139405,1.0,2.0,0.0,0.0,0.0
1969.0,add_ry,7.926968052037097,562.0,10.0,7.8085108747139405,1.0,1.0,1.0,0.0,0.0
1970.0,add_rz,7.808510874713942,562.0,10.0,7.8085108747139405,1.0,1.0,0.0,1.0,0.0
1971.0,delete,7.791539599480062,562.0,10.0,7.8085108747139405,0.0,1.0,0.0,0.0,0.0
1972.0,swap_cx,7.791539599480062,562.0,10.0,7.8085108747139405,0.0,1.0,0.0,0.0,1.0
1973.0,swap_rx,7.817908882615792,562.0,10.0,7.8085108747139405,1.0,1.0,0.0,0.0,0.0
1974.0,swap_ry,7.808543302185341,562.0,10.0,7.8085108747139405,1.0,0.0,1.0,0.0,0.0
1975.0,swap_rz,7.8085108747139405,562.0,10.0,7.8085108747139405,1.0,0.0,0.0,1.0,0.0
1976.0,change_0,7.728140962193074,563.0,9.0,7.69248174974883,2.0,0.0,1.0,0.0,0.0
1977.0,stop,7.69248174974883,563.0,8.0,7.69248174974883,2.0,0.0,1.0,0.0,0.0
1978.0,add_cx,7.583629087858306,563.0,9.0,7.69248174974883,2.0,0.0,1.0,0.0,1.0
1979.0,add_rx,7.685530172260427,563.0,9.0,7.69248174974883,2.0,1.0,1.0,0.0,0.0
1980.0,add_ry,7.638461721424383,563.0,9.0,7.69248174974883,2.0,0.0,2.0,0.0,0.0
1981.0,add_rz,7.692481749748833,563.0,9.0,7.69248174974883,2.0,0.0,1.0,1.0,0.0
1982.0,delete,7.629568103570608,563.0,9.0,7.69248174974883,1.0,0.0,1.0,0.0,0.0
1983.0,swap_cx,7.629568103570608,563.0,9.0,7.69248174974883,1.0,0.0,1.0,0.0,1.0
1984.0,swap_rx,7.722643296898133,563.0,9.0,7.69248174974883,1.0,1.0,1.0,0.0,0.0
1985.0,swap_ry,7.732506520838408,563.0,9.0,7.69248174974883,1.0,0.0,2.0,0.0,0.0
1986.0,swap_rz,7.629568103570607,563.0,9.0,7.69248174974883,1.0,0.0,1.0,1.0,0.0
1986.0,stop,7.7552795345539955,564.0,7.0,7.755279534554002,3.0,0.0,0.0,0.0,0.0
1986.0,stop,7.7552795345539955,565.0,7.0,7.755279534554002,3.0,0.0,0.0,0.0,0.0
1986.0,stop,7.824995034599562,566.0,8.0,7.824995034599564,2.0,0.0,0.0,0.0,0.0
1986.0,stop,7.7552795345539955,567.0,7.0,7.755279534554003,3.0,0.0,0.0,0.0,0.0
1986.0,stop,7.824995034599562,568.0,8.0,7.8249950345995645,2.0,0.0,0.0,0.0,0.0
1987.0,stop,7.952650045445748,569.0,10.0,7.952650045445748,0.0,0.0,0.0,0.0,0.0
1988.0,add_cx,7.789984187020971,569.0,11.0,7.952650045445748,0.0,0.0,0.0,0.0,1.0
1989.0,add_rx,7.917577961213985,569.0,11.0,7.952650045445748,0.0,1.0,0.0,0.0,0.0
1990.0,add_ry,7.9431068034538725,569.0,11.0,7.952650045445748,0.0,0.0,1.0,0.0,0.0
1991.0,add_rz,7.952650045445747,569.0,11.0,7.952650045445748,0.0,0.0,0.0,1.0,0.0
1991.0,stop,7.824995034599562,570.0,8.0,7.8249950345995645,2.0,0.0,0.0,0.0,0.0
1991.0,stop,7.913237338760615,571.0,9.0,7.913237338760615,1.0,0.0,0.0,0.0,0.0
1991.0,stop,7.824995034599562,572.0,8.0,7.8249950345995645,2.0,0.0,0.0,0.0,0.0
1991.0,stop,7.913237338760615,573.0,9.0,7.913237338760615,1.0,0.0,0.0,0.0,0.0
1992.0,stop,7.952650045445748,574.0,10.0,7.952650045445748,0.0,0.0,0.0,0.0,0.0
1993.0,add_cx,7.952650045445748,574.0,11.0,7.952650045445748,0.0,0.0,0.0,0.0,1.0
1994.0,add_rx,7.831206123235024,574.0,11.0,7.952650045445748,0.0,1.0,0.0,0.0,0.0
1995.0,add_ry,7.872255983348933,574.0,11.0,7.952650045445748,0.0,0.0,1.0,0.0,0.0
1996.0,add_rz,7.952650045445748,574.0,11.0,7.952650045445748,0.0,0.0,0.0,1.0,0.0
1996.0,stop,7.824995034599562,575.0,8.0,7.824995034599564,2.0,0.0,0.0,0.0,0.0
1996.0,stop,7.913237338760615,576.0,9.0,7.913237338760614,1.0,0.0,0.0,0.0,0.0
1997.0,change_0,7.952650045445748,577.0,11.0,7.952650045445749,0.0,0.0,0.0,1.0,0.0
1998.0,stop,7.952650045445749,577.0,10.0,7.952650045445749,0.0,0.0,0.0,1.0,0.0
1999.0,add_cx,7.873824632075484,577.0,11.0,7.952650045445749,0.0,0.0,0.0,1.0,1.0
2000.0,add_rx,7.826585118723152,577.0,11.0,7.952650045445749,0.0,1.0,0.0,1.0,0.0
2001.0,add_ry,7.943114111239781,577.0,11.0,7.952650045445749,0.0,0.0,1.0,1.0,0.0
2002.0,add_rz,7.952650045445749,577.0,11.0,7.952650045445749,0.0,0.0,0.0,2.0,0.0
2003.0,delete,7.952650045445748,577.0,11.0,7.952650045445749,0.0,0.0,0.0,0.0,0.0
2004.0,swap_cx,7.952650045445748,577.0,11.0,7.952650045445749,0.0,0.0,0.0,0.0,1.0
2005.0,swap_rx,7.6782958364607845,577.0,11.0,7.952650045445749,0.0,1.0,0.0,0.0,0.0
2006.0,swap_ry,7.854335207782995,577.0,11.0,7.952650045445749,0.0,0.0,1.0,0.0,0.0
2007.0,swap_rz,7.952650045445748,577.0,11.0,7.952650045445749,0.0,0.0,0.0,1.0,0.0
2007.0,stop,7.824995034599562,578.0,8.0,7.824995034599564,2.0,0.0,0.0,0.0,0.0
2007.0,stop,7.824995034599562,579.0,8.0,7.8249950345995645,2.0,0.0,0.0,0.0,0.0
2007.0,stop,7.824995034599562,580.0,8.0,7.8249950345995645,2.0,0.0,0.0,0.0,0.0
2007.0,stop,7.8085108747139405,581.0,9.0,7.8085108747139405,1.0,0.0,0.0,0.0,0.0
2007.0,stop,7.824995034599562,582.0,8.0,7.8249950345995645,2.0,0.0,0.0,0.0,0.0
2007.0,stop,7.8085108747139405,583.0,9.0,7.8085108747139405,1.0,0.0,0.0,0.0,0.0
2008.0,stop,7.8085108747139405,584.0,9.0,7.8085108747139405,1.0,0.0,0.0,0.0,1.0
2009.0,add_cx,7.8085108747139405,584.0,10.0,7.8085108747139405,1.0,0.0,0.0,0.0,2.0
2010.0,add_rx,7.808510874713939,584.0,10.0,7.8085108747139405,1.0,1.0,0.0,0.0,1.0
2011.0,add_ry,7.718714055780465,584.0,10.0,7.8085108747139405,1.0,0.0,1.0,0.0,1.0
2012.0,add_rz,7.808510874713942,584.0,10.0,7.8085108747139405,1.0,0.0,0.0,1.0,1.0
2013.0,delete,7.952650045445748,584.0,10.0,7.8085108747139405,0.0,0.0,0.0,0.0,1.0
2014.0,swap_cx,7.952650045445748,584.0,10.0,7.8085108747139405,0.0,0.0,0.0,0.0,2.0
2015.0,swap_rx,7.789896067801593,584.0,10.0,7.8085108747139405,1.0,1.0,0.0,0.0,0.0
2016.0,swap_ry,7.916614109443728,584.0,10.0,7.8085108747139405,1.0,0.0,1.0,0.0,0.0
2017.0,swap_rz,7.8085108747139405,584.0,10.0,7.8085108747139405,1.0,0.0,0.0,1.0,0.0
2017.0,stop,7.824995034599562,585.0,8.0,7.8249950345995645,2.0,0.0,0.0,0.0,0.0
2018.0,stop,7.952650045445748,586.0,10.0,7.952650045445748,0.0,0.0,0.0,0.0,1.0
2019.0,add_cx,7.952650045445748,586.0,11.0,7.952650045445748,0.0,0.0,0.0,0.0,2.0
2020.0,add_rx,7.950766033844212,586.0,11.0,7.952650045445748,0.0,1.0,0.0,0.0,1.0
2021.0,add_ry,7.877413843230937,586.0,11.0,7.952650045445748,0.0,0.0,1.0,0.0,1.0
2022.0,add_rz,7.952650045445748,586.0,11.0,7.952650045445748,0.0,0.0,0.0,1.0,1.0
2023.0,delete,7.952650045445748,586.0,11.0,7.952650045445748,0.0,0.0,0.0,0.0,0.0
2024.0,swap_cx,7.952650045445748,586.0,11.0,7.952650045445748,0.0,0.0,0.0,0.0,1.0
2025.0,swap_rx,7.84677812168537,586.0,11.0,7.952650045445748,0.0,1.0,0.0,0.0,0.0
2026.0,swap_ry,7.938789164707216,586.0,11.0,7.952650045445748,0.0,0.0,1.0,0.0,0.0
2027.0,swap_rz,7.952650045445747,586.0,11.0,7.952650045445748,0.0,0.0,0.0,1.0,0.0
2028.0,change_2,7.824995034599562,587.0,10.0,7.824995034599561,2.0,0.0,0.0,1.0,0.0
2029.0,stop,7.824995034599561,587.0,9.0,7.824995034599561,2.0,0.0,0.0,1.0,0.0
2030.0,add_cx,7.824995034599561,587.0,10.0,7.824995034599561,2.0,0.0,0.0,1.0,1.0
2031.0,add_rx,7.595681707327211,587.0,10.0,7.824995034599561,2.0,1.0,0.0,1.0,0.0
2032.0,add_ry,7.7329129425532175,587.0,10.0,7.824995034599561,2.0,0.0,1.0,1.0,0.0
2033.0,add_rz,7.824995034599561,587.0,10.0,7.824995034599561,2.0,0.0,0.0,2.0,0.0
2034.0,delete,7.913237338760613,587.0,10.0,7.824995034599561,1.0,0.0,0.0,1.0,0.0
2035.0,swap_cx,7.80851087471394,587.0,10.0,7.824995034599561,1.0,0.0,0.0,1.0,1.0
2036.0,swap_rx,7.808510874713941,587.0,10.0,7.824995034599561,1.0,1.0,0.0,1.0,0.0
2037.0,swap_ry,7.539235478832925,587.0,10.0,7.824995034599561,1.0,0.0,1.0,1.0,0.0
2038.0,swap_rz,7.824995034599561,587.0,10.0,7.824995034599561,2.0,0.0,0.0,1.0,0.0
2038.0,stop,7.822004353369456,588.0,8.0,7.822004353369453,2.0,0.0,0.0,0.0,0.0
2038.0,stop,7.822004353369456,589.0,8.0,7.822004353369453,2.0,0.0,0.0,0.0,0.0
2038.0,stop,7.822004353369456,590.0,8.0,7.822004353369453,2.0,0.0,0.0,0.0,0.0
2038.0,stop,7.822004353369456,591.0,8.0,7.822004353369454,2.0,0.0,0.0,0.0,0.0
2038.0,stop,7.824995034599562,592.0,8.0,7.8249950345995645,2.0,0.0,0.0,0.0,0.0
2039.0,stop,7.952650045445748,593.0,10.0,7.952650045445748,0.0,0.0,0.0,0.0,0.0
2040.0,add_cx,7.789984187020972,593.0,11.0,7.952650045445748,0.0,0.0,0.0,0.0,1.0
2041.0,add_rx,7.795308611595569,593.0,11.0,7.952650045445748,0.0,1.0,0.0,0.0,0.0
2042.0,add_ry,7.85538737346036,593.0,11.0,7.952650045445748,0.0,0.0,1.0,0.0,0.0
2043.0,add_rz,7.952650045445747,593.0,11.0,7.952650045445748,0.0,0.0,0.0,1.0,0.0
2043.0,stop,7.913237338760615,594.0,9.0,7.913237338760614,1.0,0.0,0.0,0.0,0.0
2043.0,stop,7.913237338760615,595.0,9.0,7.913237338760614,1.0,0.0,0.0,0.0,0.0
2043.0,stop,7.952650045445748,596.0,10.0,7.952650045445748,0.0,0.0,0.0,0.0,0.0
2043.0,stop,7.913237338760615,597.0,9.0,7.913237338760614,1.0,0.0,0.0,0.0,0.0
2043.0,stop,7.824995034599562,598.0,8.0,7.8249950345995645,2.0,0.0,0.0,0.0,0.0
2043.0,stop,7.8085108747139405,599.0,9.0,7.808510874713941,1.0,0.0,0.0,0.0,0.0
2043.0,stop,7.952650045445748,600.0,10.0,7.952650045445748,0.0,0.0,0.0,0.0,0.0
2043.0,stop,7.913237338760615,601.0,9.0,7.913237338760615,1.0,0.0,0.0,0.0,0.0
2043.0,stop,7.952650045445748,602.0,10.0,7.952650045445748,0.0,0.0,0.0,0.0,0.0
2043.0,stop,7.952650045445748,603.0,10.0,7.952650045445748,0.0,0.0,0.0,0.0,0.0
2043.0,stop,7.913237338760615,604.0,9.0,7.913237338760615,1.0,0.0,0.0,0.0,0.0
2043.0,stop,7.952650045445748,605.0,10.0,7.952650045445748,0.0,0.0,0.0,0.0,0.0
2043.0,stop,7.952650045445748,606.0,10.0,7.952650045445748,0.0,0.0,0.0,0.0,0.0
2043.0,stop,7.824995034599562,607.0,8.0,7.8249950345995645,2.0,0.0,0.0,0.0,0.0
2043.0,stop,7.952650045445748,608.0,10.0,7.952650045445748,0.0,0.0,0.0,0.0,0.0
2043.0,stop,7.952650045445748,609.0,10.0,7.952650045445748,0.0,0.0,0.0,0.0,0.0
2044.0,change_1,7.832287381730638,610.0,11.0,7.832717264160459,1.0,1.0,0.0,0.0,0.0
2045.0,stop,7.832717264160459,610.0,10.0,7.832717264160459,1.0,1.0,0.0,0.0,0.0
2046.0,add_cx,7.577851444679435,610.0,11.0,7.832717264160459,1.0,1.0,0.0,0.0,1.0
2047.0,add_rx,7.563350727046703,610.0,11.0,7.832717264160459,1.0,2.0,0.0,0.0,0.0
2048.0,add_ry,7.791542200566982,610.0,11.0,7.832717264160459,1.0,1.0,1.0,0.0,0.0
2049.0,add_rz,7.83271726416046,610.0,11.0,7.832717264160459,1.0,1.0,0.0,1.0,0.0
2050.0,delete,7.881946307363588,610.0,11.0,7.832717264160459,0.0,1.0,0.0,0.0,0.0
2051.0,swap_cx,7.881946307363588,610.0,11.0,7.832717264160459,0.0,1.0,0.0,0.0,1.0
2052.0,swap_rx,7.532861722484936,610.0,11.0,7.832717264160459,1.0,1.0,0.0,0.0,0.0
2053.0,swap_ry,7.799756610887363,610.0,11.0,7.832717264160459,1.0,0.0,1.0,0.0,0.0
2054.0,swap_rz,7.881946307363588,610.0,11.0,7.832717264160459,0.0,1.0,0.0,1.0,0.0
2055.0,change_2,7.822004353369454,611.0,10.0,7.822004353369454,2.0,0.0,0.0,1.0,0.0
2056.0,stop,7.822004353369454,611.0,9.0,7.822004353369454,2.0,0.0,0.0,1.0,0.0
2057.0,add_cx,7.667245077729185,611.0,10.0,7.822004353369454,2.0,0.0,0.0,1.0,1.0
2058.0,add_rx,7.822004353369456,611.0,10.0,7.822004353369454,2.0,1.0,0.0,1.0,0.0
2059.0,add_ry,7.651528086127279,611.0,10.0,7.822004353369454,2.0,0.0,1.0,1.0,0.0
2060.0,add_rz,7.822004353369455,611.0,10.0,7.822004353369454,2.0,0.0,0.0,2.0,0.0
2061.0,delete,7.808510874713939,611.0,10.0,7.822004353369454,1.0,0.0,0.0,1.0,0.0
2062.0,swap_cx,7.822004353369456,611.0,10.0,7.822004353369454,2.0,0.0,0.0,0.0,1.0
2063.0,swap_rx,7.770145139921154,611.0,10.0,7.822004353369454,1.0,1.0,0.0,1.0,0.0
2064.0,swap_ry,7.3034197164405565,611.0,10.0,7.822004353369454,1.0,0.0,1.0,1.0,0.0
2065.0,swap_rz,7.913237338760615,611.0,10.0,7.822004353369454,1.0,0.0,0.0,2.0,0.0
2065.0,stop,7.7552795345539955,612.0,7.0,7.755279534554003,3.0,0.0,0.0,0.0,0.0
2065.0,stop,7.7552795345539955,613.0,7.0,7.755279534554003,3.0,0.0,0.0,0.0,0.0
2066.0,swap_rz,7.788891839687565,614.0,8.0,7.798058327417778,2.0,0.0,0.0,1.0,0.0
2066.0,stop,7.7552795345539955,615.0,7.0,7.755279534554003,3.0,0.0,0.0,0.0,0.0
2067.0,swap_rz,7.824995034599564,616.0,8.0,7.797353212976993,2.0,0.0,0.0,1.0,0.0
2068.0,change_2,7.793760307000131,617.0,9.0,7.79952823975834,2.0,1.0,0.0,0.0,0.0
2069.0,stop,7.79952823975834,617.0,8.0,7.79952823975834,2.0,1.0,0.0,0.0,0.0
2070.0,add_cx,7.684451911313568,617.0,9.0,7.79952823975834,2.0,1.0,0.0,0.0,1.0
2071.0,add_rx,7.799260450100085,617.0,9.0,7.79952823975834,2.0,2.0,0.0,0.0,0.0
2072.0,add_ry,7.751095080204074,617.0,9.0,7.79952823975834,2.0,1.0,1.0,0.0,0.0
2073.0,add_rz,7.799528239758341,617.0,9.0,7.79952823975834,2.0,1.0,0.0,1.0,0.0
2074.0,delete,7.803056240636626,617.0,9.0,7.79952823975834,1.0,1.0,0.0,0.0,0.0
2075.0,swap_cx,7.39007132111351,617.0,9.0,7.79952823975834,2.0,0.0,0.0,0.0,1.0
2076.0,swap_rx,7.834580666874743,617.0,9.0,7.79952823975834,1.0,2.0,0.0,0.0,0.0
2077.0,swap_ry,7.856048753861628,617.0,9.0,7.79952823975834,1.0,1.0,1.0,0.0,0.0
2078.0,swap_rz,7.803056240636626,617.0,9.0,7.79952823975834,1.0,1.0,0.0,1.0,0.0
2078.0,stop,7.824995034599562,618.0,8.0,7.824995034599565,2.0,0.0,0.0,0.0,0.0
2078.0,stop,7.824995034599562,619.0,8.0,7.824995034599565,2.0,0.0,0.0,0.0,0.0
2078.0,stop,7.824995034599562,620.0,8.0,7.824995034599565,2.0,0.0,0.0,0.0,0.0
2078.0,stop,7.824995034599562,621.0,8.0,7.824995034599565,2.0,0.0,0.0,0.0,0.0
2078.0,stop,7.824995034599562,622.0,8.0,7.824995034599565,2.0,0.0,0.0,0.0,0.0
2078.0,stop,7.7552795345539955,623.0,7.0,7.755279534554003,3.0,0.0,0.0,0.0,0.0
2079.0,change_1,7.739468186546583,624.0,10.0,7.797273366670625,1.0,0.0,1.0,0.0,0.0
2080.0,stop,7.797273366670625,624.0,9.0,7.797273366670625,1.0,0.0,1.0,0.0,0.0
2081.0,add_cx,7.524278170161946,624.0,10.0,7.797273366670625,1.0,0.0,1.0,0.0,1.0
2082.0,add_rx,7.797273366670625,624.0,10.0,7.797273366670625,1.0,1.0,1.0,0.0,0.0
2083.0,add_ry,7.892755621433461,624.0,10.0,7.797273366670625,1.0,0.0,2.0,0.0,0.0
2084.0,add_rz,7.797273366670626,624.0,10.0,7.797273366670625,1.0,0.0,1.0,1.0,0.0
2085.0,delete,7.946587712728285,624.0,10.0,7.797273366670625,0.0,0.0,1.0,0.0,0.0
2086.0,swap_cx,7.946587712728285,624.0,10.0,7.797273366670625,0.0,0.0,1.0,0.0,1.0
2087.0,swap_rx,7.9172929611373455,624.0,10.0,7.797273366670625,0.0,1.0,1.0,0.0,0.0
2088.0,swap_ry,7.788116824152532,624.0,10.0,7.797273366670625,1.0,0.0,1.0,0.0,0.0
2089.0,swap_rz,7.946587712728284,624.0,10.0,7.797273366670625,0.0,0.0,1.0,1.0,0.0
2089.0,stop,7.7552795345539955,625.0,7.0,7.755279534554003,3.0,0.0,0.0,0.0,0.0
2089.0,stop,7.824995034599562,626.0,8.0,7.824995034599565,2.0,0.0,0.0,0.0,0.0
2089.0,stop,7.7888918396875635,627.0,8.0,7.7888918396875635,2.0,0.0,0.0,0.0,0.0
2089.0,stop,7.824995034599562,628.0,8.0,7.824995034599565,2.0,0.0,0.0,0.0,0.0
2089.0,stop,7.824995034599562,629.0,8.0,7.824995034599565,2.0,0.0,0.0,0.0,0.0
2089.0,stop,7.824995034599562,630.0,8.0,7.824995034599565,2.0,0.0,0.0,0.0,0.0
2089.0,stop,7.7888918396875635,631.0,8.0,7.7888918396875635,2.0,0.0,0.0,0.0,0.0
2089.0,stop,7.913237338760615,632.0,9.0,7.913237338760614,1.0,0.0,0.0,0.0,0.0
2090.0,stop,7.913237338760615,633.0,10.0,7.913237338760615,1.0,0.0,0.0,0.0,1.0
2091.0,add_cx,7.913237338760615,633.0,11.0,7.913237338760615,1.0,0.0,0.0,0.0,2.0
2092.0,add_rx,7.895145626800596,633.0,11.0,7.913237338760615,1.0,1.0,0.0,0.0,1.0
2093.0,add_ry,7.906507264526387,633.0,11.0,7.913237338760615,1.0,0.0,1.0,0.0,1.0
2094.0,add_rz,7.913237338760615,633.0,11.0,7.913237338760615,1.0,0.0,0.0,1.0,1.0
2095.0,delete,7.913237338760615,633.0,11.0,7.913237338760615,1.0,0.0,0.0,0.0,0.0
2096.0,swap_cx,7.664371703982135,633.0,11.0,7.913237338760615,0.0,0.0,0.0,0.0,2.0
2097.0,swap_rx,7.803954491854154,633.0,11.0,7.913237338760615,0.0,1.0,0.0,0.0,1.0
2098.0,swap_ry,7.894539305446327,633.0,11.0,7.913237338760615,1.0,0.0,1.0,0.0,0.0
2099.0,swap_rz,7.952650045445749,633.0,11.0,7.913237338760615,0.0,0.0,0.0,1.0,1.0
2099.0,stop,7.824995034599562,634.0,8.0,7.824995034599565,2.0,0.0,0.0,0.0,0.0
2099.0,stop,7.824995034599562,635.0,8.0,7.824995034599565,2.0,0.0,0.0,0.0,0.0
2099.0,stop,7.824995034599562,636.0,8.0,7.824995034599565,2.0,0.0,0.0,0.0,0.0
2100.0,change_1,7.913237338760615,637.0,10.0,7.913237338760613,1.0,0.0,0.0,1.0,0.0
2101.0,stop,7.913237338760613,637.0,9.0,7.913237338760613,1.0,0.0,0.0,1.0,0.0
2102.0,add_cx,7.609272802160504,637.0,10.0,7.913237338760613,1.0,0.0,0.0,1.0,1.0
2103.0,add_rx,7.816206409042654,637.0,10.0,7.913237338760613,1.0,1.0,0.0,1.0,0.0
2104.0,add_ry,7.863836731791899,637.0,10.0,7.913237338760613,1.0,0.0,1.0,1.0,0.0
2105.0,add_rz,7.913237338760613,637.0,10.0,7.913237338760613,1.0,0.0,0.0,2.0,0.0
2106.0,delete,7.913237338760615,637.0,10.0,7.913237338760613,1.0,0.0,0.0,0.0,0.0
2107.0,swap_cx,7.952650045445747,637.0,10.0,7.913237338760613,0.0,0.0,0.0,1.0,1.0
2108.0,swap_rx,7.830949503612523,637.0,10.0,7.913237338760613,0.0,1.0,0.0,1.0,0.0
2109.0,swap_ry,7.8230039517396905,637.0,10.0,7.913237338760613,0.0,0.0,1.0,1.0,0.0
2110.0,swap_rz,7.913237338760613,637.0,10.0,7.913237338760613,1.0,0.0,0.0,1.0,0.0
2110.0,stop,7.7888918396875635,638.0,8.0,7.7888918396875635,2.0,0.0,0.0,0.0,0.0
2110.0,stop,7.7888918396875635,639.0,8.0,7.7888918396875635,2.0,0.0,0.0,0.0,0.0
2111.0,change_0,7.952650045445749,640.0,12.0,7.952650045445747,0.0,0.0,0.0,1.0,0.0
2112.0,stop,7.952650045445747,640.0,11.0,7.952650045445747,0.0,0.0,0.0,1.0,0.0
2113.0,add_cx,7.397040644518791,640.0,12.0,7.952650045445747,0.0,0.0,0.0,1.0,1.0
2114.0,add_rx,7.667746932010198,640.0,12.0,7.952650045445747,0.0,1.0,0.0,1.0,0.0
2115.0,add_ry,7.768449598497464,640.0,12.0,7.952650045445747,0.0,0.0,1.0,1.0,0.0
2116.0,add_rz,7.952650045445749,640.0,12.0,7.952650045445747,0.0,0.0,0.0,2.0,0.0
2117.0,delete,7.952650045445748,640.0,12.0,7.952650045445747,0.0,0.0,0.0,0.0,0.0
2118.0,swap_cx,7.952650045445748,640.0,12.0,7.952650045445747,0.0,0.0,0.0,0.0,1.0
2119.0,swap_rx,7.439743806028009,640.0,12.0,7.952650045445747,0.0,1.0,0.0,0.0,0.0
2120.0,swap_ry,7.843139524708249,640.0,12.0,7.952650045445747,0.0,0.0,1.0,0.0,0.0
2121.0,swap_rz,7.952650045445747,640.0,12.0,7.952650045445747,0.0,0.0,0.0,1.0,0.0
2121.0,stop,7.7552795345539955,641.0,7.0,7.755279534554003,3.0,0.0,0.0,0.0,0.0
2121.0,stop,7.7552795345539955,642.0,7.0,7.755279534554003,3.0,0.0,0.0,0.0,0.0
2121.0,stop,7.7888918396875635,643.0,8.0,7.788891839687564,2.0,0.0,0.0,0.0,0.0
2121.0,stop,7.822004353369456,644.0,8.0,7.822004353369454,2.0,0.0,0.0,0.0,0.0
2121.0,stop,7.822004353369456,645.0,8.0,7.822004353369455,2.0,0.0,0.0,0.0,0.0
2121.0,stop,7.7888918396875635,646.0,8.0,7.788891839687564,2.0,0.0,0.0,0.0,0.0
2121.0,stop,7.7552795345539955,647.0,7.0,7.755279534554003,3.0,0.0,0.0,0.0,0.0
2121.0,stop,7.913237338760615,648.0,9.0,7.913237338760615,1.0,0.0,0.0,0.0,0.0
2121.0,stop,7.8085108747139405,649.0,9.0,7.8085108747139405,1.0,0.0,0.0,0.0,0.0
2121.0,stop,7.822004353369456,650.0,8.0,7.822004353369455,2.0,0.0,0.0,0.0,0.0
2121.0,stop,7.913237338760615,651.0,9.0,7.913237338760615,1.0,0.0,0.0,0.0,0.0
2121.0,stop,7.913237338760615,652.0,9.0,7.913237338760614,1.0,0.0,0.0,0.0,0.0
2121.0,stop,7.913237338760615,653.0,9.0,7.913237338760614,1.0,0.0,0.0,0.0,0.0
2121.0,stop,7.822004353369456,654.0,8.0,7.822004353369456,2.0,0.0,0.0,0.0,0.0
2122.0,change_0,7.952650045445749,655.0,11.0,7.952650045445747,0.0,0.0,0.0,1.0,0.0
2123.0,stop,7.952650045445747,655.0,10.0,7.952650045445747,0.0,0.0,0.0,1.0,0.0
2124.0,add_cx,7.952650045445747,655.0,11.0,7.952650045445747,0.0,0.0,0.0,1.0,1.0
2125.0,add_rx,7.90179009785197,655.0,11.0,7.952650045445747,0.0,1.0,0.0,1.0,0.0
2126.0,add_ry,7.834591515861701,655.0,11.0,7.952650045445747,0.0,0.0,1.0,1.0,0.0
2127.0,add_rz,7.952650045445749,655.0,11.0,7.952650045445747,0.0,0.0,0.0,2.0,0.0
2128.0,delete,7.952650045445748,655.0,11.0,7.952650045445747,0.0,0.0,0.0,0.0,0.0
2129.0,swap_cx,7.789984187020972,655.0,11.0,7.952650045445747,0.0,0.0,0.0,0.0,1.0
2130.0,swap_rx,7.914064032759723,655.0,11.0,7.952650045445747,0.0,1.0,0.0,0.0,0.0
2131.0,swap_ry,7.861630720179363,655.0,11.0,7.952650045445747,0.0,0.0,1.0,0.0,0.0
2132.0,swap_rz,7.952650045445748,655.0,11.0,7.952650045445747,0.0,0.0,0.0,1.0,0.0
2132.0,stop,7.822004353369456,656.0,8.0,7.822004353369456,2.0,0.0,0.0,0.0,0.0
2132.0,stop,7.8085108747139405,657.0,9.0,7.8085108747139405,1.0,0.0,0.0,0.0,0.0
2132.0,stop,7.822004353369456,658.0,8.0,7.822004353369457,2.0,0.0,0.0,0.0,0.0
2133.0,change_0,7.952650045445748,659.0,11.0,7.952650045445748,0.0,0.0,0.0,1.0,0.0
2134.0,stop,7.952650045445748,659.0,10.0,7.952650045445748,0.0,0.0,0.0,1.0,0.0
2135.0,add_cx,7.397040644518787,659.0,11.0,7.952650045445748,0.0,0.0,0.0,1.0,1.0
2136.0,add_rx,7.936556909809139,659.0,11.0,7.952650045445748,0.0,1.0,0.0,1.0,0.0
2137.0,add_ry,7.923252385546734,659.0,11.0,7.952650045445748,0.0,0.0,1.0,1.0,0.0
2138.0,add_rz,7.952650045445749,659.0,11.0,7.952650045445748,0.0,0.0,0.0,2.0,0.0
2139.0,delete,7.952650045445748,659.0,11.0,7.952650045445748,0.0,0.0,0.0,0.0,0.0
2140.0,swap_cx,7.952650045445748,659.0,11.0,7.952650045445748,0.0,0.0,0.0,0.0,1.0
2141.0,swap_rx,7.897632789804455,659.0,11.0,7.952650045445748,0.0,1.0,0.0,0.0,0.0
2142.0,swap_ry,7.9500721440381845,659.0,11.0,7.952650045445748,0.0,0.0,1.0,0.0,0.0
2143.0,swap_rz,7.952650045445747,659.0,11.0,7.952650045445748,0.0,0.0,0.0,1.0,0.0
2143.0,stop,7.822004353369456,660.0,8.0,7.822004353369457,2.0,0.0,0.0,0.0,0.0
2143.0,stop,7.822004353369456,661.0,8.0,7.822004353369457,2.0,0.0,0.0,0.0,0.0
2143.0,stop,7.822004353369456,662.0,8.0,7.822004353369458,2.0,0.0,0.0,0.0,0.0
2143.0,stop,7.913237338760615,663.0,9.0,7.913237338760614,1.0,0.0,0.0,0.0,0.0
2143.0,stop,7.913237338760615,664.0,9.0,7.913237338760614,1.0,0.0,0.0,0.0,0.0
2143.0,stop,7.913237338760615,665.0,9.0,7.913237338760615,1.0,0.0,0.0,0.0,0.0
2144.0,stop,7.913237338760615,666.0,10.0,7.913237338760615,1.0,0.0,0.0,0.0,1.0
2145.0,add_cx,7.913237338760615,666.0,11.0,7.913237338760615,1.0,0.0,0.0,0.0,2.0
2146.0,add_rx,7.627441589780177,666.0,11.0,7.913237338760615,1.0,1.0,0.0,0.0,1.0
2147.0,add_ry,7.899018712371538,666.0,11.0,7.913237338760615,1.0,0.0,1.0,0.0,1.0
2148.0,add_rz,7.913237338760615,666.0,11.0,7.913237338760615,1.0,0.0,0.0,1.0,1.0
2149.0,delete,7.913237338760615,666.0,11.0,7.913237338760615,1.0,0.0,0.0,0.0,0.0
2150.0,swap_cx,7.913237338760615,666.0,11.0,7.913237338760615,1.0,0.0,0.0,0.0,1.0
2151.0,swap_rx,7.845801998612975,666.0,11.0,7.913237338760615,0.0,1.0,0.0,0.0,1.0
2152.0,swap_ry,7.9090944573338735,666.0,11.0,7.913237338760615,0.0,0.0,1.0,0.0,1.0
2153.0,swap_rz,7.952650045445748,666.0,11.0,7.913237338760615,0.0,0.0,0.0,1.0,1.0
2153.0,stop,7.822004353369456,667.0,8.0,7.822004353369458,2.0,0.0,0.0,0.0,0.0
2153.0,stop,7.822004353369456,668.0,8.0,7.822004353369458,2.0,0.0,0.0,0.0,0.0
2154.0,change_1,7.80851087471394,669.0,10.0,7.8085108747139405,1.0,0.0,0.0,1.0,0.0
2155.0,stop,7.8085108747139405,669.0,9.0,7.8085108747139405,1.0,0.0,0.0,1.0,0.0
2156.0,add_cx,7.8085108747139405,669.0,10.0,7.8085108747139405,1.0,0.0,0.0,1.0,1.0
2157.0,add_rx,7.8050700947442095,669.0,10.0,7.8085108747139405,1.0,1.0,0.0,1.0,0.0
2158.0,add_ry,7.804452584084283,669.0,10.0,7.8085108747139405,1.0,0.0,1.0,1.0,0.0
2159.0,add_rz,7.808510874713939,669.0,10.0,7.8085108747139405,1.0,0.0,0.0,2.0,0.0
2160.0,delete,7.8085108747139405,669.0,10.0,7.8085108747139405,1.0,0.0,0.0,0.0,0.0
2161.0,swap_cx,7.952650045445748,669.0,10.0,7.8085108747139405,0.0,0.0,0.0,1.0,1.0
2162.0,swap_rx,7.81972785558917,669.0,10.0,7.8085108747139405,1.0,1.0,0.0,0.0,0.0
2163.0,swap_ry,7.944231106426887,669.0,10.0,7.8085108747139405,0.0,0.0,1.0,1.0,0.0
2164.0,swap_rz,7.8085108747139405,669.0,10.0,7.8085108747139405,1.0,0.0,0.0,1.0,0.0
2164.0,stop,7.822004353369456,670.0,8.0,7.822004353369459,2.0,0.0,0.0,0.0,0.0
2164.0,stop,7.8085108747139405,671.0,9.0,7.808510874713941,1.0,0.0,0.0,0.0,0.0
2164.0,stop,7.822004353369456,672.0,8.0,7.822004353369459,2.0,0.0,0.0,0.0,0.0
2165.0,change_1,7.84413376224633,673.0,10.0,7.8537913613517185,1.0,1.0,0.0,0.0,0.0
2166.0,stop,7.8537913613517185,673.0,9.0,7.8537913613517185,1.0,1.0,0.0,0.0,0.0
2167.0,add_cx,7.546855561037653,673.0,10.0,7.8537913613517185,1.0,1.0,0.0,0.0,1.0
2168.0,add_rx,7.835698380345509,673.0,10.0,7.8537913613517185,1.0,2.0,0.0,0.0,0.0
2169.0,add_ry,7.8921454889082465,673.0,10.0,7.8537913613517185,1.0,1.0,1.0,0.0,0.0
2170.0,add_rz,7.8537913613517185,673.0,10.0,7.8537913613517185,1.0,1.0,0.0,1.0,0.0
2171.0,delete,7.9038079386621325,673.0,10.0,7.8537913613517185,0.0,1.0,0.0,0.0,0.0
2172.0,swap_cx,7.237002301603008,673.0,10.0,7.8537913613517185,1.0,0.0,0.0,0.0,1.0
2173.0,swap_rx,7.855744448542704,673.0,10.0,7.8537913613517185,0.0,2.0,0.0,0.0,0.0
2174.0,swap_ry,7.892189865574815,673.0,10.0,7.8537913613517185,0.0,1.0,1.0,0.0,0.0
2175.0,swap_rz,7.913237338760615,673.0,10.0,7.8537913613517185,1.0,0.0,0.0,1.0,0.0
2175.0,stop,7.952650045445748,674.0,10.0,7.952650045445748,0.0,0.0,0.0,0.0,0.0
2175.0,stop,7.8085108747139405,675.0,9.0,7.808510874713941,1.0,0.0,0.0,0.0,0.0
2175.0,stop,7.822004353369456,676.0,8.0,7.822004353369459,2.0,0.0,0.0,0.0,0.0
2176.0,stop,7.8085108747139405,677.0,10.0,7.8085108747139405,1.0,0.0,0.0,0.0,1.0
2177.0,add_cx,7.5307061742504615,677.0,11.0,7.8085108747139405,1.0,0.0,0.0,0.0,2.0
2178.0,add_rx,7.783941207584633,677.0,11.0,7.8085108747139405,1.0,1.0,0.0,0.0,1.0
2179.0,add_ry,7.503785407770904,677.0,11.0,7.8085108747139405,1.0,0.0,1.0,0.0,1.0
2180.0,add_rz,7.8085108747139405,677.0,11.0,7.8085108747139405,1.0,0.0,0.0,1.0,1.0
2181.0,delete,7.8085108747139405,677.0,11.0,7.8085108747139405,1.0,0.0,0.0,0.0,0.0
2182.0,swap_cx,7.8085108747139405,677.0,11.0,7.8085108747139405,1.0,0.0,0.0,0.0,1.0
2183.0,swap_rx,7.725871049361283,677.0,11.0,7.8085108747139405,1.0,1.0,0.0,0.0,0.0
2184.0,swap_ry,7.863845992845658,677.0,11.0,7.8085108747139405,0.0,0.0,1.0,0.0,1.0
2185.0,swap_rz,7.8085108747139405,677.0,11.0,7.8085108747139405,1.0,0.0,0.0,1.0,0.0
2185.0,stop,7.7552795345539955,678.0,7.0,7.755279534554003,3.0,0.0,0.0,0.0,0.0
2185.0,stop,7.7552795345539955,679.0,7.0,7.755279534554003,3.0,0.0,0.0,0.0,0.0
2185.0,stop,7.7552795345539955,680.0,7.0,7.755279534554003,3.0,0.0,0.0,0.0,0.0
2185.0,stop,7.824995034599562,681.0,8.0,7.824995034599565,2.0,0.0,0.0,0.0,0.0
2185.0,stop,7.824995034599562,682.0,8.0,7.824995034599565,2.0,0.0,0.0,0.0,0.0
2185.0,stop,7.824995034599562,683.0,8.0,7.824995034599565,2.0,0.0,0.0,0.0,0.0
2186.0,swap_rz,7.80851087471394,684.0,9.0,7.866364520684171,1.0,0.0,0.0,1.0,0.0
2186.0,stop,7.824995034599562,685.0,8.0,7.824995034599565,2.0,0.0,0.0,0.0,0.0
2187.0,change_1,7.8085108747139405,686.0,10.0,7.80851087471394,1.0,0.0,0.0,1.0,0.0
2188.0,stop,7.80851087471394,686.0,9.0,7.80851087471394,1.0,0.0,0.0,1.0,0.0
2189.0,add_cx,7.80851087471394,686.0,10.0,7.80851087471394,1.0,0.0,0.0,1.0,1.0
2190.0,add_rx,7.808510874713939,686.0,10.0,7.80851087471394,1.0,1.0,0.0,1.0,0.0
2191.0,add_ry,7.803403225488983,686.0,10.0,7.80851087471394,1.0,0.0,1.0,1.0,0.0
2192.0,add_rz,7.808510874713937,686.0,10.0,7.80851087471394,1.0,0.0,0.0,2.0,0.0
2193.0,delete,7.952650045445747,686.0,10.0,7.80851087471394,0.0,0.0,0.0,1.0,0.0
2194.0,swap_cx,7.8085108747139405,686.0,10.0,7.80851087471394,1.0,0.0,0.0,0.0,1.0
2195.0,swap_rx,7.7371439224861565,686.0,10.0,7.80851087471394,0.0,1.0,0.0,1.0,0.0
2196.0,swap_ry,7.727231862645421,686.0,10.0,7.80851087471394,0.0,0.0,1.0,1.0,0.0
2197.0,swap_rz,7.8085108747139405,686.0,10.0,7.80851087471394,1.0,0.0,0.0,1.0,0.0
2197.0,stop,7.7552795345539955,687.0,7.0,7.755279534554003,3.0,0.0,0.0,0.0,0.0
2197.0,stop,7.7552795345539955,688.0,7.0,7.755279534554003,3.0,0.0,0.0,0.0,0.0
2197.0,stop,7.824995034599562,689.0,8.0,7.824995034599565,2.0,0.0,0.0,0.0,0.0
2197.0,stop,7.824995034599562,690.0,8.0,7.824995034599566,2.0,0.0,0.0,0.0,0.0
2197.0,stop,7.824995034599562,691.0,8.0,7.824995034599566,2.0,0.0,0.0,0.0,0.0
2197.0,stop,7.824995034599562,692.0,8.0,7.824995034599566,2.0,0.0,0.0,0.0,0.0
2197.0,stop,7.913237338760615,693.0,9.0,7.913237338760614,1.0,0.0,0.0,0.0,0.0
2197.0,stop,7.913237338760615,694.0,9.0,7.913237338760613,1.0,0.0,0.0,0.0,0.0
2197.0,stop,7.913237338760615,695.0,9.0,7.913237338760613,1.0,0.0,0.0,0.0,0.0
2197.0,stop,7.913237338760615,696.0,9.0,7.913237338760613,1.0,0.0,0.0,0.0,0.0
2197.0,stop,7.913237338760615,697.0,9.0,7.913237338760612,1.0,0.0,0.0,0.0,0.0
2197.0,stop,7.913237338760615,698.0,9.0,7.913237338760612,1.0,0.0,0.0,0.0,0.0
2198.0,stop,7.952650045445748,699.0,10.0,7.952650045445748,0.0,0.0,0.0,0.0,1.0
2199.0,add_cx,7.952650045445748,699.0,11.0,7.952650045445748,0.0,0.0,0.0,0.0,2.0
2200.0,add_rx,7.925790107483345,699.0,11.0,7.952650045445748,0.0,1.0,0.0,0.0,1.0
2201.0,add_ry,7.790495381329785,699.0,11.0,7.952650045445748,0.0,0.0,1.0,0.0,1.0
2202.0,add_rz,7.952650045445749,699.0,11.0,7.952650045445748,0.0,0.0,0.0,1.0,1.0
2203.0,delete,7.952650045445748,699.0,11.0,7.952650045445748,0.0,0.0,0.0,0.0,0.0
2204.0,swap_cx,7.952650045445748,699.0,11.0,7.952650045445748,0.0,0.0,0.0,0.0,1.0
2205.0,swap_rx,7.822941112911571,699.0,11.0,7.952650045445748,0.0,1.0,0.0,0.0,0.0
2206.0,swap_ry,7.940370512122858,699.0,11.0,7.952650045445748,0.0,0.0,1.0,0.0,0.0
2207.0,swap_rz,7.952650045445748,699.0,11.0,7.952650045445748,0.0,0.0,0.0,1.0,0.0
2207.0,stop,7.8085108747139405,700.0,9.0,7.808510874713941,1.0,0.0,0.0,0.0,0.0
2207.0,stop,7.824995034599562,701.0,8.0,7.824995034599566,2.0,0.0,0.0,0.0,0.0
2207.0,stop,7.913237338760615,702.0,9.0,7.913237338760612,1.0,0.0,0.0,0.0,0.0
2207.0,stop,7.952650045445748,703.0,10.0,7.952650045445748,0.0,0.0,0.0,0.0,0.0
2207.0,stop,7.952650045445748,704.0,10.0,7.952650045445748,0.0,0.0,0.0,0.0,0.0
2208.0,stop,7.952650045445748,705.0,11.0,7.952650045445748,0.0,0.0,0.0,0.0,1.0
2209.0,add_cx,7.952650045445748,705.0,12.0,7.952650045445748,0.0,0.0,0.0,0.0,2.0
2210.0,add_rx,7.868027826500163,705.0,12.0,7.952650045445748,0.0,1.0,0.0,0.0,1.0
2211.0,add_ry,7.951619002812949,705.0,12.0,7.952650045445748,0.0,0.0,1.0,0.0,1.0
2212.0,add_rz,7.952650045445748,705.0,12.0,7.952650045445748,0.0,0.0,0.0,1.0,1.0
2213.0,delete,7.952650045445748,705.0,12.0,7.952650045445748,0.0,0.0,0.0,0.0,0.0
2214.0,swap_cx,7.952650045445748,705.0,12.0,7.952650045445748,0.0,0.0,0.0,0.0,1.0
2215.0,swap_rx,7.929708109300748,705.0,12.0,7.952650045445748,0.0,1.0,0.0,0.0,0.0
2216.0,swap_ry,7.810036267538808,705.0,12.0,7.952650045445748,0.0,0.0,1.0,0.0,0.0
2217.0,swap_rz,7.952650045445748,705.0,12.0,7.952650045445748,0.0,0.0,0.0,1.0,0.0
2217.0,stop,7.8085108747139405,706.0,9.0,7.808510874713941,1.0,0.0,0.0,0.0,0.0
2218.0,change_2,7.8071472528122206,707.0,10.0,7.812006247811729,2.0,1.0,0.0,0.0,0.0
2219.0,stop,7.812006247811729,707.0,9.0,7.812006247811729,2.0,1.0,0.0,0.0,0.0
2220.0,add_cx,7.812006247811729,707.0,10.0,7.812006247811729,2.0,1.0,0.0,0.0,1.0
2221.0,add_rx,7.812006247811729,707.0,10.0,7.812006247811729,2.0,2.0,0.0,0.0,0.0
2222.0,add_ry,7.7529997742503864,707.0,10.0,7.812006247811729,2.0,1.0,1.0,0.0,0.0
2223.0,add_rz,7.812006247811729,707.0,10.0,7.812006247811729,2.0,1.0,0.0,1.0,0.0
2224.0,delete,7.810964200431083,707.0,10.0,7.812006247811729,1.0,1.0,0.0,0.0,0.0
2225.0,swap_cx,7.716786114337374,707.0,10.0,7.812006247811729,1.0,1.0,0.0,0.0,1.0
2226.0,swap_rx,7.824734219293526,707.0,10.0,7.812006247811729,2.0,1.0,0.0,0.0,0.0
2227.0,swap_ry,7.4833858421916,707.0,10.0,7.812006247811729,2.0,0.0,1.0,0.0,0.0
2228.0,swap_rz,7.890629378605447,707.0,10.0,7.812006247811729,1.0,1.0,0.0,1.0,0.0
2228.0,stop,7.913237338760615,708.0,9.0,7.913237338760613,1.0,0.0,0.0,0.0,0.0
2228.0,stop,7.913237338760615,709.0,9.0,7.913237338760613,1.0,0.0,0.0,0.0,0.0
2228.0,stop,7.8085108747139405,710.0,9.0,7.808510874713941,1.0,0.0,0.0,0.0,0.0
2228.0,stop,7.824995034599562,711.0,8.0,7.824995034599566,2.0,0.0,0.0,0.0,0.0
2228.0,stop,7.913237338760615,712.0,9.0,7.913237338760612,1.0,0.0,0.0,0.0,0.0
2228.0,stop,7.913237338760615,713.0,9.0,7.913237338760612,1.0,0.0,0.0,0.0,0.0
2228.0,stop,7.913237338760615,714.0,9.0,7.913237338760612,1.0,0.0,0.0,0.0,0.0
2228.0,stop,7.913237338760615,715.0,9.0,7.913237338760612,1.0,0.0,0.0,0.0,0.0
2228.0,stop,7.913237338760615,716.0,9.0,7.913237338760612,1.0,0.0,0.0,0.0,0.0
2228.0,stop,7.913237338760615,717.0,9.0,7.913237338760612,1.0,0.0,0.0,0.0,0.0
2229.0,change_0,7.945918867805779,718.0,11.0,7.950183823261377,0.0,0.0,1.0,0.0,0.0
2230.0,stop,7.950183823261377,718.0,10.0,7.950183823261377,0.0,0.0,1.0,0.0,0.0
2231.0,add_cx,7.387815293437053,718.0,11.0,7.950183823261377,0.0,0.0,1.0,0.0,1.0
2232.0,add_rx,7.893627720029468,718.0,11.0,7.950183823261377,0.0,1.0,1.0,0.0,0.0
2233.0,add_ry,7.621796615826257,718.0,11.0,7.950183823261377,0.0,0.0,2.0,0.0,0.0
2234.0,add_rz,7.950183823261377,718.0,11.0,7.950183823261377,0.0,0.0,1.0,1.0,0.0
2235.0,delete,7.952650045445748,718.0,11.0,7.950183823261377,0.0,0.0,0.0,0.0,0.0
2236.0,swap_cx,7.952650045445748,718.0,11.0,7.950183823261377,0.0,0.0,0.0,0.0,1.0
2237.0,swap_rx,7.789056407945619,718.0,11.0,7.950183823261377,0.0,1.0,0.0,0.0,0.0
2238.0,swap_ry,7.943552041802056,718.0,11.0,7.950183823261377,0.0,0.0,1.0,0.0,0.0
2239.0,swap_rz,7.952650045445749,718.0,11.0,7.950183823261377,0.0,0.0,0.0,1.0,0.0
2239.0,stop,7.822004353369456,719.0,8.0,7.822004353369459,2.0,0.0,0.0,0.0,0.0
2239.0,stop,7.822004353369456,720.0,8.0,7.822004353369458,2.0,0.0,0.0,0.0,0.0
2239.0,stop,7.824995034599562,721.0,8.0,7.824995034599566,2.0,0.0,0.0,0.0,0.0
2239.0,stop,7.824995034599562,722.0,8.0,7.824995034599566,2.0,0.0,0.0,0.0,0.0
2239.0,stop,7.822004353369456,723.0,8.0,7.822004353369458,2.0,0.0,0.0,0.0,0.0
2239.0,stop,7.824995034599562,724.0,8.0,7.824995034599566,2.0,0.0,0.0,0.0,0.0
2239.0,stop,7.822004353369456,725.0,8.0,7.822004353369457,2.0,0.0,0.0,0.0,0.0
2239.0,stop,7.824995034599562,726.0,8.0,7.824995034599566,2.0,0.0,0.0,0.0,0.0
2240.0,change_0,7.952650045445747,727.0,11.0,7.952650045445747,0.0,0.0,0.0,1.0,0.0
2241.0,stop,7.952650045445747,727.0,10.0,7.952650045445747,0.0,0.0,0.0,1.0,0.0
2242.0,add_cx,7.952650045445747,727.0,11.0,7.952650045445747,0.0,0.0,0.0,1.0,1.0
2243.0,add_rx,7.921905475391186,727.0,11.0,7.952650045445747,0.0,1.0,0.0,1.0,0.0
2244.0,add_ry,7.665710200387022,727.0,11.0,7.952650045445747,0.0,0.0,1.0,1.0,0.0
2245.0,add_rz,7.952650045445749,727.0,11.0,7.952650045445747,0.0,0.0,0.0,2.0,0.0
2246.0,delete,7.952650045445748,727.0,11.0,7.952650045445747,0.0,0.0,0.0,0.0,0.0
2247.0,swap_cx,7.952650045445748,727.0,11.0,7.952650045445747,0.0,0.0,0.0,0.0,1.0
2248.0,swap_rx,7.410433680543546,727.0,11.0,7.952650045445747,0.0,1.0,0.0,0.0,0.0
2249.0,swap_ry,7.8835636726344775,727.0,11.0,7.952650045445747,0.0,0.0,1.0,0.0,0.0
2250.0,swap_rz,7.952650045445747,727.0,11.0,7.952650045445747,0.0,0.0,0.0,1.0,0.0
2250.0,stop,7.822004353369456,728.0,8.0,7.822004353369456,2.0,0.0,0.0,0.0,0.0
2250.0,stop,7.7888918396875635,729.0,8.0,7.788891839687564,2.0,0.0,0.0,0.0,0.0
2250.0,stop,7.822004353369456,730.0,8.0,7.822004353369456,2.0,0.0,0.0,0.0,0.0
2250.0,stop,7.824995034599562,731.0,8.0,7.824995034599566,2.0,0.0,0.0,0.0,0.0
2250.0,stop,7.822004353369456,732.0,8.0,7.822004353369455,2.0,0.0,0.0,0.0,0.0
2250.0,stop,7.824995034599562,733.0,8.0,7.824995034599566,2.0,0.0,0.0,0.0,0.0
2250.0,stop,7.824995034599562,734.0,8.0,7.824995034599566,2.0,0.0,0.0,0.0,0.0
2251.0,change_0,7.810344502833816,735.0,10.0,7.7625282075851665,1.0,0.0,1.0,0.0,0.0
2252.0,stop,7.7625282075851665,735.0,9.0,7.7625282075851665,1.0,0.0,1.0,0.0,0.0
2253.0,add_cx,7.339600621875519,735.0,10.0,7.7625282075851665,1.0,0.0,1.0,0.0,1.0
2254.0,add_rx,7.763511726483118,735.0,10.0,7.7625282075851665,1.0,1.0,1.0,0.0,0.0
2255.0,add_ry,7.902720484382188,735.0,10.0,7.7625282075851665,1.0,0.0,2.0,0.0,0.0
2256.0,add_rz,7.762528207585167,735.0,10.0,7.7625282075851665,1.0,0.0,1.0,1.0,0.0
2257.0,delete,7.866105832346655,735.0,10.0,7.7625282075851665,0.0,0.0,1.0,0.0,0.0
2258.0,swap_cx,7.913237338760615,735.0,10.0,7.7625282075851665,1.0,0.0,0.0,0.0,1.0
2259.0,swap_rx,7.847694714783515,735.0,10.0,7.7625282075851665,1.0,1.0,0.0,0.0,0.0
2260.0,swap_ry,7.873831631617525,735.0,10.0,7.7625282075851665,1.0,0.0,1.0,0.0,0.0
2261.0,swap_rz,7.9132373387606165,735.0,10.0,7.7625282075851665,1.0,0.0,0.0,1.0,0.0
2261.0,stop,7.7888918396875635,736.0,8.0,7.788891839687564,2.0,0.0,0.0,0.0,0.0
2262.0,swap_cx,7.913237338760615,737.0,9.0,7.834689961109176,1.0,0.0,0.0,0.0,1.0
2263.0,stop,7.913237338760615,738.0,9.0,7.913237338760615,1.0,0.0,0.0,0.0,1.0
2264.0,add_cx,7.913237338760615,738.0,10.0,7.913237338760615,1.0,0.0,0.0,0.0,2.0
2265.0,add_rx,7.746816363216466,738.0,10.0,7.913237338760615,1.0,1.0,0.0,0.0,1.0
2266.0,add_ry,7.73340090262207,738.0,10.0,7.913237338760615,1.0,0.0,1.0,0.0,1.0
2267.0,add_rz,7.913237338760614,738.0,10.0,7.913237338760615,1.0,0.0,0.0,1.0,1.0
2268.0,delete,7.952650045445748,738.0,10.0,7.913237338760615,0.0,0.0,0.0,0.0,1.0
2269.0,swap_cx,7.397040644518788,738.0,10.0,7.913237338760615,0.0,0.0,0.0,0.0,2.0
2270.0,swap_rx,7.853815409392482,738.0,10.0,7.913237338760615,1.0,1.0,0.0,0.0,0.0
2271.0,swap_ry,7.853681529367577,738.0,10.0,7.913237338760615,0.0,0.0,1.0,0.0,1.0
2272.0,swap_rz,7.913237338760615,738.0,10.0,7.913237338760615,1.0,0.0,0.0,1.0,0.0
2272.0,stop,7.7552795345539955,739.0,7.0,7.755279534554003,3.0,0.0,0.0,0.0,0.0
2273.0,change_2,7.8249950345995645,740.0,9.0,7.824995034599564,2.0,0.0,0.0,1.0,0.0
2274.0,stop,7.824995034599564,740.0,8.0,7.824995034599564,2.0,0.0,0.0,1.0,0.0
2275.0,add_cx,7.673012766299438,740.0,9.0,7.824995034599564,2.0,0.0,0.0,1.0,1.0
2276.0,add_rx,7.689576878335216,740.0,9.0,7.824995034599564,2.0,1.0,0.0,1.0,0.0
2277.0,add_ry,7.652129760245037,740.0,9.0,7.824995034599564,2.0,0.0,1.0,1.0,0.0
2278.0,add_rz,7.824995034599564,740.0,9.0,7.824995034599564,2.0,0.0,0.0,2.0,0.0
2279.0,delete,7.8085108747139405,740.0,9.0,7.824995034599564,1.0,0.0,0.0,1.0,0.0
2280.0,swap_cx,7.913237338760615,740.0,9.0,7.824995034599564,1.0,0.0,0.0,1.0,1.0
2281.0,swap_rx,7.785184524031385,740.0,9.0,7.824995034599564,1.0,1.0,0.0,1.0,0.0
2282.0,swap_ry,7.820003778689741,740.0,9.0,7.824995034599564,2.0,0.0,1.0,0.0,0.0
2283.0,swap_rz,7.824995034599562,740.0,9.0,7.824995034599564,2.0,0.0,0.0,1.0,0.0
2283.0,stop,7.7888918396875635,741.0,8.0,7.788891839687564,2.0,0.0,0.0,0.0,0.0
2284.0,stop,7.952650045445748,742.0,10.0,7.952650045445748,0.0,0.0,0.0,0.0,0.0
2285.0,add_cx,7.789984187021045,742.0,11.0,7.952650045445748,0.0,0.0,0.0,0.0,1.0
2286.0,add_rx,7.915550579865881,742.0,11.0,7.952650045445748,0.0,1.0,0.0,0.0,0.0
2287.0,add_ry,7.723831577738211,742.0,11.0,7.952650045445748,0.0,0.0,1.0,0.0,0.0
2288.0,add_rz,7.952650045445749,742.0,11.0,7.952650045445748,0.0,0.0,0.0,1.0,0.0
2288.0,stop,7.7888918396875635,743.0,8.0,7.788891839687564,2.0,0.0,0.0,0.0,0.0
2288.0,stop,7.7552795345539955,744.0,7.0,7.755279534554003,3.0,0.0,0.0,0.0,0.0
2288.0,stop,7.7888918396875635,745.0,8.0,7.788891839687564,2.0,0.0,0.0,0.0,0.0
2288.0,stop,7.8085108747139405,746.0,9.0,7.8085108747139405,1.0,0.0,0.0,0.0,0.0
2288.0,stop,7.913237338760615,747.0,9.0,7.913237338760615,1.0,0.0,0.0,0.0,0.0
2288.0,stop,7.913237338760615,748.0,9.0,7.913237338760615,1.0,0.0,0.0,0.0,0.0
2288.0,stop,7.913237338760615,749.0,9.0,7.913237338760614,1.0,0.0,0.0,0.0,0.0
2288.0,stop,7.913237338760615,750.0,9.0,7.913237338760614,1.0,0.0,0.0,0.0,0.0
2289.0,change_0,7.952650045445748,751.0,11.0,7.952650045445749,0.0,0.0,0.0,1.0,0.0
2290.0,stop,7.952650045445749,751.0,10.0,7.952650045445749,0.0,0.0,0.0,1.0,0.0
2291.0,add_cx,7.952650045445749,751.0,11.0,7.952650045445749,0.0,0.0,0.0,1.0,1.0
2292.0,add_rx,7.877590926527301,751.0,11.0,7.952650045445749,0.0,1.0,0.0,1.0,0.0
2293.0,add_ry,7.820124919883796,751.0,11.0,7.952650045445749,0.0,0.0,1.0,1.0,0.0
2294.0,add_rz,7.952650045445748,751.0,11.0,7.952650045445749,0.0,0.0,0.0,2.0,0.0
2295.0,delete,7.952650045445748,751.0,11.0,7.952650045445749,0.0,0.0,0.0,0.0,0.0
2296.0,swap_cx,7.952650045445748,751.0,11.0,7.952650045445749,0.0,0.0,0.0,0.0,1.0
2297.0,swap_rx,7.910620897012272,751.0,11.0,7.952650045445749,0.0,1.0,0.0,0.0,0.0
2298.0,swap_ry,7.802536861413291,751.0,11.0,7.952650045445749,0.0,0.0,1.0,0.0,0.0
2299.0,swap_rz,7.952650045445749,751.0,11.0,7.952650045445749,0.0,0.0,0.0,1.0,0.0
2299.0,stop,7.913237338760615,752.0,9.0,7.913237338760614,1.0,0.0,0.0,0.0,0.0
2300.0,change_1,7.913237338760615,753.0,11.0,7.913237338760615,1.0,0.0,0.0,1.0,0.0
2301.0,stop,7.913237338760615,753.0,10.0,7.913237338760615,1.0,0.0,0.0,1.0,0.0
2302.0,add_cx,7.913237338760615,753.0,11.0,7.913237338760615,1.0,0.0,0.0,1.0,1.0
2303.0,add_rx,7.334564525399088,753.0,11.0,7.913237338760615,1.0,1.0,0.0,1.0,0.0
2304.0,add_ry,7.736134290314105,753.0,11.0,7.913237338760615,1.0,0.0,1.0,1.0,0.0
2305.0,add_rz,7.913237338760615,753.0,11.0,7.913237338760615,1.0,0.0,0.0,2.0,0.0
2306.0,delete,7.952650045445748,753.0,11.0,7.913237338760615,0.0,0.0,0.0,1.0,0.0
2307.0,swap_cx,7.913237338760615,753.0,11.0,7.913237338760615,1.0,0.0,0.0,0.0,1.0
2308.0,swap_rx,7.876705129102364,753.0,11.0,7.913237338760615,1.0,1.0,0.0,0.0,0.0
2309.0,swap_ry,7.88062506334987,753.0,11.0,7.913237338760615,0.0,0.0,1.0,1.0,0.0
2310.0,swap_rz,7.9132373387606165,753.0,11.0,7.913237338760615,1.0,0.0,0.0,1.0,0.0
2310.0,stop,7.7888918396875635,754.0,8.0,7.7888918396875635,2.0,0.0,0.0,0.0,0.0
2310.0,stop,7.7888918396875635,755.0,8.0,7.788891839687563,2.0,0.0,0.0,0.0,0.0
2310.0,stop,7.7888918396875635,756.0,8.0,7.788891839687563,2.0,0.0,0.0,0.0,0.0
2311.0,change_1,7.747516273024342,757.0,10.0,7.76411827602716,1.0,0.0,1.0,0.0,0.0
2312.0,stop,7.76411827602716,757.0,9.0,7.76411827602716,1.0,0.0,1.0,0.0,0.0
2313.0,add_cx,6.968410848935334,757.0,10.0,7.76411827602716,1.0,0.0,1.0,0.0,1.0
2314.0,add_rx,7.436711483505514,757.0,10.0,7.76411827602716,1.0,1.0,1.0,0.0,0.0
2315.0,add_ry,7.518742216578771,757.0,10.0,7.76411827602716,1.0,0.0,2.0,0.0,0.0
2316.0,add_rz,7.76411827602716,757.0,10.0,7.76411827602716,1.0,0.0,1.0,1.0,0.0
2317.0,delete,7.872849353502083,757.0,10.0,7.76411827602716,0.0,0.0,1.0,0.0,0.0
2318.0,swap_cx,7.872849353502083,757.0,10.0,7.76411827602716,0.0,0.0,1.0,0.0,1.0
2319.0,swap_rx,7.7691959659226555,757.0,10.0,7.76411827602716,0.0,1.0,1.0,0.0,0.0
2320.0,swap_ry,7.895285622536389,757.0,10.0,7.76411827602716,1.0,0.0,1.0,0.0,0.0
2321.0,swap_rz,7.913237338760616,757.0,10.0,7.76411827602716,1.0,0.0,0.0,1.0,0.0
2321.0,stop,7.7552795345539955,758.0,7.0,7.755279534554003,3.0,0.0,0.0,0.0,0.0
2322.0,change_3,7.747718861420177,759.0,9.0,7.738207309250569,3.0,0.0,1.0,0.0,0.0
2323.0,stop,7.738207309250569,759.0,8.0,7.738207309250569,3.0,0.0,1.0,0.0,0.0
2324.0,add_cx,7.738207309250569,759.0,9.0,7.738207309250569,3.0,0.0,1.0,0.0,1.0
2325.0,add_rx,7.688660771028733,759.0,9.0,7.738207309250569,3.0,1.0,1.0,0.0,0.0
2326.0,add_ry,7.763803229355981,759.0,9.0,7.738207309250569,3.0,0.0,2.0,0.0,0.0
2327.0,add_rz,7.738207309250567,759.0,9.0,7.738207309250569,3.0,0.0,1.0,1.0,0.0
2328.0,delete,7.814776516365398,759.0,9.0,7.738207309250569,2.0,0.0,1.0,0.0,0.0
2329.0,swap_cx,7.813348121472535,759.0,9.0,7.738207309250569,2.0,0.0,1.0,0.0,1.0
2330.0,swap_rx,7.32702677891337,759.0,9.0,7.738207309250569,2.0,1.0,1.0,0.0,0.0
2331.0,swap_ry,7.7549659790368635,759.0,9.0,7.738207309250569,2.0,0.0,2.0,0.0,0.0
2332.0,swap_rz,7.8133481214725355,759.0,9.0,7.738207309250569,2.0,0.0,1.0,1.0,0.0
2332.0,stop,7.7552795345539955,760.0,7.0,7.7552795345540035,3.0,0.0,0.0,0.0,0.0
2332.0,stop,7.7552795345539955,761.0,7.0,7.7552795345540035,3.0,0.0,0.0,0.0,0.0
2332.0,stop,7.824995034599562,762.0,8.0,7.824995034599566,2.0,0.0,0.0,0.0,0.0
2332.0,stop,7.913237338760615,763.0,9.0,7.913237338760612,1.0,0.0,0.0,0.0,0.0
2332.0,stop,7.913237338760615,764.0,9.0,7.913237338760611,1.0,0.0,0.0,0.0,0.0
2333.0,change_1,7.913237338760615,765.0,11.0,7.913237338760616,1.0,0.0,0.0,1.0,0.0
2334.0,stop,7.913237338760616,765.0,10.0,7.913237338760616,1.0,0.0,0.0,1.0,0.0
2335.0,add_cx,7.913237338760616,765.0,11.0,7.913237338760616,1.0,0.0,0.0,1.0,1.0
2336.0,add_rx,7.65460779761496,765.0,11.0,7.913237338760616,1.0,1.0,0.0,1.0,0.0
2337.0,add_ry,7.881762578905294,765.0,11.0,7.913237338760616,1.0,0.0,1.0,1.0,0.0
2338.0,add_rz,7.913237338760615,765.0,11.0,7.913237338760616,1.0,0.0,0.0,2.0,0.0
2339.0,delete,7.952650045445749,765.0,11.0,7.913237338760616,0.0,0.0,0.0,1.0,0.0
2340.0,swap_cx,7.913237338760615,765.0,11.0,7.913237338760616,1.0,0.0,0.0,0.0,1.0
2341.0,swap_rx,7.834679580578874,765.0,11.0,7.913237338760616,0.0,1.0,0.0,1.0,0.0
2342.0,swap_ry,7.4960084922477535,765.0,11.0,7.913237338760616,1.0,0.0,1.0,0.0,0.0
2343.0,swap_rz,7.913237338760615,765.0,11.0,7.913237338760616,1.0,0.0,0.0,1.0,0.0
2343.0,stop,7.824995034599562,766.0,8.0,7.824995034599566,2.0,0.0,0.0,0.0,0.0
2343.0,stop,7.824995034599562,767.0,8.0,7.824995034599566,2.0,0.0,0.0,0.0,0.0
2343.0,stop,7.824995034599562,768.0,8.0,7.824995034599566,2.0,0.0,0.0,0.0,0.0
2343.0,stop,7.824995034599562,769.0,8.0,7.824995034599566,2.0,0.0,0.0,0.0,0.0
2343.0,stop,7.952650045445748,770.0,10.0,7.952650045445748,0.0,0.0,0.0,0.0,0.0
2343.0,stop,7.952650045445748,771.0,10.0,7.952650045445749,0.0,0.0,0.0,0.0,0.0
2343.0,stop,7.952650045445748,772.0,10.0,7.952650045445749,0.0,0.0,0.0,0.0,0.0
2343.0,stop,7.952650045445748,773.0,10.0,7.952650045445749,0.0,0.0,0.0,0.0,0.0
2343.0,stop,7.8085108747139405,774.0,9.0,7.8085108747139405,1.0,0.0,0.0,0.0,0.0
2343.0,stop,7.952650045445748,775.0,10.0,7.952650045445749,0.0,0.0,0.0,0.0,0.0
2343.0,stop,7.952650045445748,776.0,10.0,7.95265004544575,0.0,0.0,0.0,0.0,0.0
2343.0,stop,7.952650045445748,777.0,10.0,7.95265004544575,0.0,0.0,0.0,0.0,0.0
2343.0,stop,7.952650045445748,778.0,10.0,7.95265004544575,0.0,0.0,0.0,0.0,0.0
2343.0,stop,7.952650045445748,779.0,10.0,7.95265004544575,0.0,0.0,0.0,0.0,0.0
2343.0,stop,7.952650045445748,780.0,10.0,7.95265004544575,0.0,0.0,0.0,0.0,0.0
2343.0,stop,7.952650045445748,781.0,10.0,7.95265004544575,0.0,0.0,0.0,0.0,0.0
2343.0,stop,7.8085108747139405,782.0,9.0,7.808510874713941,1.0,0.0,0.0,0.0,0.0
2343.0,stop,7.952650045445748,783.0,10.0,7.952650045445749,0.0,0.0,0.0,0.0,0.0
2343.0,stop,7.952650045445748,784.0,10.0,7.952650045445749,0.0,0.0,0.0,0.0,0.0
2343.0,stop,7.952650045445748,785.0,10.0,7.952650045445749,0.0,0.0,0.0,0.0,0.0
2344.0,change_0,7.952650045445748,786.0,12.0,7.952650045445748,0.0,0.0,0.0,1.0,0.0
2345.0,stop,7.952650045445748,786.0,11.0,7.952650045445748,0.0,0.0,0.0,1.0,0.0
2346.0,add_cx,7.873824632075484,786.0,12.0,7.952650045445748,0.0,0.0,0.0,1.0,1.0
2347.0,add_rx,7.950473002346032,786.0,12.0,7.952650045445748,0.0,1.0,0.0,1.0,0.0
2348.0,add_ry,7.806923197034073,786.0,12.0,7.952650045445748,0.0,0.0,1.0,1.0,0.0
2349.0,add_rz,7.952650045445749,786.0,12.0,7.952650045445748,0.0,0.0,0.0,2.0,0.0
2350.0,delete,7.952650045445748,786.0,12.0,7.952650045445748,0.0,0.0,0.0,0.0,0.0
2351.0,swap_cx,7.952650045445748,786.0,12.0,7.952650045445748,0.0,0.0,0.0,0.0,1.0
2352.0,swap_rx,7.936236367041051,786.0,12.0,7.952650045445748,0.0,1.0,0.0,0.0,0.0
2353.0,swap_ry,7.876363700022747,786.0,12.0,7.952650045445748,0.0,0.0,1.0,0.0,0.0
2354.0,swap_rz,7.952650045445747,786.0,12.0,7.952650045445748,0.0,0.0,0.0,1.0,0.0
2354.0,stop,7.8085108747139405,787.0,9.0,7.808510874713941,1.0,0.0,0.0,0.0,0.0
2354.0,stop,7.8085108747139405,788.0,9.0,7.808510874713942,1.0,0.0,0.0,0.0,0.0
2355.0,change_0,7.919814825738505,789.0,11.0,7.875217633826663,0.0,0.0,1.0,0.0,0.0
2356.0,stop,7.875217633826663,789.0,10.0,7.875217633826663,0.0,0.0,1.0,0.0,0.0
2357.0,add_cx,7.4688465544939735,789.0,11.0,7.875217633826663,0.0,0.0,1.0,0.0,1.0
2358.0,add_rx,7.698058632524091,789.0,11.0,7.875217633826663,0.0,1.0,1.0,0.0,0.0
2359.0,add_ry,7.859892599125873,789.0,11.0,7.875217633826663,0.0,0.0,2.0,0.0,0.0
2360.0,add_rz,7.875217633826663,789.0,11.0,7.875217633826663,0.0,0.0,1.0,1.0,0.0
2361.0,delete,7.952650045445748,789.0,11.0,7.875217633826663,0.0,0.0,0.0,0.0,0.0
2362.0,swap_cx,7.952650045445748,789.0,11.0,7.875217633826663,0.0,0.0,0.0,0.0,1.0
2363.0,swap_rx,7.906695345449538,789.0,11.0,7.875217633826663,0.0,1.0,0.0,0.0,0.0
2364.0,swap_ry,7.875989734220192,789.0,11.0,7.875217633826663,0.0,0.0,1.0,0.0,0.0
2365.0,swap_rz,7.952650045445749,789.0,11.0,7.875217633826663,0.0,0.0,0.0,1.0,0.0
2365.0,stop,7.824995034599562,790.0,8.0,7.824995034599566,2.0,0.0,0.0,0.0,0.0
2365.0,stop,7.824995034599562,791.0,8.0,7.824995034599566,2.0,0.0,0.0,0.0,0.0
2365.0,stop,7.824995034599562,792.0,8.0,7.824995034599566,2.0,0.0,0.0,0.0,0.0
2365.0,stop,7.913237338760615,793.0,9.0,7.913237338760611,1.0,0.0,0.0,0.0,0.0
2365.0,stop,7.913237338760615,794.0,9.0,7.913237338760611,1.0,0.0,0.0,0.0,0.0
2365.0,stop,7.913237338760615,795.0,9.0,7.913237338760611,1.0,0.0,0.0,0.0,0.0
2365.0,stop,7.913237338760615,796.0,9.0,7.913237338760611,1.0,0.0,0.0,0.0,0.0
2365.0,stop,7.913237338760615,797.0,9.0,7.913237338760611,1.0,0.0,0.0,0.0,0.0
2365.0,stop,7.913237338760615,798.0,9.0,7.913237338760611,1.0,0.0,0.0,0.0,0.0
2365.0,stop,7.913237338760615,799.0,9.0,7.913237338760611,1.0,0.0,0.0,0.0,0.0
2365.0,stop,7.824995034599562,800.0,8.0,7.824995034599566,2.0,0.0,0.0,0.0,0.0
2365.0,stop,7.913237338760615,801.0,9.0,7.913237338760611,1.0,0.0,0.0,0.0,0.0
2365.0,stop,7.913237338760615,802.0,9.0,7.913237338760611,1.0,0.0,0.0,0.0,0.0
2365.0,stop,7.913237338760615,803.0,9.0,7.913237338760611,1.0,0.0,0.0,0.0,0.0
2365.0,stop,7.913237338760615,804.0,9.0,7.913237338760611,1.0,0.0,0.0,0.0,0.0
2365.0,stop,7.913237338760615,805.0,9.0,7.913237338760611,1.0,0.0,0.0,0.0,0.0
2365.0,stop,7.952650045445748,806.0,10.0,7.952650045445748,0.0,0.0,0.0,0.0,0.0
2365.0,stop,7.952650045445748,807.0,10.0,7.952650045445749,0.0,0.0,0.0,0.0,0.0
2365.0,stop,7.952650045445748,808.0,10.0,7.952650045445749,0.0,0.0,0.0,0.0,0.0
2365.0,stop,7.952650045445748,809.0,10.0,7.952650045445749,0.0,0.0,0.0,0.0,0.0
2365.0,stop,7.913237338760615,810.0,9.0,7.913237338760611,1.0,0.0,0.0,0.0,0.0
2365.0,stop,7.952650045445748,811.0,10.0,7.952650045445749,0.0,0.0,0.0,0.0,0.0
2365.0,stop,7.952650045445748,812.0,10.0,7.95265004544575,0.0,0.0,0.0,0.0,0.0
2365.0,stop,7.952650045445748,813.0,10.0,7.95265004544575,0.0,0.0,0.0,0.0,0.0
2365.0,stop,7.913237338760615,814.0,9.0,7.913237338760611,1.0,0.0,0.0,0.0,0.0
2365.0,stop,7.952650045445748,815.0,10.0,7.95265004544575,0.0,0.0,0.0,0.0,0.0
2365.0,stop,7.952650045445748,816.0,10.0,7.95265004544575,0.0,0.0,0.0,0.0,0.0
2365.0,stop,7.952650045445748,817.0,10.0,7.95265004544575,0.0,0.0,0.0,0.0,0.0
2365.0,stop,7.913237338760615,818.0,9.0,7.913237338760611,1.0,0.0,0.0,0.0,0.0
2365.0,stop,7.952650045445748,819.0,10.0,7.95265004544575,0.0,0.0,0.0,0.0,0.0
2365.0,stop,7.952650045445748,820.0,10.0,7.952650045445749,0.0,0.0,0.0,0.0,0.0
2365.0,stop,7.952650045445748,821.0,10.0,7.952650045445749,0.0,0.0,0.0,0.0,0.0
2365.0,stop,7.913237338760615,822.0,9.0,7.913237338760611,1.0,0.0,0.0,0.0,0.0
2365.0,stop,7.952650045445748,823.0,10.0,7.952650045445749,0.0,0.0,0.0,0.0,0.0
2365.0,stop,7.952650045445748,824.0,10.0,7.952650045445749,0.0,0.0,0.0,0.0,0.0
2365.0,stop,7.913237338760615,825.0,9.0,7.91323733876061,1.0,0.0,0.0,0.0,0.0
2365.0,stop,7.952650045445748,826.0,10.0,7.952650045445749,0.0,0.0,0.0,0.0,0.0
2365.0,stop,7.952650045445748,827.0,10.0,7.95265004544575,0.0,0.0,0.0,0.0,0.0
2365.0,stop,7.952650045445748,828.0,10.0,7.95265004544575,0.0,0.0,0.0,0.0,0.0
2365.0,stop,7.913237338760615,829.0,9.0,7.91323733876061,1.0,0.0,0.0,0.0,0.0
2365.0,stop,7.952650045445748,830.0,10.0,7.95265004544575,0.0,0.0,0.0,0.0,0.0
2365.0,stop,7.952650045445748,831.0,10.0,7.95265004544575,0.0,0.0,0.0,0.0,0.0
2365.0,stop,7.913237338760615,832.0,9.0,7.91323733876061,1.0,0.0,0.0,0.0,0.0
2365.0,stop,7.952650045445748,833.0,10.0,7.95265004544575,0.0,0.0,0.0,0.0,0.0
2365.0,stop,7.952650045445748,834.0,10.0,7.95265004544575,0.0,0.0,0.0,0.0,0.0
2365.0,stop,7.952650045445748,835.0,10.0,7.95265004544575,0.0,0.0,0.0,0.0,0.0
2365.0,stop,7.913237338760615,836.0,9.0,7.91323733876061,1.0,0.0,0.0,0.0,0.0
2365.0,stop,7.952650045445748,837.0,10.0,7.95265004544575,0.0,0.0,0.0,0.0,0.0
2366.0,change_0,7.949757387875248,838.0,11.0,7.945242889083908,0.0,1.0,0.0,0.0,0.0
2367.0,stop,7.945242889083908,838.0,10.0,7.945242889083908,0.0,1.0,0.0,0.0,0.0
2368.0,add_cx,7.834493229632759,838.0,11.0,7.945242889083908,0.0,1.0,0.0,0.0,1.0
2369.0,add_rx,7.791460040854433,838.0,11.0,7.945242889083908,0.0,2.0,0.0,0.0,0.0
2370.0,add_ry,7.678714468025658,838.0,11.0,7.945242889083908,0.0,1.0,1.0,0.0,0.0
2371.0,add_rz,7.94524288908391,838.0,11.0,7.945242889083908,0.0,1.0,0.0,1.0,0.0
2372.0,delete,7.952650045445748,838.0,11.0,7.945242889083908,0.0,0.0,0.0,0.0,0.0
2373.0,swap_cx,7.873824632075483,838.0,11.0,7.945242889083908,0.0,0.0,0.0,0.0,1.0
2374.0,swap_rx,7.855052178681058,838.0,11.0,7.945242889083908,0.0,1.0,0.0,0.0,0.0
2375.0,swap_ry,7.902876824328514,838.0,11.0,7.945242889083908,0.0,0.0,1.0,0.0,0.0
2376.0,swap_rz,7.952650045445748,838.0,11.0,7.945242889083908,0.0,0.0,0.0,1.0,0.0
2376.0,stop,7.952650045445748,839.0,10.0,7.952650045445749,0.0,0.0,0.0,0.0,0.0
2376.0,stop,7.952650045445748,840.0,10.0,7.952650045445749,0.0,0.0,0.0,0.0,0.0
2376.0,stop,7.952650045445748,841.0,10.0,7.95265004544575,0.0,0.0,0.0,0.0,0.0
2376.0,stop,7.952650045445748,842.0,10.0,7.95265004544575,0.0,0.0,0.0,0.0,0.0
2376.0,stop,7.952650045445748,843.0,10.0,7.95265004544575,0.0,0.0,0.0,0.0,0.0
2376.0,stop,7.8085108747139405,844.0,9.0,7.808510874713942,1.0,0.0,0.0,0.0,0.0
2376.0,stop,7.952650045445748,845.0,10.0,7.95265004544575,0.0,0.0,0.0,0.0,0.0
2376.0,stop,7.952650045445748,846.0,10.0,7.95265004544575,0.0,0.0,0.0,0.0,0.0
2376.0,stop,7.952650045445748,847.0,10.0,7.95265004544575,0.0,0.0,0.0,0.0,0.0
2376.0,stop,7.952650045445748,848.0,10.0,7.95265004544575,0.0,0.0,0.0,0.0,0.0
2376.0,stop,7.952650045445748,849.0,10.0,7.95265004544575,0.0,0.0,0.0,0.0,0.0
2376.0,stop,7.952650045445748,850.0,10.0,7.95265004544575,0.0,0.0,0.0,0.0,0.0
2376.0,stop,7.952650045445748,851.0,10.0,7.95265004544575,0.0,0.0,0.0,0.0,0.0
2376.0,stop,7.952650045445748,852.0,10.0,7.95265004544575,0.0,0.0,0.0,0.0,0.0
2376.0,stop,7.952650045445748,853.0,10.0,7.952650045445749,0.0,0.0,0.0,0.0,0.0
2376.0,stop,7.952650045445748,854.0,10.0,7.952650045445749,0.0,0.0,0.0,0.0,0.0
2376.0,stop,7.952650045445748,855.0,10.0,7.952650045445749,0.0,0.0,0.0,0.0,0.0
2376.0,stop,7.8085108747139405,856.0,9.0,7.808510874713942,1.0,0.0,0.0,0.0,0.0
2376.0,stop,7.952650045445748,857.0,10.0,7.952650045445749,0.0,0.0,0.0,0.0,0.0
2376.0,stop,7.952650045445748,858.0,10.0,7.952650045445749,0.0,0.0,0.0,0.0,0.0
2376.0,stop,7.952650045445748,859.0,10.0,7.952650045445749,0.0,0.0,0.0,0.0,0.0
2377.0,change_0,7.870747457311409,860.0,12.0,7.872255983348933,0.0,0.0,1.0,0.0,0.0
2378.0,stop,7.872255983348933,860.0,11.0,7.872255983348933,0.0,0.0,1.0,0.0,0.0
2379.0,add_cx,7.653762973871644,860.0,12.0,7.872255983348933,0.0,0.0,1.0,0.0,1.0
2380.0,add_rx,7.790803950168539,860.0,12.0,7.872255983348933,0.0,1.0,1.0,0.0,0.0
2381.0,add_ry,7.817264331722123,860.0,12.0,7.872255983348933,0.0,0.0,2.0,0.0,0.0
2382.0,add_rz,7.872255983348933,860.0,12.0,7.872255983348933,0.0,0.0,1.0,1.0,0.0
2383.0,delete,7.952650045445748,860.0,12.0,7.872255983348933,0.0,0.0,0.0,0.0,0.0
2384.0,swap_cx,7.952650045445748,860.0,12.0,7.872255983348933,0.0,0.0,0.0,0.0,1.0
2385.0,swap_rx,7.870159746211774,860.0,12.0,7.872255983348933,0.0,1.0,0.0,0.0,0.0
2386.0,swap_ry,7.89038342829467,860.0,12.0,7.872255983348933,0.0,0.0,1.0,0.0,0.0
2387.0,swap_rz,7.952650045445749,860.0,12.0,7.872255983348933,0.0,0.0,0.0,1.0,0.0
2387.0,stop,7.952650045445748,861.0,10.0,7.95265004544575,0.0,0.0,0.0,0.0,0.0
2387.0,stop,7.913237338760615,862.0,9.0,7.91323733876061,1.0,0.0,0.0,0.0,0.0
2387.0,stop,7.952650045445748,863.0,10.0,7.95265004544575,0.0,0.0,0.0,0.0,0.0
2387.0,stop,7.952650045445748,864.0,10.0,7.95265004544575,0.0,0.0,0.0,0.0,0.0
2387.0,stop,7.952650045445748,865.0,10.0,7.952650045445749,0.0,0.0,0.0,0.0,0.0
2387.0,stop,7.913237338760615,866.0,9.0,7.91323733876061,1.0,0.0,0.0,0.0,0.0
2387.0,stop,7.952650045445748,867.0,10.0,7.952650045445749,0.0,0.0,0.0,0.0,0.0
2387.0,stop,7.952650045445748,868.0,10.0,7.952650045445749,0.0,0.0,0.0,0.0,0.0
2387.0,stop,7.913237338760615,869.0,9.0,7.91323733876061,1.0,0.0,0.0,0.0,0.0
2387.0,stop,7.952650045445748,870.0,10.0,7.952650045445749,0.0,0.0,0.0,0.0,0.0
2387.0,stop,7.952650045445748,871.0,10.0,7.952650045445749,0.0,0.0,0.0,0.0,0.0
2387.0,stop,7.952650045445748,872.0,10.0,7.952650045445749,0.0,0.0,0.0,0.0,0.0
2387.0,stop,7.913237338760615,873.0,9.0,7.91323733876061,1.0,0.0,0.0,0.0,0.0
2387.0,stop,7.952650045445748,874.0,10.0,7.952650045445749,0.0,0.0,0.0,0.0,0.0
2387.0,stop,7.952650045445748,875.0,10.0,7.952650045445749,0.0,0.0,0.0,0.0,0.0
2387.0,stop,7.913237338760615,876.0,9.0,7.91323733876061,1.0,0.0,0.0,0.0,0.0
2387.0,stop,7.952650045445748,877.0,10.0,7.952650045445749,0.0,0.0,0.0,0.0,0.0
2387.0,stop,7.952650045445748,878.0,10.0,7.952650045445749,0.0,0.0,0.0,0.0,0.0
2387.0,stop,7.952650045445748,879.0,10.0,7.95265004544575,0.0,0.0,0.0,0.0,0.0
2387.0,stop,7.913237338760615,880.0,9.0,7.91323733876061,1.0,0.0,0.0,0.0,0.0
2387.0,stop,7.952650045445748,881.0,10.0,7.95265004544575,0.0,0.0,0.0,0.0,0.0
2387.0,stop,7.952650045445748,882.0,10.0,7.95265004544575,0.0,0.0,0.0,0.0,0.0
2387.0,stop,7.952650045445748,883.0,10.0,7.95265004544575,0.0,0.0,0.0,0.0,0.0
2387.0,stop,7.913237338760615,884.0,9.0,7.91323733876061,1.0,0.0,0.0,0.0,0.0
2387.0,stop,7.952650045445748,885.0,10.0,7.95265004544575,0.0,0.0,0.0,0.0,0.0
2387.0,stop,7.952650045445748,886.0,10.0,7.95265004544575,0.0,0.0,0.0,0.0,0.0
2387.0,stop,7.913237338760615,887.0,9.0,7.91323733876061,1.0,0.0,0.0,0.0,0.0
2387.0,stop,7.952650045445748,888.0,10.0,7.95265004544575,0.0,0.0,0.0,0.0,0.0
2387.0,stop,7.952650045445748,889.0,10.0,7.95265004544575,0.0,0.0,0.0,0.0,0.0
2387.0,stop,7.952650045445748,890.0,10.0,7.95265004544575,0.0,0.0,0.0,0.0,0.0
2387.0,stop,7.913237338760615,891.0,9.0,7.91323733876061,1.0,0.0,0.0,0.0,0.0
2387.0,stop,7.952650045445748,892.0,10.0,7.95265004544575,0.0,0.0,0.0,0.0,0.0
2387.0,stop,7.952650045445748,893.0,10.0,7.95265004544575,0.0,0.0,0.0,0.0,0.0
2387.0,stop,7.913237338760615,894.0,9.0,7.91323733876061,1.0,0.0,0.0,0.0,0.0
2387.0,stop,7.952650045445748,895.0,10.0,7.95265004544575,0.0,0.0,0.0,0.0,0.0
2387.0,stop,7.952650045445748,896.0,10.0,7.95265004544575,0.0,0.0,0.0,0.0,0.0
2387.0,stop,7.952650045445748,897.0,10.0,7.95265004544575,0.0,0.0,0.0,0.0,0.0
2387.0,stop,7.913237338760615,898.0,9.0,7.91323733876061,1.0,0.0,0.0,0.0,0.0
2387.0,stop,7.952650045445748,899.0,10.0,7.95265004544575,0.0,0.0,0.0,0.0,0.0
2387.0,stop,7.952650045445748,900.0,10.0,7.95265004544575,0.0,0.0,0.0,0.0,0.0
2387.0,stop,7.952650045445748,901.0,10.0,7.95265004544575,0.0,0.0,0.0,0.0,0.0
2387.0,stop,7.913237338760615,902.0,9.0,7.91323733876061,1.0,0.0,0.0,0.0,0.0
2387.0,stop,7.952650045445748,903.0,10.0,7.95265004544575,0.0,0.0,0.0,0.0,0.0
2387.0,stop,7.952650045445748,904.0,10.0,7.95265004544575,0.0,0.0,0.0,0.0,0.0
2387.0,stop,7.913237338760615,905.0,9.0,7.91323733876061,1.0,0.0,0.0,0.0,0.0
2387.0,stop,7.952650045445748,906.0,10.0,7.95265004544575,0.0,0.0,0.0,0.0,0.0
2387.0,stop,7.952650045445748,907.0,10.0,7.95265004544575,0.0,0.0,0.0,0.0,0.0
2388.0,change_1,7.560739301116897,908.0,11.0,7.696297964600164,1.0,0.0,1.0,0.0,0.0
2389.0,stop,7.696297964600164,908.0,10.0,7.696297964600164,1.0,0.0,1.0,0.0,0.0
2390.0,add_cx,7.43368947327347,908.0,11.0,7.696297964600164,1.0,0.0,1.0,0.0,1.0
2391.0,add_rx,7.185518837879306,908.0,11.0,7.696297964600164,1.0,1.0,1.0,0.0,0.0
2392.0,add_ry,7.771066784473531,908.0,11.0,7.696297964600164,1.0,0.0,2.0,0.0,0.0
2393.0,add_rz,7.696297964600164,908.0,11.0,7.696297964600164,1.0,0.0,1.0,1.0,0.0
2394.0,delete,7.774407941603581,908.0,11.0,7.696297964600164,0.0,0.0,1.0,0.0,0.0
2395.0,swap_cx,7.531788315301012,908.0,11.0,7.696297964600164,0.0,0.0,1.0,0.0,1.0
2396.0,swap_rx,7.719877720691579,908.0,11.0,7.696297964600164,1.0,1.0,0.0,0.0,0.0
2397.0,swap_ry,7.47653606595872,908.0,11.0,7.696297964600164,0.0,0.0,2.0,0.0,0.0
2398.0,swap_rz,7.913237338760614,908.0,11.0,7.696297964600164,1.0,0.0,0.0,1.0,0.0
2398.0,stop,7.824995034599562,909.0,8.0,7.824995034599566,2.0,0.0,0.0,0.0,0.0
2399.0,swap_ry,7.887637205114037,910.0,9.0,7.824230697358268,1.0,0.0,1.0,0.0,0.0
2400.0,change_0,7.881129145203846,911.0,10.0,7.887637205114037,1.0,0.0,1.0,0.0,0.0
2401.0,stop,7.887637205114037,911.0,9.0,7.887637205114037,1.0,0.0,1.0,0.0,0.0
2402.0,add_cx,7.5260328192031185,911.0,10.0,7.887637205114037,1.0,0.0,1.0,0.0,1.0
2403.0,add_rx,7.890048902647007,911.0,10.0,7.887637205114037,1.0,1.0,1.0,0.0,0.0
2404.0,add_ry,7.859490936746677,911.0,10.0,7.887637205114037,1.0,0.0,2.0,0.0,0.0
2405.0,add_rz,7.887637205114036,911.0,10.0,7.887637205114037,1.0,0.0,1.0,1.0,0.0
2406.0,delete,7.9432038968800525,911.0,10.0,7.887637205114037,0.0,0.0,1.0,0.0,0.0
2407.0,swap_cx,7.894805513121932,911.0,10.0,7.887637205114037,0.0,0.0,1.0,0.0,1.0
2408.0,swap_rx,7.787964689203583,911.0,10.0,7.887637205114037,1.0,1.0,0.0,0.0,0.0
2409.0,swap_ry,7.619436603942075,911.0,10.0,7.887637205114037,1.0,0.0,1.0,0.0,0.0
2410.0,swap_rz,7.9432038968800525,911.0,10.0,7.887637205114037,0.0,0.0,1.0,1.0,0.0
2410.0,stop,7.824995034599562,912.0,8.0,7.824995034599566,2.0,0.0,0.0,0.0,0.0
2410.0,stop,7.824995034599562,913.0,8.0,7.824995034599565,2.0,0.0,0.0,0.0,0.0
2410.0,stop,7.824995034599562,914.0,8.0,7.8249950345995645,2.0,0.0,0.0,0.0,0.0
2410.0,stop,7.824995034599562,915.0,8.0,7.824995034599564,2.0,0.0,0.0,0.0,0.0
2410.0,stop,7.824995034599562,916.0,8.0,7.824995034599563,2.0,0.0,0.0,0.0,0.0
2410.0,stop,7.824995034599562,917.0,8.0,7.824995034599563,2.0,0.0,0.0,0.0,0.0
2410.0,stop,7.824995034599562,918.0,8.0,7.824995034599562,2.0,0.0,0.0,0.0,0.0
2410.0,stop,7.824995034599562,919.0,8.0,7.824995034599561,2.0,0.0,0.0,0.0,0.0
2410.0,stop,7.8085108747139405,920.0,9.0,7.808510874713943,1.0,0.0,0.0,0.0,0.0
2410.0,stop,7.8085108747139405,921.0,9.0,7.808510874713943,1.0,0.0,0.0,0.0,0.0
2410.0,stop,7.952650045445748,922.0,10.0,7.952650045445749,0.0,0.0,0.0,0.0,0.0
2410.0,stop,7.8085108747139405,923.0,9.0,7.808510874713943,1.0,0.0,0.0,0.0,0.0
2410.0,stop,7.824995034599562,924.0,8.0,7.82499503459956,2.0,0.0,0.0,0.0,0.0
2410.0,stop,7.952650045445748,925.0,10.0,7.952650045445749,0.0,0.0,0.0,0.0,0.0
2410.0,stop,7.952650045445748,926.0,10.0,7.952650045445749,0.0,0.0,0.0,0.0,0.0
2410.0,stop,7.952650045445748,927.0,10.0,7.952650045445749,0.0,0.0,0.0,0.0,0.0
2410.0,stop,7.952650045445748,928.0,10.0,7.95265004544575,0.0,0.0,0.0,0.0,0.0
2410.0,stop,7.952650045445748,929.0,10.0,7.95265004544575,0.0,0.0,0.0,0.0,0.0
2410.0,stop,7.952650045445748,930.0,10.0,7.95265004544575,0.0,0.0,0.0,0.0,0.0
2411.0,change_0,7.729815616276421,931.0,11.0,7.708892893002407,0.0,1.0,0.0,0.0,0.0
2412.0,stop,7.708892893002407,931.0,10.0,7.708892893002407,0.0,1.0,0.0,0.0,0.0
2413.0,add_cx,7.708892893002407,931.0,11.0,7.708892893002407,0.0,1.0,0.0,0.0,1.0
2414.0,add_rx,7.767157978869531,931.0,11.0,7.708892893002407,0.0,2.0,0.0,0.0,0.0
2415.0,add_ry,7.762349695386318,931.0,11.0,7.708892893002407,0.0,1.0,1.0,0.0,0.0
2416.0,add_rz,7.708892893002407,931.0,11.0,7.708892893002407,0.0,1.0,0.0,1.0,0.0
2417.0,delete,7.952650045445748,931.0,11.0,7.708892893002407,0.0,0.0,0.0,0.0,0.0
2418.0,swap_cx,7.789984187020972,931.0,11.0,7.708892893002407,0.0,0.0,0.0,0.0,1.0
2419.0,swap_rx,7.950121457464506,931.0,11.0,7.708892893002407,0.0,1.0,0.0,0.0,0.0
2420.0,swap_ry,7.942790240479064,931.0,11.0,7.708892893002407,0.0,0.0,1.0,0.0,0.0
2421.0,swap_rz,7.952650045445748,931.0,11.0,7.708892893002407,0.0,0.0,0.0,1.0,0.0
2422.0,change_2,7.779041659424643,932.0,10.0,7.7546540367437835,2.0,0.0,1.0,0.0,0.0
2423.0,stop,7.7546540367437835,932.0,9.0,7.7546540367437835,2.0,0.0,1.0,0.0,0.0
2424.0,add_cx,7.7546540367437835,932.0,10.0,7.7546540367437835,2.0,0.0,1.0,0.0,1.0
2425.0,add_rx,7.705665637900201,932.0,10.0,7.7546540367437835,2.0,1.0,1.0,0.0,0.0
2426.0,add_ry,7.301052787339658,932.0,10.0,7.7546540367437835,2.0,0.0,2.0,0.0,0.0
2427.0,add_rz,7.7546540367437835,932.0,10.0,7.7546540367437835,2.0,0.0,1.0,1.0,0.0
2428.0,delete,7.824995034599562,932.0,10.0,7.7546540367437835,2.0,0.0,0.0,0.0,0.0
2429.0,swap_cx,7.878275877914067,932.0,10.0,7.7546540367437835,1.0,0.0,1.0,0.0,1.0
2430.0,swap_rx,7.718094524793729,932.0,10.0,7.7546540367437835,2.0,1.0,0.0,0.0,0.0
2431.0,swap_ry,7.7624835809178485,932.0,10.0,7.7546540367437835,1.0,0.0,2.0,0.0,0.0
2432.0,swap_rz,7.8249950345995645,932.0,10.0,7.7546540367437835,2.0,0.0,0.0,1.0,0.0
2432.0,stop,7.824995034599562,933.0,8.0,7.824995034599559,2.0,0.0,0.0,0.0,0.0
2433.0,swap_rx,7.900441781231026,934.0,9.0,7.819744651094539,1.0,1.0,0.0,0.0,0.0
2434.0,change_0,7.8986535662310295,935.0,10.0,7.900441781231026,1.0,1.0,0.0,0.0,0.0
2435.0,stop,7.900441781231026,935.0,9.0,7.900441781231026,1.0,1.0,0.0,0.0,0.0
2436.0,add_cx,7.637711133228249,935.0,10.0,7.900441781231026,1.0,1.0,0.0,0.0,1.0
2437.0,add_rx,7.754908459121653,935.0,10.0,7.900441781231026,1.0,2.0,0.0,0.0,0.0
2438.0,add_ry,7.717912236158147,935.0,10.0,7.900441781231026,1.0,1.0,1.0,0.0,0.0
2439.0,add_rz,7.900441781231024,935.0,10.0,7.900441781231026,1.0,1.0,0.0,1.0,0.0
2440.0,delete,7.913237338760615,935.0,10.0,7.900441781231026,1.0,0.0,0.0,0.0,0.0
2441.0,swap_cx,7.9317491740451125,935.0,10.0,7.900441781231026,0.0,1.0,0.0,0.0,1.0
2442.0,swap_rx,7.880903746016763,935.0,10.0,7.900441781231026,0.0,2.0,0.0,0.0,0.0
2443.0,swap_ry,7.876380629289106,935.0,10.0,7.900441781231026,0.0,1.0,1.0,0.0,0.0
2444.0,swap_rz,7.9317491740451125,935.0,10.0,7.900441781231026,0.0,1.0,0.0,1.0,0.0
2444.0,stop,7.824995034599562,936.0,8.0,7.824995034599559,2.0,0.0,0.0,0.0,0.0
2444.0,stop,7.824995034599562,937.0,8.0,7.824995034599558,2.0,0.0,0.0,0.0,0.0
2444.0,stop,7.952650045445748,938.0,10.0,7.95265004544575,0.0,0.0,0.0,0.0,0.0
2444.0,stop,7.952650045445748,939.0,10.0,7.95265004544575,0.0,0.0,0.0,0.0,0.0
2444.0,stop,7.952650045445748,940.0,10.0,7.95265004544575,0.0,0.0,0.0,0.0,0.0
2444.0,stop,7.952650045445748,941.0,10.0,7.95265004544575,0.0,0.0,0.0,0.0,0.0
2444.0,stop,7.952650045445748,942.0,10.0,7.95265004544575,0.0,0.0,0.0,0.0,0.0
2444.0,stop,7.952650045445748,943.0,10.0,7.95265004544575,0.0,0.0,0.0,0.0,0.0
2444.0,stop,7.952650045445748,944.0,10.0,7.95265004544575,0.0,0.0,0.0,0.0,0.0
2444.0,stop,7.952650045445748,945.0,10.0,7.95265004544575,0.0,0.0,0.0,0.0,0.0
2444.0,stop,7.8085108747139405,946.0,9.0,7.808510874713943,1.0,0.0,0.0,0.0,0.0
2444.0,stop,7.952650045445748,947.0,10.0,7.95265004544575,0.0,0.0,0.0,0.0,0.0
2444.0,stop,7.952650045445748,948.0,10.0,7.95265004544575,0.0,0.0,0.0,0.0,0.0
2444.0,stop,7.952650045445748,949.0,10.0,7.95265004544575,0.0,0.0,0.0,0.0,0.0
2444.0,stop,7.952650045445748,950.0,10.0,7.95265004544575,0.0,0.0,0.0,0.0,0.0
2444.0,stop,7.952650045445748,951.0,10.0,7.95265004544575,0.0,0.0,0.0,0.0,0.0
2444.0,stop,7.952650045445748,952.0,10.0,7.95265004544575,0.0,0.0,0.0,0.0,0.0
2444.0,stop,7.952650045445748,953.0,10.0,7.95265004544575,0.0,0.0,0.0,0.0,0.0
2444.0,stop,7.952650045445748,954.0,10.0,7.95265004544575,0.0,0.0,0.0,0.0,0.0
2444.0,stop,7.952650045445748,955.0,10.0,7.95265004544575,0.0,0.0,0.0,0.0,0.0
2444.0,stop,7.952650045445748,956.0,10.0,7.95265004544575,0.0,0.0,0.0,0.0,0.0
2444.0,stop,7.952650045445748,957.0,10.0,7.95265004544575,0.0,0.0,0.0,0.0,0.0
2444.0,stop,7.952650045445748,958.0,10.0,7.95265004544575,0.0,0.0,0.0,0.0,0.0
2444.0,stop,7.952650045445748,959.0,10.0,7.952650045445749,0.0,0.0,0.0,0.0,0.0
2444.0,stop,7.952650045445748,960.0,10.0,7.952650045445748,0.0,0.0,0.0,0.0,0.0
2444.0,stop,7.952650045445748,961.0,10.0,7.952650045445747,0.0,0.0,0.0,0.0,0.0
2444.0,stop,7.952650045445748,962.0,10.0,7.952650045445746,0.0,0.0,0.0,0.0,0.0
2444.0,stop,7.952650045445748,963.0,10.0,7.952650045445746,0.0,0.0,0.0,0.0,0.0
2444.0,stop,7.952650045445748,964.0,10.0,7.952650045445745,0.0,0.0,0.0,0.0,0.0
2444.0,stop,7.8085108747139405,965.0,9.0,7.808510874713942,1.0,0.0,0.0,0.0,0.0
2444.0,stop,7.952650045445748,966.0,10.0,7.952650045445744,0.0,0.0,0.0,0.0,0.0
2444.0,stop,7.952650045445748,967.0,10.0,7.952650045445743,0.0,0.0,0.0,0.0,0.0
2444.0,stop,7.952650045445748,968.0,10.0,7.9526500454457425,0.0,0.0,0.0,0.0,0.0
2444.0,stop,7.952650045445748,969.0,10.0,7.9526500454457425,0.0,0.0,0.0,0.0,0.0
2444.0,stop,7.952650045445748,970.0,10.0,7.952650045445742,0.0,0.0,0.0,0.0,0.0
2444.0,stop,7.952650045445748,971.0,10.0,7.952650045445741,0.0,0.0,0.0,0.0,0.0
2444.0,stop,7.952650045445748,972.0,10.0,7.952650045445741,0.0,0.0,0.0,0.0,0.0
2444.0,stop,7.952650045445748,973.0,10.0,7.95265004544574,0.0,0.0,0.0,0.0,0.0
2444.0,stop,7.952650045445748,974.0,10.0,7.952650045445739,0.0,0.0,0.0,0.0,0.0
2444.0,stop,7.952650045445748,975.0,10.0,7.952650045445739,0.0,0.0,0.0,0.0,0.0
2445.0,change_0,7.77915301185449,976.0,12.0,7.831206123235024,0.0,1.0,0.0,0.0,0.0
2446.0,stop,7.831206123235024,976.0,11.0,7.831206123235024,0.0,1.0,0.0,0.0,0.0
2447.0,add_cx,7.831206123235024,976.0,12.0,7.831206123235024,0.0,1.0,0.0,0.0,1.0
2448.0,add_rx,7.796186049276175,976.0,12.0,7.831206123235024,0.0,2.0,0.0,0.0,0.0
2449.0,add_ry,7.834317995278832,976.0,12.0,7.831206123235024,0.0,1.0,1.0,0.0,0.0
2450.0,add_rz,7.831206123235024,976.0,12.0,7.831206123235024,0.0,1.0,0.0,1.0,0.0
2451.0,delete,7.952650045445748,976.0,12.0,7.831206123235024,0.0,0.0,0.0,0.0,0.0
2452.0,swap_cx,7.952650045445748,976.0,12.0,7.831206123235024,0.0,0.0,0.0,0.0,1.0
2453.0,swap_rx,7.93477067901596,976.0,12.0,7.831206123235024,0.0,1.0,0.0,0.0,0.0
2454.0,swap_ry,7.792889640654435,976.0,12.0,7.831206123235024,0.0,0.0,1.0,0.0,0.0
2455.0,swap_rz,7.952650045445749,976.0,12.0,7.831206123235024,0.0,0.0,0.0,1.0,0.0
2455.0,stop,7.8085108747139405,977.0,9.0,7.808510874713942,1.0,0.0,0.0,0.0,0.0
2456.0,change_1,7.80863155277101,978.0,11.0,7.808767549955767,1.0,0.0,1.0,0.0,0.0
2457.0,stop,7.808767549955767,978.0,10.0,7.808767549955767,1.0,0.0,1.0,0.0,0.0
2458.0,add_cx,7.808767549955767,978.0,11.0,7.808767549955767,1.0,0.0,1.0,0.0,1.0
2459.0,add_rx,7.799388632973696,978.0,11.0,7.808767549955767,1.0,1.0,1.0,0.0,0.0
2460.0,add_ry,7.592586358661411,978.0,11.0,7.808767549955767,1.0,0.0,2.0,0.0,0.0
2461.0,add_rz,7.808767549955767,978.0,11.0,7.808767549955767,1.0,0.0,1.0,1.0,0.0
2462.0,delete,7.952036349261673,978.0,11.0,7.808767549955767,0.0,0.0,1.0,0.0,0.0
2463.0,swap_cx,7.8085108747139405,978.0,11.0,7.808767549955767,1.0,0.0,0.0,0.0,1.0
2464.0,swap_rx,7.844912331849481,978.0,11.0,7.808767549955767,0.0,1.0,1.0,0.0,0.0
2465.0,swap_ry,7.923255747587094,978.0,11.0,7.808767549955767,0.0,0.0,2.0,0.0,0.0
2466.0,swap_rz,7.808510874713939,978.0,11.0,7.808767549955767,1.0,0.0,0.0,1.0,0.0
2466.0,stop,7.824995034599562,979.0,8.0,7.824995034599557,2.0,0.0,0.0,0.0,0.0
2466.0,stop,7.824995034599562,980.0,8.0,7.824995034599557,2.0,0.0,0.0,0.0,0.0
2466.0,stop,7.824995034599562,981.0,8.0,7.8249950345995565,2.0,0.0,0.0,0.0,0.0
2466.0,stop,7.952650045445748,982.0,10.0,7.95265004544575,0.0,0.0,0.0,0.0,0.0
2466.0,stop,7.913237338760615,983.0,9.0,7.91323733876061,1.0,0.0,0.0,0.0,0.0
2466.0,stop,7.952650045445748,984.0,10.0,7.95265004544575,0.0,0.0,0.0,0.0,0.0
2466.0,stop,7.952650045445748,985.0,10.0,7.952650045445749,0.0,0.0,0.0,0.0,0.0
2466.0,stop,7.952650045445748,986.0,10.0,7.952650045445748,0.0,0.0,0.0,0.0,0.0
2466.0,stop,7.913237338760615,987.0,9.0,7.91323733876061,1.0,0.0,0.0,0.0,0.0
2466.0,stop,7.952650045445748,988.0,10.0,7.952650045445747,0.0,0.0,0.0,0.0,0.0
2466.0,stop,7.952650045445748,989.0,10.0,7.952650045445746,0.0,0.0,0.0,0.0,0.0
2466.0,stop,7.913237338760615,990.0,9.0,7.91323733876061,1.0,0.0,0.0,0.0,0.0
2466.0,stop,7.952650045445748,991.0,10.0,7.952650045445746,0.0,0.0,0.0,0.0,0.0
2466.0,stop,7.952650045445748,992.0,10.0,7.952650045445745,0.0,0.0,0.0,0.0,0.0
2466.0,stop,7.952650045445748,993.0,10.0,7.952650045445744,0.0,0.0,0.0,0.0,0.0
2466.0,stop,7.913237338760615,994.0,9.0,7.91323733876061,1.0,0.0,0.0,0.0,0.0
2466.0,stop,7.952650045445748,995.0,10.0,7.952650045445743,0.0,0.0,0.0,0.0,0.0
2466.0,stop,7.952650045445748,996.0,10.0,7.9526500454457425,0.0,0.0,0.0,0.0,0.0
2466.0,stop,7.952650045445748,997.0,10.0,7.9526500454457425,0.0,0.0,0.0,0.0,0.0
2466.0,stop,7.913237338760615,998.0,9.0,7.91323733876061,1.0,0.0,0.0,0.0,0.0
2466.0,stop,7.952650045445748,999.0,10.0,7.952650045445742,0.0,0.0,0.0,0.0,0.0
2466.0,stop,7.952650045445748,1000.0,10.0,7.952650045445741,0.0,0.0,0.0,0.0,0.0
2466.0,stop,7.952650045445748,1001.0,10.0,7.952650045445741,0.0,0.0,0.0,0.0,0.0
2466.0,stop,7.913237338760615,1002.0,9.0,7.913237338760611,1.0,0.0,0.0,0.0,0.0
2467.0,change_0,7.935649320156511,1003.0,12.0,7.9431068034538725,0.0,0.0,1.0,0.0,0.0
2468.0,stop,7.9431068034538725,1003.0,11.0,7.9431068034538725,0.0,0.0,1.0,0.0,0.0
2469.0,add_cx,7.892432958721163,1003.0,12.0,7.9431068034538725,0.0,0.0,1.0,0.0,1.0
2470.0,add_rx,7.942379654621739,1003.0,12.0,7.9431068034538725,0.0,1.0,1.0,0.0,0.0
2471.0,add_ry,7.689600659386835,1003.0,12.0,7.9431068034538725,0.0,0.0,2.0,0.0,0.0
2472.0,add_rz,7.943106803453872,1003.0,12.0,7.9431068034538725,0.0,0.0,1.0,1.0,0.0
2473.0,delete,7.952650045445748,1003.0,12.0,7.9431068034538725,0.0,0.0,0.0,0.0,0.0
2474.0,swap_cx,7.952650045445748,1003.0,12.0,7.9431068034538725,0.0,0.0,0.0,0.0,1.0
2475.0,swap_rx,7.793993294583647,1003.0,12.0,7.9431068034538725,0.0,1.0,0.0,0.0,0.0
2476.0,swap_ry,7.917549619667226,1003.0,12.0,7.9431068034538725,0.0,0.0,1.0,0.0,0.0
2477.0,swap_rz,7.952650045445748,1003.0,12.0,7.9431068034538725,0.0,0.0,0.0,1.0,0.0
2477.0,stop,7.913237338760615,1004.0,9.0,7.913237338760611,1.0,0.0,0.0,0.0,0.0
2478.0,stop,7.952650045445748,1005.0,11.0,7.952650045445748,0.0,0.0,0.0,0.0,0.0
2479.0,add_cx,7.952650045445748,1005.0,12.0,7.952650045445748,0.0,0.0,0.0,0.0,1.0
2480.0,add_rx,7.939234956194765,1005.0,12.0,7.952650045445748,0.0,1.0,0.0,0.0,0.0
2481.0,add_ry,7.923265468296998,1005.0,12.0,7.952650045445748,0.0,0.0,1.0,0.0,0.0
2482.0,add_rz,7.952650045445747,1005.0,12.0,7.952650045445748,0.0,0.0,0.0,1.0,0.0
2482.0,stop,7.913237338760615,1006.0,9.0,7.913237338760611,1.0,0.0,0.0,0.0,0.0
2482.0,stop,7.913237338760615,1007.0,9.0,7.913237338760611,1.0,0.0,0.0,0.0,0.0
2482.0,stop,7.952650045445749,1008.0,10.0,7.952650045445749,0.0,0.0,0.0,1.0,0.0
2483.0,stop,7.952650045445748,1009.0,11.0,7.952650045445748,0.0,0.0,0.0,0.0,0.0
2484.0,add_cx,7.952650045445748,1009.0,12.0,7.952650045445748,0.0,0.0,0.0,0.0,1.0
2485.0,add_rx,7.901344073091428,1009.0,12.0,7.952650045445748,0.0,1.0,0.0,0.0,0.0
2486.0,add_ry,7.883331356621735,1009.0,12.0,7.952650045445748,0.0,0.0,1.0,0.0,0.0
2487.0,add_rz,7.952650045445748,1009.0,12.0,7.952650045445748,0.0,0.0,0.0,1.0,0.0
2487.0,stop,7.913237338760615,1010.0,9.0,7.913237338760611,1.0,0.0,0.0,0.0,0.0
2487.0,stop,7.913237338760615,1011.0,9.0,7.913237338760611,1.0,0.0,0.0,0.0,0.0
2487.0,stop,7.913237338760615,1012.0,9.0,7.913237338760611,1.0,0.0,0.0,0.0,0.0
2487.0,stop,7.913237338760615,1013.0,9.0,7.913237338760611,1.0,0.0,0.0,0.0,0.0
2487.0,stop,7.952650045445748,1014.0,10.0,7.952650045445748,0.0,0.0,0.0,0.0,1.0
2487.0,stop,7.952650045445748,1015.0,10.0,7.952650045445748,0.0,0.0,0.0,0.0,1.0
2487.0,stop,7.952650045445748,1016.0,10.0,7.952650045445748,0.0,0.0,0.0,0.0,1.0
2488.0,stop,7.952650045445748,1017.0,11.0,7.952650045445748,0.0,0.0,0.0,0.0,0.0
2489.0,add_cx,7.952650045445748,1017.0,12.0,7.952650045445748,0.0,0.0,0.0,0.0,1.0
2490.0,add_rx,7.878652000020492,1017.0,12.0,7.952650045445748,0.0,1.0,0.0,0.0,0.0
2491.0,add_ry,7.949706226190378,1017.0,12.0,7.952650045445748,0.0,0.0,1.0,0.0,0.0
2492.0,add_rz,7.952650045445748,1017.0,12.0,7.952650045445748,0.0,0.0,0.0,1.0,0.0
2492.0,stop,7.913237338760615,1018.0,9.0,7.913237338760611,1.0,0.0,0.0,0.0,0.0
2492.0,stop,7.913237338760615,1019.0,9.0,7.913237338760611,1.0,0.0,0.0,0.0,0.0
2492.0,stop,7.913237338760615,1020.0,9.0,7.913237338760611,1.0,0.0,0.0,0.0,0.0
2492.0,stop,7.952650045445748,1021.0,10.0,7.952650045445748,0.0,0.0,0.0,0.0,1.0
2493.0,stop,7.952650045445748,1022.0,11.0,7.952650045445748,0.0,0.0,0.0,0.0,1.0
2494.0,add_cx,7.952650045445748,1022.0,12.0,7.952650045445748,0.0,0.0,0.0,0.0,2.0
2495.0,add_rx,7.791884965928413,1022.0,12.0,7.952650045445748,0.0,1.0,0.0,0.0,1.0
2496.0,add_ry,7.672693799130763,1022.0,12.0,7.952650045445748,0.0,0.0,1.0,0.0,1.0
2497.0,add_rz,7.952650045445748,1022.0,12.0,7.952650045445748,0.0,0.0,0.0,1.0,1.0
2498.0,delete,7.952650045445748,1022.0,12.0,7.952650045445748,0.0,0.0,0.0,0.0,0.0
2499.0,swap_cx,7.952650045445748,1022.0,12.0,7.952650045445748,0.0,0.0,0.0,0.0,1.0
2500.0,swap_rx,7.9427256101050965,1022.0,12.0,7.952650045445748,0.0,1.0,0.0,0.0,0.0
2501.0,swap_ry,7.942423561549276,1022.0,12.0,7.952650045445748,0.0,0.0,1.0,0.0,0.0
2502.0,swap_rz,7.952650045445748,1022.0,12.0,7.952650045445748,0.0,0.0,0.0,1.0,0.0
2502.0,stop,7.913237338760615,1023.0,9.0,7.913237338760611,1.0,0.0,0.0,0.0,0.0
2502.0,stop,7.952650045445748,1024.0,10.0,7.95265004544574,0.0,0.0,0.0,0.0,0.0
2502.0,stop,7.952650045445748,1025.0,10.0,7.952650045445739,0.0,0.0,0.0,0.0,0.0
2502.0,stop,7.952650045445748,1026.0,10.0,7.952650045445739,0.0,0.0,0.0,0.0,0.0
2502.0,stop,7.913237338760615,1027.0,9.0,7.913237338760611,1.0,0.0,0.0,0.0,0.0
2502.0,stop,7.952650045445748,1028.0,10.0,7.952650045445738,0.0,0.0,0.0,0.0,0.0
2502.0,stop,7.952650045445748,1029.0,10.0,7.952650045445737,0.0,0.0,0.0,0.0,0.0
2502.0,stop,7.952650045445748,1030.0,10.0,7.952650045445737,0.0,0.0,0.0,0.0,0.0
2502.0,stop,7.913237338760615,1031.0,9.0,7.913237338760611,1.0,0.0,0.0,0.0,0.0
2502.0,stop,7.952650045445748,1032.0,10.0,7.952650045445736,0.0,0.0,0.0,0.0,0.0
2502.0,stop,7.952650045445748,1033.0,10.0,7.952650045445736,0.0,0.0,0.0,0.0,0.0
2502.0,stop,7.952650045445748,1034.0,10.0,7.952650045445735,0.0,0.0,0.0,0.0,0.0
2502.0,stop,7.913237338760615,1035.0,9.0,7.913237338760611,1.0,0.0,0.0,0.0,0.0
2502.0,stop,7.952650045445748,1036.0,10.0,7.952650045445735,0.0,0.0,0.0,0.0,0.0
2502.0,stop,7.952650045445748,1037.0,10.0,7.9526500454457345,0.0,0.0,0.0,0.0,0.0
2502.0,stop,7.952650045445748,1038.0,10.0,7.9526500454457345,0.0,0.0,0.0,0.0,0.0
2502.0,stop,7.913237338760615,1039.0,9.0,7.913237338760611,1.0,0.0,0.0,0.0,0.0
2502.0,stop,7.952650045445748,1040.0,10.0,7.952650045445734,0.0,0.0,0.0,0.0,0.0
2502.0,stop,7.952650045445748,1041.0,10.0,7.952650045445734,0.0,0.0,0.0,0.0,0.0
2502.0,stop,7.952650045445748,1042.0,10.0,7.952650045445733,0.0,0.0,0.0,0.0,0.0
2502.0,stop,7.952650045445748,1043.0,10.0,7.952650045445733,0.0,0.0,0.0,0.0,0.0
2502.0,stop,7.913237338760615,1044.0,9.0,7.913237338760611,1.0,0.0,0.0,0.0,0.0
2502.0,stop,7.952650045445748,1045.0,10.0,7.952650045445732,0.0,0.0,0.0,0.0,0.0
2502.0,stop,7.952650045445748,1046.0,10.0,7.952650045445732,0.0,0.0,0.0,0.0,0.0
2502.0,stop,7.952650045445748,1047.0,10.0,7.952650045445731,0.0,0.0,0.0,0.0,0.0
2502.0,stop,7.913237338760615,1048.0,9.0,7.913237338760611,1.0,0.0,0.0,0.0,0.0
2502.0,stop,7.952650045445748,1049.0,10.0,7.952650045445731,0.0,0.0,0.0,0.0,0.0
2502.0,stop,7.952650045445748,1050.0,10.0,7.95265004544573,0.0,0.0,0.0,0.0,0.0
2502.0,stop,7.952650045445748,1051.0,10.0,7.95265004544573,0.0,0.0,0.0,0.0,0.0
2502.0,stop,7.913237338760615,1052.0,9.0,7.913237338760611,1.0,0.0,0.0,0.0,0.0
2503.0,change_0,7.927615426510657,1053.0,12.0,7.917577961213985,0.0,1.0,0.0,0.0,0.0
2504.0,stop,7.917577961213985,1053.0,11.0,7.917577961213985,0.0,1.0,0.0,0.0,0.0
2505.0,add_cx,7.917577961213985,1053.0,12.0,7.917577961213985,0.0,1.0,0.0,0.0,1.0
2506.0,add_rx,7.844220743475848,1053.0,12.0,7.917577961213985,0.0,2.0,0.0,0.0,0.0
2507.0,add_ry,7.892441766422461,1053.0,12.0,7.917577961213985,0.0,1.0,1.0,0.0,0.0
2508.0,add_rz,7.917577961213985,1053.0,12.0,7.917577961213985,0.0,1.0,0.0,1.0,0.0
2509.0,delete,7.952650045445748,1053.0,12.0,7.917577961213985,0.0,0.0,0.0,0.0,0.0
2510.0,swap_cx,7.952650045445748,1053.0,12.0,7.917577961213985,0.0,0.0,0.0,0.0,1.0
2511.0,swap_rx,7.952341413674324,1053.0,12.0,7.917577961213985,0.0,1.0,0.0,0.0,0.0
2512.0,swap_ry,7.909114223966455,1053.0,12.0,7.917577961213985,0.0,0.0,1.0,0.0,0.0
2513.0,swap_rz,7.952650045445747,1053.0,12.0,7.917577961213985,0.0,0.0,0.0,1.0,0.0
2513.0,stop,7.913237338760615,1054.0,9.0,7.913237338760611,1.0,0.0,0.0,0.0,0.0
2513.0,stop,7.913237338760615,1055.0,9.0,7.913237338760611,1.0,0.0,0.0,0.0,0.0
2513.0,stop,7.913237338760615,1056.0,9.0,7.91323733876061,1.0,0.0,0.0,0.0,0.0
2513.0,stop,7.913237338760615,1057.0,9.0,7.91323733876061,1.0,0.0,0.0,0.0,0.0
2514.0,change_0,7.952650045445749,1058.0,12.0,7.952650045445748,0.0,0.0,0.0,1.0,0.0
2515.0,stop,7.952650045445748,1058.0,11.0,7.952650045445748,0.0,0.0,0.0,1.0,0.0
2516.0,add_cx,7.952650045445748,1058.0,12.0,7.952650045445748,0.0,0.0,0.0,1.0,1.0
2517.0,add_rx,7.8483053418199695,1058.0,12.0,7.952650045445748,0.0,1.0,0.0,1.0,0.0
2518.0,add_ry,7.7994420002687,1058.0,12.0,7.952650045445748,0.0,0.0,1.0,1.0,0.0
2519.0,add_rz,7.952650045445748,1058.0,12.0,7.952650045445748,0.0,0.0,0.0,2.0,0.0
2520.0,delete,7.952650045445748,1058.0,12.0,7.952650045445748,0.0,0.0,0.0,0.0,0.0
2521.0,swap_cx,7.952650045445748,1058.0,12.0,7.952650045445748,0.0,0.0,0.0,0.0,1.0
2522.0,swap_rx,7.910575577017646,1058.0,12.0,7.952650045445748,0.0,1.0,0.0,0.0,0.0
2523.0,swap_ry,7.838853855390869,1058.0,12.0,7.952650045445748,0.0,0.0,1.0,0.0,0.0
2524.0,swap_rz,7.952650045445748,1058.0,12.0,7.952650045445748,0.0,0.0,0.0,1.0,0.0
2524.0,stop,7.913237338760615,1059.0,9.0,7.91323733876061,1.0,0.0,0.0,0.0,0.0
2524.0,stop,7.913237338760615,1060.0,9.0,7.91323733876061,1.0,0.0,0.0,0.0,0.0
2524.0,stop,7.913237338760615,1061.0,9.0,7.91323733876061,1.0,0.0,0.0,0.0,0.0
2525.0,stop,7.789984187020971,1062.0,11.0,7.789984187020971,0.0,0.0,0.0,0.0,1.0
2526.0,add_cx,7.469953934970275,1062.0,12.0,7.789984187020971,0.0,0.0,0.0,0.0,2.0
2527.0,add_rx,7.7891567775169595,1062.0,12.0,7.789984187020971,0.0,1.0,0.0,0.0,1.0
2528.0,add_ry,7.762023957439818,1062.0,12.0,7.789984187020971,0.0,0.0,1.0,0.0,1.0
2529.0,add_rz,7.78998418702097,1062.0,12.0,7.789984187020971,0.0,0.0,0.0,1.0,1.0
2530.0,delete,7.952650045445748,1062.0,12.0,7.789984187020971,0.0,0.0,0.0,0.0,0.0
2531.0,swap_cx,7.952650045445748,1062.0,12.0,7.789984187020971,0.0,0.0,0.0,0.0,1.0
2532.0,swap_rx,7.5338342932936655,1062.0,12.0,7.789984187020971,0.0,1.0,0.0,0.0,0.0
2533.0,swap_ry,7.927257131800351,1062.0,12.0,7.789984187020971,0.0,0.0,1.0,0.0,0.0
2534.0,swap_rz,7.952650045445748,1062.0,12.0,7.789984187020971,0.0,0.0,0.0,1.0,0.0
2534.0,stop,7.824995034599562,1063.0,8.0,7.824995034599556,2.0,0.0,0.0,0.0,0.0
2534.0,stop,7.8085108747139405,1064.0,9.0,7.808510874713941,1.0,0.0,0.0,0.0,0.0
2535.0,stop,7.952650045445748,1065.0,10.0,7.952650045445748,0.0,0.0,0.0,0.0,1.0
2536.0,add_cx,7.952650045445748,1065.0,11.0,7.952650045445748,0.0,0.0,0.0,0.0,2.0
2537.0,add_rx,7.619885598522286,1065.0,11.0,7.952650045445748,0.0,1.0,0.0,0.0,1.0
2538.0,add_ry,7.950863999381669,1065.0,11.0,7.952650045445748,0.0,0.0,1.0,0.0,1.0
2539.0,add_rz,7.952650045445749,1065.0,11.0,7.952650045445748,0.0,0.0,0.0,1.0,1.0
2540.0,delete,7.952650045445748,1065.0,11.0,7.952650045445748,0.0,0.0,0.0,0.0,0.0
2541.0,swap_cx,7.789984187021045,1065.0,11.0,7.952650045445748,0.0,0.0,0.0,0.0,1.0
2542.0,swap_rx,7.899862833962493,1065.0,11.0,7.952650045445748,0.0,1.0,0.0,0.0,0.0
2543.0,swap_ry,7.951973631967342,1065.0,11.0,7.952650045445748,0.0,0.0,1.0,0.0,0.0
2544.0,swap_rz,7.952650045445748,1065.0,11.0,7.952650045445748,0.0,0.0,0.0,1.0,0.0
2545.0,change_0,7.952650045445747,1066.0,11.0,7.952650045445748,0.0,0.0,0.0,1.0,0.0
2546.0,stop,7.952650045445748,1066.0,10.0,7.952650045445748,0.0,0.0,0.0,1.0,0.0
2547.0,add_cx,7.952650045445748,1066.0,11.0,7.952650045445748,0.0,0.0,0.0,1.0,1.0
2548.0,add_rx,7.774255647208756,1066.0,11.0,7.952650045445748,0.0,1.0,0.0,1.0,0.0
2549.0,add_ry,7.94928805570867,1066.0,11.0,7.952650045445748,0.0,0.0,1.0,1.0,0.0
2550.0,add_rz,7.952650045445748,1066.0,11.0,7.952650045445748,0.0,0.0,0.0,2.0,0.0
2551.0,delete,7.952650045445748,1066.0,11.0,7.952650045445748,0.0,0.0,0.0,0.0,0.0
2552.0,swap_cx,7.952650045445748,1066.0,11.0,7.952650045445748,0.0,0.0,0.0,0.0,1.0
2553.0,swap_rx,7.938854105872347,1066.0,11.0,7.952650045445748,0.0,1.0,0.0,0.0,0.0
2554.0,swap_ry,7.8739993033155375,1066.0,11.0,7.952650045445748,0.0,0.0,1.0,0.0,0.0
2555.0,swap_rz,7.952650045445749,1066.0,11.0,7.952650045445748,0.0,0.0,0.0,1.0,0.0
2556.0,stop,7.913237338760615,1067.0,10.0,7.913237338760615,1.0,0.0,0.0,0.0,0.0
2557.0,add_cx,7.913237338760615,1067.0,11.0,7.913237338760615,1.0,0.0,0.0,0.0,1.0
2558.0,add_rx,7.712474867722351,1067.0,11.0,7.913237338760615,1.0,1.0,0.0,0.0,0.0
2559.0,add_ry,7.902305867336025,1067.0,11.0,7.913237338760615,1.0,0.0,1.0,0.0,0.0
2560.0,add_rz,7.913237338760615,1067.0,11.0,7.913237338760615,1.0,0.0,0.0,1.0,0.0
2561.0,delete,7.952650045445748,1067.0,11.0,7.913237338760615,0.0,0.0,0.0,0.0,0.0
2562.0,swap_cx,7.952650045445748,1067.0,11.0,7.913237338760615,0.0,0.0,0.0,0.0,1.0
2563.0,swap_rx,7.896640097337839,1067.0,11.0,7.913237338760615,0.0,1.0,0.0,0.0,0.0
2564.0,swap_ry,7.885287831422051,1067.0,11.0,7.913237338760615,0.0,0.0,1.0,0.0,0.0
2565.0,swap_rz,7.952650045445748,1067.0,11.0,7.913237338760615,0.0,0.0,0.0,1.0,0.0
2566.0,change_0,7.913237338760615,1068.0,11.0,7.913237338760615,1.0,0.0,0.0,1.0,0.0
2567.0,stop,7.913237338760615,1068.0,10.0,7.913237338760615,1.0,0.0,0.0,1.0,0.0
2568.0,add_cx,7.629969060995753,1068.0,11.0,7.913237338760615,1.0,0.0,0.0,1.0,1.0
2569.0,add_rx,7.913124179283962,1068.0,11.0,7.913237338760615,1.0,1.0,0.0,1.0,0.0
2570.0,add_ry,7.341499299009119,1068.0,11.0,7.913237338760615,1.0,0.0,1.0,1.0,0.0
2571.0,add_rz,7.913237338760615,1068.0,11.0,7.913237338760615,1.0,0.0,0.0,2.0,0.0
2572.0,delete,7.913237338760615,1068.0,11.0,7.913237338760615,1.0,0.0,0.0,0.0,0.0
2573.0,swap_cx,7.952650045445749,1068.0,11.0,7.913237338760615,0.0,0.0,0.0,1.0,1.0
2574.0,swap_rx,7.689217052977307,1068.0,11.0,7.913237338760615,1.0,1.0,0.0,0.0,0.0
2575.0,swap_ry,7.881212011349554,1068.0,11.0,7.913237338760615,0.0,0.0,1.0,1.0,0.0
2576.0,swap_rz,7.952650045445747,1068.0,11.0,7.913237338760615,0.0,0.0,0.0,2.0,0.0
2576.0,stop,7.824995034599562,1069.0,8.0,7.824995034599556,2.0,0.0,0.0,0.0,0.0
2576.0,stop,7.952650045445748,1070.0,10.0,7.952650045445738,0.0,0.0,0.0,0.0,0.0
2576.0,stop,7.952650045445748,1071.0,10.0,7.952650045445737,0.0,0.0,0.0,0.0,0.0
2576.0,stop,7.952650045445748,1072.0,10.0,7.952650045445737,0.0,0.0,0.0,0.0,0.0
2576.0,stop,7.952650045445748,1073.0,10.0,7.952650045445736,0.0,0.0,0.0,0.0,0.0
2576.0,stop,7.952650045445748,1074.0,10.0,7.952650045445736,0.0,0.0,0.0,0.0,0.0
2576.0,stop,7.952650045445748,1075.0,10.0,7.952650045445735,0.0,0.0,0.0,0.0,0.0
2576.0,stop,7.952650045445748,1076.0,10.0,7.952650045445735,0.0,0.0,0.0,0.0,0.0
2576.0,stop,7.952650045445748,1077.0,10.0,7.9526500454457345,0.0,0.0,0.0,0.0,0.0
2576.0,stop,7.8085108747139405,1078.0,9.0,7.808510874713941,1.0,0.0,0.0,0.0,0.0
2576.0,stop,7.952650045445748,1079.0,10.0,7.9526500454457345,0.0,0.0,0.0,0.0,0.0
2576.0,stop,7.952650045445748,1080.0,10.0,7.952650045445734,0.0,0.0,0.0,0.0,0.0
2576.0,stop,7.952650045445748,1081.0,10.0,7.952650045445734,0.0,0.0,0.0,0.0,0.0
2576.0,stop,7.952650045445748,1082.0,10.0,7.952650045445733,0.0,0.0,0.0,0.0,0.0
2576.0,stop,7.952650045445748,1083.0,10.0,7.952650045445733,0.0,0.0,0.0,0.0,0.0
2576.0,stop,7.952650045445748,1084.0,10.0,7.952650045445732,0.0,0.0,0.0,0.0,0.0
2576.0,stop,7.952650045445748,1085.0,10.0,7.952650045445732,0.0,0.0,0.0,0.0,0.0
2576.0,stop,7.952650045445748,1086.0,10.0,7.952650045445731,0.0,0.0,0.0,0.0,0.0
2576.0,stop,7.952650045445748,1087.0,10.0,7.952650045445731,0.0,0.0,0.0,0.0,0.0
2576.0,stop,7.952650045445748,1088.0,10.0,7.95265004544573,0.0,0.0,0.0,0.0,0.0
2576.0,stop,7.952650045445748,1089.0,10.0,7.95265004544573,0.0,0.0,0.0,0.0,0.0
2577.0,add_cx,7.952650045445748,1090.0,11.0,7.929812865842993,0.0,0.0,0.0,0.0,1.0
2578.0,add_cx,7.952650045445748,1091.0,11.0,7.931715964143223,0.0,0.0,0.0,0.0,1.0
2579.0,add_rz,7.952650045445748,1092.0,11.0,7.926030934719969,0.0,0.0,0.0,1.0,0.0
2580.0,stop,7.952650045445748,1093.0,11.0,7.952650045445748,0.0,0.0,0.0,0.0,1.0
2581.0,add_cx,7.952650045445748,1093.0,12.0,7.952650045445748,0.0,0.0,0.0,0.0,2.0
2582.0,add_rx,7.900438729161376,1093.0,12.0,7.952650045445748,0.0,1.0,0.0,0.0,1.0
2583.0,add_ry,7.952598063284842,1093.0,12.0,7.952650045445748,0.0,0.0,1.0,0.0,1.0
2584.0,add_rz,7.952650045445748,1093.0,12.0,7.952650045445748,0.0,0.0,0.0,1.0,1.0
2585.0,delete,7.952650045445748,1093.0,12.0,7.952650045445748,0.0,0.0,0.0,0.0,0.0
2586.0,swap_cx,7.952650045445748,1093.0,12.0,7.952650045445748,0.0,0.0,0.0,0.0,1.0
2587.0,swap_rx,7.6914605851457205,1093.0,12.0,7.952650045445748,0.0,1.0,0.0,0.0,0.0
2588.0,swap_ry,7.943296529284863,1093.0,12.0,7.952650045445748,0.0,0.0,1.0,0.0,0.0
2589.0,swap_rz,7.952650045445749,1093.0,12.0,7.952650045445748,0.0,0.0,0.0,1.0,0.0
2589.0,stop,7.8085108747139405,1094.0,9.0,7.8085108747139405,1.0,0.0,0.0,0.0,0.0
2590.0,add_rz,7.952650045445748,1095.0,11.0,7.928078558621952,0.0,0.0,0.0,1.0,0.0
2591.0,change_0,7.952650045445749,1096.0,12.0,7.952650045445748,0.0,0.0,0.0,1.0,0.0
2592.0,stop,7.952650045445748,1096.0,11.0,7.952650045445748,0.0,0.0,0.0,1.0,0.0
2593.0,add_cx,7.952650045445748,1096.0,12.0,7.952650045445748,0.0,0.0,0.0,1.0,1.0
2594.0,add_rx,7.66486963222083,1096.0,12.0,7.952650045445748,0.0,1.0,0.0,1.0,0.0
2595.0,add_ry,7.897368271787226,1096.0,12.0,7.952650045445748,0.0,0.0,1.0,1.0,0.0
2596.0,add_rz,7.952650045445749,1096.0,12.0,7.952650045445748,0.0,0.0,0.0,2.0,0.0
2597.0,delete,7.952650045445748,1096.0,12.0,7.952650045445748,0.0,0.0,0.0,0.0,0.0
2598.0,swap_cx,7.952650045445748,1096.0,12.0,7.952650045445748,0.0,0.0,0.0,0.0,1.0
2599.0,swap_rx,7.820484439775499,1096.0,12.0,7.952650045445748,0.0,1.0,0.0,0.0,0.0
2600.0,swap_ry,7.850291229960279,1096.0,12.0,7.952650045445748,0.0,0.0,1.0,0.0,0.0
2601.0,swap_rz,7.952650045445749,1096.0,12.0,7.952650045445748,0.0,0.0,0.0,1.0,0.0
2601.0,stop,7.8085108747139405,1097.0,9.0,7.8085108747139405,1.0,0.0,0.0,0.0,0.0
2602.0,stop,7.952650045445748,1098.0,11.0,7.952650045445748,0.0,0.0,0.0,0.0,0.0
2603.0,add_cx,7.789984187021045,1098.0,12.0,7.952650045445748,0.0,0.0,0.0,0.0,1.0
2604.0,add_rx,7.5654545342733925,1098.0,12.0,7.952650045445748,0.0,1.0,0.0,0.0,0.0
2605.0,add_ry,7.690479627494293,1098.0,12.0,7.952650045445748,0.0,0.0,1.0,0.0,0.0
2606.0,add_rz,7.952650045445748,1098.0,12.0,7.952650045445748,0.0,0.0,0.0,1.0,0.0
2606.0,stop,7.824995034599562,1099.0,8.0,7.824995034599555,2.0,0.0,0.0,0.0,0.0
2606.0,stop,7.913237338760615,1100.0,9.0,7.91323733876061,1.0,0.0,0.0,0.0,0.0
2606.0,stop,7.913237338760615,1101.0,9.0,7.91323733876061,1.0,0.0,0.0,0.0,0.0
2606.0,stop,7.913237338760615,1102.0,9.0,7.91323733876061,1.0,0.0,0.0,0.0,0.0
2606.0,stop,7.913237338760615,1103.0,9.0,7.91323733876061,1.0,0.0,0.0,0.0,0.0
2606.0,stop,7.913237338760615,1104.0,9.0,7.91323733876061,1.0,0.0,0.0,0.0,0.0
2606.0,stop,7.913237338760615,1105.0,9.0,7.91323733876061,1.0,0.0,0.0,0.0,0.0
2606.0,stop,7.913237338760615,1106.0,9.0,7.91323733876061,1.0,0.0,0.0,0.0,0.0
2606.0,stop,7.913237338760615,1107.0,9.0,7.91323733876061,1.0,0.0,0.0,0.0,0.0
2607.0,change_0,7.9504821568606925,1108.0,12.0,7.949757387875248,0.0,1.0,0.0,0.0,0.0
2608.0,stop,7.949757387875248,1108.0,11.0,7.949757387875248,0.0,1.0,0.0,0.0,0.0
2609.0,add_cx,7.7782400312747955,1108.0,12.0,7.949757387875248,0.0,1.0,0.0,0.0,1.0
2610.0,add_rx,7.873335630382624,1108.0,12.0,7.949757387875248,0.0,2.0,0.0,0.0,0.0
2611.0,add_ry,7.874028293125809,1108.0,12.0,7.949757387875248,0.0,1.0,1.0,0.0,0.0
2612.0,add_rz,7.949757387875249,1108.0,12.0,7.949757387875248,0.0,1.0,0.0,1.0,0.0
2613.0,delete,7.952650045445748,1108.0,12.0,7.949757387875248,0.0,0.0,0.0,0.0,0.0
2614.0,swap_cx,7.952650045445748,1108.0,12.0,7.949757387875248,0.0,0.0,0.0,0.0,1.0
2615.0,swap_rx,7.816835146622786,1108.0,12.0,7.949757387875248,0.0,1.0,0.0,0.0,0.0
2616.0,swap_ry,7.839372142486179,1108.0,12.0,7.949757387875248,0.0,0.0,1.0,0.0,0.0
2617.0,swap_rz,7.952650045445749,1108.0,12.0,7.949757387875248,0.0,0.0,0.0,1.0,0.0
2617.0,stop,7.824995034599562,1109.0,8.0,7.824995034599554,2.0,0.0,0.0,0.0,0.0
2618.0,add_ry,7.934192367381499,1110.0,11.0,7.863986664497016,0.0,0.0,1.0,0.0,0.0
2619.0,stop,7.952650045445748,1111.0,11.0,7.952650045445748,0.0,0.0,0.0,0.0,1.0
2620.0,add_cx,7.952650045445748,1111.0,12.0,7.952650045445748,0.0,0.0,0.0,0.0,2.0
2621.0,add_rx,7.837235459411174,1111.0,12.0,7.952650045445748,0.0,1.0,0.0,0.0,1.0
2622.0,add_ry,7.950494211964265,1111.0,12.0,7.952650045445748,0.0,0.0,1.0,0.0,1.0
2623.0,add_rz,7.952650045445748,1111.0,12.0,7.952650045445748,0.0,0.0,0.0,1.0,1.0
2624.0,delete,7.952650045445748,1111.0,12.0,7.952650045445748,0.0,0.0,0.0,0.0,0.0
2625.0,swap_cx,7.789984187020972,1111.0,12.0,7.952650045445748,0.0,0.0,0.0,0.0,1.0
2626.0,swap_rx,7.859085308844538,1111.0,12.0,7.952650045445748,0.0,1.0,0.0,0.0,0.0
2627.0,swap_ry,7.925803719818724,1111.0,12.0,7.952650045445748,0.0,0.0,1.0,0.0,0.0
2628.0,swap_rz,7.952650045445748,1111.0,12.0,7.952650045445748,0.0,0.0,0.0,1.0,0.0
2628.0,stop,7.8085108747139405,1112.0,9.0,7.80851087471394,1.0,0.0,0.0,0.0,0.0
2628.0,stop,7.913237338760615,1113.0,9.0,7.91323733876061,1.0,0.0,0.0,0.0,0.0
2628.0,stop,7.913237338760615,1114.0,9.0,7.91323733876061,1.0,0.0,0.0,0.0,0.0
2629.0,stop,7.952650045445748,1115.0,11.0,7.952650045445748,0.0,0.0,0.0,0.0,0.0
2630.0,add_cx,7.952650045445748,1115.0,12.0,7.952650045445748,0.0,0.0,0.0,0.0,1.0
2631.0,add_rx,7.800630001266974,1115.0,12.0,7.952650045445748,0.0,1.0,0.0,0.0,0.0
2632.0,add_ry,7.7668103370339905,1115.0,12.0,7.952650045445748,0.0,0.0,1.0,0.0,0.0
2633.0,add_rz,7.952650045445748,1115.0,12.0,7.952650045445748,0.0,0.0,0.0,1.0,0.0
2634.0,change_0,7.9391550869445435,1116.0,11.0,7.9432038968800525,0.0,0.0,1.0,0.0,0.0
2635.0,stop,7.9432038968800525,1116.0,10.0,7.9432038968800525,0.0,0.0,1.0,0.0,0.0
2636.0,add_cx,7.9432038968800525,1116.0,11.0,7.9432038968800525,0.0,0.0,1.0,0.0,1.0
2637.0,add_rx,7.435168136063808,1116.0,11.0,7.9432038968800525,0.0,1.0,1.0,0.0,0.0
2638.0,add_ry,7.783511703360737,1116.0,11.0,7.9432038968800525,0.0,0.0,2.0,0.0,0.0
2639.0,add_rz,7.9432038968800525,1116.0,11.0,7.9432038968800525,0.0,0.0,1.0,1.0,0.0
2640.0,delete,7.952650045445748,1116.0,11.0,7.9432038968800525,0.0,0.0,0.0,0.0,0.0
2641.0,swap_cx,7.952650045445748,1116.0,11.0,7.9432038968800525,0.0,0.0,0.0,0.0,1.0
2642.0,swap_rx,7.901710050945217,1116.0,11.0,7.9432038968800525,0.0,1.0,0.0,0.0,0.0
2643.0,swap_ry,7.891947111515823,1116.0,11.0,7.9432038968800525,0.0,0.0,1.0,0.0,0.0
2644.0,swap_rz,7.952650045445748,1116.0,11.0,7.9432038968800525,0.0,0.0,0.0,1.0,0.0
2644.0,stop,7.824995034599562,1117.0,8.0,7.824995034599554,2.0,0.0,0.0,0.0,0.0
2645.0,add_rx,7.935483518188184,1118.0,11.0,7.860007667113103,0.0,1.0,0.0,0.0,0.0
2646.0,add_ry,7.476154523746658,1119.0,11.0,7.869387103180438,0.0,0.0,1.0,0.0,0.0
2646.0,stop,7.824995034599562,1120.0,8.0,7.824995034599553,2.0,0.0,0.0,0.0,0.0
2647.0,add_rx,7.730286280580152,1121.0,11.0,7.921166296270244,0.0,1.0,0.0,0.0,0.0
2648.0,add_ry,7.716505372305315,1122.0,11.0,7.904906337819665,0.0,0.0,1.0,0.0,0.0
2648.0,stop,7.824995034599562,1123.0,8.0,7.824995034599553,2.0,0.0,0.0,0.0,0.0
2649.0,stop,7.952650045445748,1124.0,10.0,7.952650045445748,0.0,0.0,0.0,0.0,1.0
2650.0,add_cx,7.952650045445748,1124.0,11.0,7.952650045445748,0.0,0.0,0.0,0.0,2.0
2651.0,add_rx,7.866419797410565,1124.0,11.0,7.952650045445748,0.0,1.0,0.0,0.0,1.0
2652.0,add_ry,7.917392119900384,1124.0,11.0,7.952650045445748,0.0,0.0,1.0,0.0,1.0
2653.0,add_rz,7.952650045445748,1124.0,11.0,7.952650045445748,0.0,0.0,0.0,1.0,1.0
2654.0,delete,7.952650045445748,1124.0,11.0,7.952650045445748,0.0,0.0,0.0,0.0,0.0
2655.0,swap_cx,7.952650045445748,1124.0,11.0,7.952650045445748,0.0,0.0,0.0,0.0,1.0
2656.0,swap_rx,7.9383547368027045,1124.0,11.0,7.952650045445748,0.0,1.0,0.0,0.0,0.0
2657.0,swap_ry,7.56093854542228,1124.0,11.0,7.952650045445748,0.0,0.0,1.0,0.0,0.0
2658.0,swap_rz,7.952650045445747,1124.0,11.0,7.952650045445748,0.0,0.0,0.0,1.0,0.0
2659.0,change_1,7.829513369612542,1125.0,11.0,7.830273452733158,1.0,1.0,0.0,0.0,0.0
2660.0,stop,7.830273452733158,1125.0,10.0,7.830273452733158,1.0,1.0,0.0,0.0,0.0
2661.0,add_cx,7.605216096233034,1125.0,11.0,7.830273452733158,1.0,1.0,0.0,0.0,1.0
2662.0,add_rx,7.803407653601628,1125.0,11.0,7.830273452733158,1.0,2.0,0.0,0.0,0.0
2663.0,add_ry,7.639464491162901,1125.0,11.0,7.830273452733158,1.0,1.0,1.0,0.0,0.0
2664.0,add_rz,7.8302734527331594,1125.0,11.0,7.830273452733158,1.0,1.0,0.0,1.0,0.0
2665.0,delete,7.8085108747139405,1125.0,11.0,7.830273452733158,1.0,0.0,0.0,0.0,0.0
2666.0,swap_cx,7.8085108747139405,1125.0,11.0,7.830273452733158,1.0,0.0,0.0,0.0,1.0
2667.0,swap_rx,7.4253244126315865,1125.0,11.0,7.830273452733158,1.0,1.0,0.0,0.0,0.0
2668.0,swap_ry,7.835005249378357,1125.0,11.0,7.830273452733158,0.0,1.0,1.0,0.0,0.0
2669.0,swap_rz,7.900616935470163,1125.0,11.0,7.830273452733158,0.0,1.0,0.0,1.0,0.0
2669.0,stop,7.952650045445748,1126.0,10.0,7.952650045445748,0.0,0.0,0.0,0.0,1.0
2670.0,change_1,7.952650045445749,1127.0,12.0,7.952650045445749,0.0,0.0,0.0,1.0,1.0
2671.0,stop,7.952650045445749,1127.0,11.0,7.952650045445749,0.0,0.0,0.0,1.0,1.0
2672.0,add_cx,7.952650045445749,1127.0,12.0,7.952650045445749,0.0,0.0,0.0,1.0,2.0
2673.0,add_rx,7.894689222968124,1127.0,12.0,7.952650045445749,0.0,1.0,0.0,1.0,1.0
2674.0,add_ry,7.94384443409119,1127.0,12.0,7.952650045445749,0.0,0.0,1.0,1.0,1.0
2675.0,add_rz,7.952650045445748,1127.0,12.0,7.952650045445749,0.0,0.0,0.0,2.0,1.0
2676.0,delete,7.952650045445749,1127.0,12.0,7.952650045445749,0.0,0.0,0.0,1.0,0.0
2677.0,swap_cx,7.952650045445749,1127.0,12.0,7.952650045445749,0.0,0.0,0.0,1.0,1.0
2678.0,swap_rx,7.451956270234487,1127.0,12.0,7.952650045445749,0.0,1.0,0.0,1.0,0.0
2679.0,swap_ry,7.826424690898212,1127.0,12.0,7.952650045445749,0.0,0.0,1.0,1.0,0.0
2680.0,swap_rz,7.952650045445747,1127.0,12.0,7.952650045445749,0.0,0.0,0.0,1.0,1.0
2680.0,stop,7.8085108747139405,1128.0,9.0,7.80851087471394,1.0,0.0,0.0,0.0,0.0
2680.0,stop,7.824995034599562,1129.0,8.0,7.824995034599552,2.0,0.0,0.0,0.0,0.0
2681.0,add_rx,7.792937885344575,1130.0,11.0,7.865813501811186,0.0,1.0,0.0,0.0,0.0
2682.0,add_rx,7.9510569155046005,1131.0,11.0,7.906483218140238,0.0,1.0,0.0,0.0,0.0
2683.0,change_0,7.9502540203882655,1132.0,12.0,7.9510569155046005,0.0,1.0,0.0,0.0,0.0
2684.0,stop,7.9510569155046005,1132.0,11.0,7.9510569155046005,0.0,1.0,0.0,0.0,0.0
2685.0,add_cx,7.394138191534464,1132.0,12.0,7.9510569155046005,0.0,1.0,0.0,0.0,1.0
2686.0,add_rx,7.949462017960914,1132.0,12.0,7.9510569155046005,0.0,2.0,0.0,0.0,0.0
2687.0,add_ry,7.8861081982440675,1132.0,12.0,7.9510569155046005,0.0,1.0,1.0,0.0,0.0
2688.0,add_rz,7.951056915504601,1132.0,12.0,7.9510569155046005,0.0,1.0,0.0,1.0,0.0
2689.0,delete,7.952650045445748,1132.0,12.0,7.9510569155046005,0.0,0.0,0.0,0.0,0.0
2690.0,swap_cx,7.952650045445748,1132.0,12.0,7.9510569155046005,0.0,0.0,0.0,0.0,1.0
2691.0,swap_rx,7.398099172265153,1132.0,12.0,7.9510569155046005,0.0,1.0,0.0,0.0,0.0
2692.0,swap_ry,7.839497448498996,1132.0,12.0,7.9510569155046005,0.0,0.0,1.0,0.0,0.0
2693.0,swap_rz,7.952650045445748,1132.0,12.0,7.9510569155046005,0.0,0.0,0.0,1.0,0.0
2693.0,stop,7.824995034599562,1133.0,8.0,7.824995034599552,2.0,0.0,0.0,0.0,0.0
2693.0,stop,7.824995034599562,1134.0,8.0,7.824995034599551,2.0,0.0,0.0,0.0,0.0
2694.0,change_0,7.947025320259446,1135.0,12.0,7.935483518188184,0.0,1.0,0.0,0.0,0.0
2695.0,stop,7.935483518188184,1135.0,11.0,7.935483518188184,0.0,1.0,0.0,0.0,0.0
2696.0,add_cx,7.935483518188184,1135.0,12.0,7.935483518188184,0.0,1.0,0.0,0.0,1.0
2697.0,add_rx,7.796734697749243,1135.0,12.0,7.935483518188184,0.0,2.0,0.0,0.0,0.0
2698.0,add_ry,7.7445928120496825,1135.0,12.0,7.935483518188184,0.0,1.0,1.0,0.0,0.0
2699.0,add_rz,7.935483518188185,1135.0,12.0,7.935483518188184,0.0,1.0,0.0,1.0,0.0
2700.0,delete,7.952650045445748,1135.0,12.0,7.935483518188184,0.0,0.0,0.0,0.0,0.0
2701.0,swap_cx,7.952650045445748,1135.0,12.0,7.935483518188184,0.0,0.0,0.0,0.0,1.0
2702.0,swap_rx,7.79003725862905,1135.0,12.0,7.935483518188184,0.0,1.0,0.0,0.0,0.0
2703.0,swap_ry,7.824679995916352,1135.0,12.0,7.935483518188184,0.0,0.0,1.0,0.0,0.0
2704.0,swap_rz,7.952650045445749,1135.0,12.0,7.935483518188184,0.0,0.0,0.0,1.0,0.0
2704.0,stop,7.824995034599562,1136.0,8.0,7.824995034599551,2.0,0.0,0.0,0.0,0.0
2704.0,stop,7.8085108747139405,1137.0,9.0,7.80851087471394,1.0,0.0,0.0,0.0,0.0
2705.0,change_0,7.952650045445749,1138.0,12.0,7.952650045445748,0.0,0.0,0.0,1.0,0.0
2706.0,stop,7.952650045445748,1138.0,11.0,7.952650045445748,0.0,0.0,0.0,1.0,0.0
2707.0,add_cx,7.873824632075484,1138.0,12.0,7.952650045445748,0.0,0.0,0.0,1.0,1.0
2708.0,add_rx,7.403308483271801,1138.0,12.0,7.952650045445748,0.0,1.0,0.0,1.0,0.0
2709.0,add_ry,7.892577550149856,1138.0,12.0,7.952650045445748,0.0,0.0,1.0,1.0,0.0
2710.0,add_rz,7.952650045445748,1138.0,12.0,7.952650045445748,0.0,0.0,0.0,2.0,0.0
2711.0,delete,7.952650045445748,1138.0,12.0,7.952650045445748,0.0,0.0,0.0,0.0,0.0
2712.0,swap_cx,7.952650045445748,1138.0,12.0,7.952650045445748,0.0,0.0,0.0,0.0,1.0
2713.0,swap_rx,7.900773773734908,1138.0,12.0,7.952650045445748,0.0,1.0,0.0,0.0,0.0
2714.0,swap_ry,7.885177475608818,1138.0,12.0,7.952650045445748,0.0,0.0,1.0,0.0,0.0
2715.0,swap_rz,7.952650045445748,1138.0,12.0,7.952650045445748,0.0,0.0,0.0,1.0,0.0
2715.0,stop,7.824995034599562,1139.0,8.0,7.82499503459955,2.0,0.0,0.0,0.0,0.0
2715.0,stop,7.950183823261377,1140.0,10.0,7.950183823261377,0.0,0.0,1.0,0.0,0.0
2715.0,stop,7.952650045445749,1141.0,10.0,7.952650045445749,0.0,0.0,0.0,1.0,0.0
2716.0,change_0,7.952165886562168,1142.0,12.0,7.945918867805779,0.0,0.0,1.0,0.0,0.0
2717.0,stop,7.945918867805779,1142.0,11.0,7.945918867805779,0.0,0.0,1.0,0.0,0.0
2718.0,add_cx,7.759121033095108,1142.0,12.0,7.945918867805779,0.0,0.0,1.0,0.0,1.0
2719.0,add_rx,7.759873081484664,1142.0,12.0,7.945918867805779,0.0,1.0,1.0,0.0,0.0
2720.0,add_ry,7.876238373599899,1142.0,12.0,7.945918867805779,0.0,0.0,2.0,0.0,0.0
2721.0,add_rz,7.945918867805778,1142.0,12.0,7.945918867805779,0.0,0.0,1.0,1.0,0.0
2722.0,delete,7.952650045445748,1142.0,12.0,7.945918867805779,0.0,0.0,0.0,0.0,0.0
2723.0,swap_cx,7.397040644518791,1142.0,12.0,7.945918867805779,0.0,0.0,0.0,0.0,1.0
2724.0,swap_rx,7.947003754563878,1142.0,12.0,7.945918867805779,0.0,1.0,0.0,0.0,0.0
2725.0,swap_ry,7.883091110990621,1142.0,12.0,7.945918867805779,0.0,0.0,1.0,0.0,0.0
2726.0,swap_rz,7.952650045445748,1142.0,12.0,7.945918867805779,0.0,0.0,0.0,1.0,0.0
2726.0,stop,7.824995034599562,1143.0,8.0,7.82499503459955,2.0,0.0,0.0,0.0,0.0
2726.0,stop,7.824995034599562,1144.0,8.0,7.824995034599549,2.0,0.0,0.0,0.0,0.0
2726.0,stop,7.8085108747139405,1145.0,9.0,7.808510874713939,1.0,0.0,0.0,0.0,0.0
2727.0,stop,7.952650045445748,1146.0,11.0,7.952650045445748,0.0,0.0,0.0,0.0,0.0
2728.0,add_cx,7.952650045445748,1146.0,12.0,7.952650045445748,0.0,0.0,0.0,0.0,1.0
2729.0,add_rx,7.553801487846879,1146.0,12.0,7.952650045445748,0.0,1.0,0.0,0.0,0.0
2730.0,add_ry,7.8695284740223155,1146.0,12.0,7.952650045445748,0.0,0.0,1.0,0.0,0.0
2731.0,add_rz,7.952650045445747,1146.0,12.0,7.952650045445748,0.0,0.0,0.0,1.0,0.0
2731.0,stop,7.824995034599562,1147.0,8.0,7.824995034599549,2.0,0.0,0.0,0.0,0.0
2732.0,add_ry,7.7915503262682115,1148.0,11.0,7.890413955857023,0.0,0.0,1.0,0.0,0.0
2732.0,stop,7.8085108747139405,1149.0,9.0,7.808510874713939,1.0,0.0,0.0,0.0,0.0
2733.0,change_0,7.790002645972709,1150.0,12.0,7.7915503262682115,0.0,0.0,1.0,0.0,0.0
2734.0,stop,7.7915503262682115,1150.0,11.0,7.7915503262682115,0.0,0.0,1.0,0.0,0.0
2735.0,add_cx,7.432848390625111,1150.0,12.0,7.7915503262682115,0.0,0.0,1.0,0.0,1.0
2736.0,add_rx,7.910879186412854,1150.0,12.0,7.7915503262682115,0.0,1.0,1.0,0.0,0.0
2737.0,add_ry,7.773908068664164,1150.0,12.0,7.7915503262682115,0.0,0.0,2.0,0.0,0.0
2738.0,add_rz,7.7915503262682115,1150.0,12.0,7.7915503262682115,0.0,0.0,1.0,1.0,0.0
2739.0,delete,7.952650045445748,1150.0,12.0,7.7915503262682115,0.0,0.0,0.0,0.0,0.0
2740.0,swap_cx,7.952650045445748,1150.0,12.0,7.7915503262682115,0.0,0.0,0.0,0.0,1.0
2741.0,swap_rx,7.79625422456063,1150.0,12.0,7.7915503262682115,0.0,1.0,0.0,0.0,0.0
2742.0,swap_ry,7.858531707884255,1150.0,12.0,7.7915503262682115,0.0,0.0,1.0,0.0,0.0
2743.0,swap_rz,7.952650045445747,1150.0,12.0,7.7915503262682115,0.0,0.0,0.0,1.0,0.0
2743.0,stop,7.824995034599562,1151.0,8.0,7.8249950345995485,2.0,0.0,0.0,0.0,0.0
2743.0,stop,7.824995034599562,1152.0,8.0,7.8249950345995485,2.0,0.0,0.0,0.0,0.0
2743.0,stop,7.824995034599562,1153.0,8.0,7.824995034599548,2.0,0.0,0.0,0.0,0.0
2744.0,stop,7.952650045445748,1154.0,12.0,7.952650045445748,0.0,0.0,0.0,0.0,0.0
2745.0,add_cx,7.952650045445748,1154.0,13.0,7.952650045445748,0.0,0.0,0.0,0.0,1.0
2746.0,add_rx,7.926696920530917,1154.0,13.0,7.952650045445748,0.0,1.0,0.0,0.0,0.0
2747.0,add_ry,7.952249847078434,1154.0,13.0,7.952650045445748,0.0,0.0,1.0,0.0,0.0
2748.0,add_rz,7.95265004544575,1154.0,13.0,7.952650045445748,0.0,0.0,0.0,1.0,0.0
2749.0,change_0,7.925522097119655,1155.0,12.0,7.934192367381499,0.0,0.0,1.0,0.0,0.0
2750.0,stop,7.934192367381499,1155.0,11.0,7.934192367381499,0.0,0.0,1.0,0.0,0.0
2751.0,add_cx,7.934192367381499,1155.0,12.0,7.934192367381499,0.0,0.0,1.0,0.0,1.0
2752.0,add_rx,7.834223690060456,1155.0,12.0,7.934192367381499,0.0,1.0,1.0,0.0,0.0
2753.0,add_ry,7.933376083656922,1155.0,12.0,7.934192367381499,0.0,0.0,2.0,0.0,0.0
2754.0,add_rz,7.9341923673815,1155.0,12.0,7.934192367381499,0.0,0.0,1.0,1.0,0.0
2755.0,delete,7.952650045445748,1155.0,12.0,7.934192367381499,0.0,0.0,0.0,0.0,0.0
2756.0,swap_cx,7.952650045445748,1155.0,12.0,7.934192367381499,0.0,0.0,0.0,0.0,1.0
2757.0,swap_rx,7.912961624086734,1155.0,12.0,7.934192367381499,0.0,1.0,0.0,0.0,0.0
2758.0,swap_ry,7.853367611324833,1155.0,12.0,7.934192367381499,0.0,0.0,1.0,0.0,0.0
2759.0,swap_rz,7.952650045445747,1155.0,12.0,7.934192367381499,0.0,0.0,0.0,1.0,0.0
2759.0,stop,7.8085108747139405,1156.0,9.0,7.808510874713939,1.0,0.0,0.0,0.0,0.0
2760.0,stop,7.952650045445748,1157.0,12.0,7.952650045445748,0.0,0.0,0.0,0.0,0.0
2761.0,add_cx,7.789984187021045,1157.0,13.0,7.952650045445748,0.0,0.0,0.0,0.0,1.0
2762.0,add_rx,7.85476109728135,1157.0,13.0,7.952650045445748,0.0,1.0,0.0,0.0,0.0
2763.0,add_ry,7.865367834918111,1157.0,13.0,7.952650045445748,0.0,0.0,1.0,0.0,0.0
2764.0,add_rz,7.952650045445747,1157.0,13.0,7.952650045445748,0.0,0.0,0.0,1.0,0.0
2764.0,stop,7.952650045445748,1158.0,10.0,7.952650045445748,0.0,0.0,0.0,0.0,1.0
2764.0,stop,7.952650045445748,1159.0,10.0,7.952650045445748,0.0,0.0,0.0,0.0,1.0
2764.0,stop,7.952650045445748,1160.0,10.0,7.952650045445748,0.0,0.0,0.0,0.0,1.0
2764.0,stop,7.952650045445748,1161.0,10.0,7.952650045445748,0.0,0.0,0.0,0.0,1.0
2765.0,stop,7.952650045445748,1162.0,11.0,7.952650045445748,0.0,0.0,0.0,0.0,0.0
2766.0,add_cx,7.952650045445748,1162.0,12.0,7.952650045445748,0.0,0.0,0.0,0.0,1.0
2767.0,add_rx,7.849435294580323,1162.0,12.0,7.952650045445748,0.0,1.0,0.0,0.0,0.0
2768.0,add_ry,7.876092233371138,1162.0,12.0,7.952650045445748,0.0,0.0,1.0,0.0,0.0
2769.0,add_rz,7.952650045445747,1162.0,12.0,7.952650045445748,0.0,0.0,0.0,1.0,0.0
2770.0,stop,7.952650045445748,1163.0,11.0,7.952650045445748,0.0,0.0,0.0,0.0,2.0
2771.0,add_cx,7.952650045445748,1163.0,12.0,7.952650045445748,0.0,0.0,0.0,0.0,3.0
2772.0,add_rx,7.951360569858467,1163.0,12.0,7.952650045445748,0.0,1.0,0.0,0.0,2.0
2773.0,add_ry,7.891670517528025,1163.0,12.0,7.952650045445748,0.0,0.0,1.0,0.0,2.0
2774.0,add_rz,7.952650045445749,1163.0,12.0,7.952650045445748,0.0,0.0,0.0,1.0,2.0
2775.0,delete,7.952650045445748,1163.0,12.0,7.952650045445748,0.0,0.0,0.0,0.0,1.0
2776.0,swap_cx,7.952650045445748,1163.0,12.0,7.952650045445748,0.0,0.0,0.0,0.0,2.0
2777.0,swap_rx,7.868042274243548,1163.0,12.0,7.952650045445748,0.0,1.0,0.0,0.0,1.0
2778.0,swap_ry,7.67098455319987,1163.0,12.0,7.952650045445748,0.0,0.0,1.0,0.0,1.0
2779.0,swap_rz,7.952650045445749,1163.0,12.0,7.952650045445748,0.0,0.0,0.0,1.0,1.0
2780.0,add_cx,7.952650045445748,1164.0,11.0,7.921281372629366,0.0,0.0,0.0,0.0,1.0
2781.0,stop,7.952650045445748,1165.0,11.0,7.952650045445748,0.0,0.0,0.0,0.0,1.0
2782.0,add_cx,7.952650045445748,1165.0,12.0,7.952650045445748,0.0,0.0,0.0,0.0,2.0
2783.0,add_rx,7.814182769826468,1165.0,12.0,7.952650045445748,0.0,1.0,0.0,0.0,1.0
2784.0,add_ry,7.850496050000376,1165.0,12.0,7.952650045445748,0.0,0.0,1.0,0.0,1.0
2785.0,add_rz,7.952650045445747,1165.0,12.0,7.952650045445748,0.0,0.0,0.0,1.0,1.0
2786.0,delete,7.952650045445748,1165.0,12.0,7.952650045445748,0.0,0.0,0.0,0.0,0.0
2787.0,swap_cx,7.789984187021045,1165.0,12.0,7.952650045445748,0.0,0.0,0.0,0.0,1.0
2788.0,swap_rx,7.925012563029097,1165.0,12.0,7.952650045445748,0.0,1.0,0.0,0.0,0.0
2789.0,swap_ry,7.758381718998946,1165.0,12.0,7.952650045445748,0.0,0.0,1.0,0.0,0.0
2790.0,swap_rz,7.952650045445749,1165.0,12.0,7.952650045445748,0.0,0.0,0.0,1.0,0.0
2790.0,stop,7.8085108747139405,1166.0,9.0,7.808510874713938,1.0,0.0,0.0,0.0,0.0
2790.0,stop,7.824995034599562,1167.0,8.0,7.824995034599548,2.0,0.0,0.0,0.0,0.0
2791.0,change_0,7.935893139064795,1168.0,12.0,7.919814825738505,0.0,0.0,1.0,0.0,0.0
2792.0,stop,7.919814825738505,1168.0,11.0,7.919814825738505,0.0,0.0,1.0,0.0,0.0
2793.0,add_cx,7.919814825738505,1168.0,12.0,7.919814825738505,0.0,0.0,1.0,0.0,1.0
2794.0,add_rx,7.883917761089404,1168.0,12.0,7.919814825738505,0.0,1.0,1.0,0.0,0.0
2795.0,add_ry,7.86793001564908,1168.0,12.0,7.919814825738505,0.0,0.0,2.0,0.0,0.0
2796.0,add_rz,7.919814825738505,1168.0,12.0,7.919814825738505,0.0,0.0,1.0,1.0,0.0
2797.0,delete,7.952650045445748,1168.0,12.0,7.919814825738505,0.0,0.0,0.0,0.0,0.0
2798.0,swap_cx,7.952650045445748,1168.0,12.0,7.919814825738505,0.0,0.0,0.0,0.0,1.0
2799.0,swap_rx,7.949368011052823,1168.0,12.0,7.919814825738505,0.0,1.0,0.0,0.0,0.0
2800.0,swap_ry,7.952373056495778,1168.0,12.0,7.919814825738505,0.0,0.0,1.0,0.0,0.0
2801.0,swap_rz,7.952650045445749,1168.0,12.0,7.919814825738505,0.0,0.0,0.0,1.0,0.0
2802.0,change_0,7.952650045445747,1169.0,12.0,7.952650045445747,0.0,0.0,0.0,1.0,0.0
2803.0,stop,7.952650045445747,1169.0,11.0,7.952650045445747,0.0,0.0,0.0,1.0,0.0
2804.0,add_cx,7.952650045445747,1169.0,12.0,7.952650045445747,0.0,0.0,0.0,1.0,1.0
2805.0,add_rx,7.791186574171688,1169.0,12.0,7.952650045445747,0.0,1.0,0.0,1.0,0.0
2806.0,add_ry,7.903301595198435,1169.0,12.0,7.952650045445747,0.0,0.0,1.0,1.0,0.0
2807.0,add_rz,7.952650045445748,1169.0,12.0,7.952650045445747,0.0,0.0,0.0,2.0,0.0
2808.0,delete,7.952650045445748,1169.0,12.0,7.952650045445747,0.0,0.0,0.0,0.0,0.0
2809.0,swap_cx,7.952650045445748,1169.0,12.0,7.952650045445747,0.0,0.0,0.0,0.0,1.0
2810.0,swap_rx,7.70437848810952,1169.0,12.0,7.952650045445747,0.0,1.0,0.0,0.0,0.0
2811.0,swap_ry,7.949008836354779,1169.0,12.0,7.952650045445747,0.0,0.0,1.0,0.0,0.0
2812.0,swap_rz,7.952650045445749,1169.0,12.0,7.952650045445747,0.0,0.0,0.0,1.0,0.0
2813.0,stop,7.8085108747139405,1170.0,10.0,7.8085108747139405,1.0,0.0,0.0,0.0,1.0
2814.0,add_cx,7.8085108747139405,1170.0,11.0,7.8085108747139405,1.0,0.0,0.0,0.0,2.0
2815.0,add_rx,7.501089577888648,1170.0,11.0,7.8085108747139405,1.0,1.0,0.0,0.0,1.0
2816.0,add_ry,7.834221782611078,1170.0,11.0,7.8085108747139405,1.0,0.0,1.0,0.0,1.0
2817.0,add_rz,7.80851087471394,1170.0,11.0,7.8085108747139405,1.0,0.0,0.0,1.0,1.0
2818.0,delete,7.8085108747139405,1170.0,11.0,7.8085108747139405,1.0,0.0,0.0,0.0,0.0
2819.0,swap_cx,7.797171028946895,1170.0,11.0,7.8085108747139405,0.0,0.0,0.0,0.0,2.0
2820.0,swap_rx,7.949212296246787,1170.0,11.0,7.8085108747139405,0.0,1.0,0.0,0.0,1.0
2821.0,swap_ry,7.664371703982136,1170.0,11.0,7.8085108747139405,0.0,0.0,1.0,0.0,1.0
2822.0,swap_rz,7.808510874713939,1170.0,11.0,7.8085108747139405,1.0,0.0,0.0,1.0,0.0
2822.0,stop,7.824995034599562,1171.0,8.0,7.824995034599547,2.0,0.0,0.0,0.0,0.0
2822.0,stop,7.824995034599562,1172.0,8.0,7.824995034599547,2.0,0.0,0.0,0.0,0.0
2822.0,stop,7.952650045445749,1173.0,10.0,7.952650045445748,0.0,0.0,0.0,1.0,0.0
2822.0,stop,7.952650045445749,1174.0,10.0,7.952650045445748,0.0,0.0,0.0,1.0,0.0
2822.0,stop,7.952650045445749,1175.0,10.0,7.952650045445748,0.0,0.0,0.0,1.0,0.0
2823.0,change_0,7.952650045445749,1176.0,12.0,7.952650045445749,0.0,0.0,0.0,2.0,0.0
2824.0,change_1,7.952650045445749,1176.0,12.0,7.952650045445749,0.0,0.0,0.0,2.0,0.0
2825.0,stop,7.952650045445749,1176.0,11.0,7.952650045445749,0.0,0.0,0.0,2.0,0.0
2826.0,add_cx,7.952650045445749,1176.0,12.0,7.952650045445749,0.0,0.0,0.0,2.0,1.0
2827.0,add_rx,7.654678248076303,1176.0,12.0,7.952650045445749,0.0,1.0,0.0,2.0,0.0
2828.0,add_ry,7.4055689812807195,1176.0,12.0,7.952650045445749,0.0,0.0,1.0,2.0,0.0
2829.0,add_rz,7.952650045445749,1176.0,12.0,7.952650045445749,0.0,0.0,0.0,3.0,0.0
2830.0,delete,7.952650045445749,1176.0,12.0,7.952650045445749,0.0,0.0,0.0,1.0,0.0
2831.0,swap_cx,7.952650045445747,1176.0,12.0,7.952650045445749,0.0,0.0,0.0,1.0,1.0
2832.0,swap_rx,7.916085753931423,1176.0,12.0,7.952650045445749,0.0,1.0,0.0,1.0,0.0
2833.0,swap_ry,7.931570279227746,1176.0,12.0,7.952650045445749,0.0,0.0,1.0,1.0,0.0
2834.0,swap_rz,7.9526500454457505,1176.0,12.0,7.952650045445749,0.0,0.0,0.0,2.0,0.0
2835.0,add_rz,7.952650045445748,1177.0,11.0,7.815389235323579,0.0,0.0,0.0,1.0,0.0
2836.0,add_rz,7.952650045445749,1178.0,11.0,7.82594775917913,0.0,0.0,0.0,1.0,0.0
2837.0,change_0,7.952650045445747,1179.0,12.0,7.952650045445749,0.0,0.0,0.0,1.0,0.0
2838.0,stop,7.952650045445749,1179.0,11.0,7.952650045445749,0.0,0.0,0.0,1.0,0.0
2839.0,add_cx,7.873824632075484,1179.0,12.0,7.952650045445749,0.0,0.0,0.0,1.0,1.0
2840.0,add_rx,7.935648466411328,1179.0,12.0,7.952650045445749,0.0,1.0,0.0,1.0,0.0
2841.0,add_ry,7.82595683341538,1179.0,12.0,7.952650045445749,0.0,0.0,1.0,1.0,0.0
2842.0,add_rz,7.952650045445748,1179.0,12.0,7.952650045445749,0.0,0.0,0.0,2.0,0.0
2843.0,delete,7.952650045445748,1179.0,12.0,7.952650045445749,0.0,0.0,0.0,0.0,0.0
2844.0,swap_cx,7.952650045445748,1179.0,12.0,7.952650045445749,0.0,0.0,0.0,0.0,1.0
2845.0,swap_rx,7.795869939108494,1179.0,12.0,7.952650045445749,0.0,1.0,0.0,0.0,0.0
2846.0,swap_ry,7.9121714185068495,1179.0,12.0,7.952650045445749,0.0,0.0,1.0,0.0,0.0
2847.0,swap_rz,7.952650045445747,1179.0,12.0,7.952650045445749,0.0,0.0,0.0,1.0,0.0
2847.0,stop,7.945242889083908,1180.0,10.0,7.945242889083908,0.0,1.0,0.0,0.0,0.0
2847.0,stop,7.945242889083908,1181.0,10.0,7.945242889083908,0.0,1.0,0.0,0.0,0.0
2847.0,stop,7.945242889083908,1182.0,10.0,7.945242889083908,0.0,1.0,0.0,0.0,0.0
2847.0,stop,7.945242889083908,1183.0,10.0,7.945242889083908,0.0,1.0,0.0,0.0,0.0
2847.0,stop,7.945242889083908,1184.0,10.0,7.945242889083909,0.0,1.0,0.0,0.0,0.0
2848.0,change_0,7.952650045445747,1185.0,12.0,7.952650045445748,0.0,0.0,0.0,1.0,0.0
2849.0,stop,7.952650045445748,1185.0,11.0,7.952650045445748,0.0,0.0,0.0,1.0,0.0
2850.0,add_cx,7.952650045445748,1185.0,12.0,7.952650045445748,0.0,0.0,0.0,1.0,1.0
2851.0,add_rx,7.936084570688398,1185.0,12.0,7.952650045445748,0.0,1.0,0.0,1.0,0.0
2852.0,add_ry,7.888424424637259,1185.0,12.0,7.952650045445748,0.0,0.0,1.0,1.0,0.0
2853.0,add_rz,7.952650045445747,1185.0,12.0,7.952650045445748,0.0,0.0,0.0,2.0,0.0
2854.0,delete,7.952650045445748,1185.0,12.0,7.952650045445748,0.0,0.0,0.0,0.0,0.0
2855.0,swap_cx,7.952650045445748,1185.0,12.0,7.952650045445748,0.0,0.0,0.0,0.0,1.0
2856.0,swap_rx,7.804504695122089,1185.0,12.0,7.952650045445748,0.0,1.0,0.0,0.0,0.0
2857.0,swap_ry,7.579640001792025,1185.0,12.0,7.952650045445748,0.0,0.0,1.0,0.0,0.0
2858.0,swap_rz,7.952650045445748,1185.0,12.0,7.952650045445748,0.0,0.0,0.0,1.0,0.0
2859.0,add_cx,7.952650045445748,1186.0,11.0,7.791829890220112,0.0,0.0,0.0,0.0,1.0
2860.0,add_cx,7.952650045445748,1187.0,11.0,7.805231569822248,0.0,0.0,0.0,0.0,1.0
2861.0,stop,7.952650045445748,1188.0,11.0,7.952650045445748,0.0,0.0,0.0,0.0,1.0
2862.0,add_cx,7.952650045445748,1188.0,12.0,7.952650045445748,0.0,0.0,0.0,0.0,2.0
2863.0,add_rx,7.931695382267393,1188.0,12.0,7.952650045445748,0.0,1.0,0.0,0.0,1.0
2864.0,add_ry,7.79381695282343,1188.0,12.0,7.952650045445748,0.0,0.0,1.0,0.0,1.0
2865.0,add_rz,7.952650045445748,1188.0,12.0,7.952650045445748,0.0,0.0,0.0,1.0,1.0
2866.0,delete,7.952650045445748,1188.0,12.0,7.952650045445748,0.0,0.0,0.0,0.0,0.0
2867.0,swap_cx,7.952650045445748,1188.0,12.0,7.952650045445748,0.0,0.0,0.0,0.0,1.0
2868.0,swap_rx,7.802378821963256,1188.0,12.0,7.952650045445748,0.0,1.0,0.0,0.0,0.0
2869.0,swap_ry,7.919481660144925,1188.0,12.0,7.952650045445748,0.0,0.0,1.0,0.0,0.0
2870.0,swap_rz,7.952650045445749,1188.0,12.0,7.952650045445748,0.0,0.0,0.0,1.0,0.0
2871.0,change_0,7.674628451974494,1189.0,12.0,7.730286280580152,0.0,1.0,0.0,0.0,0.0
2872.0,stop,7.730286280580152,1189.0,11.0,7.730286280580152,0.0,1.0,0.0,0.0,0.0
2873.0,add_cx,7.467875073232415,1189.0,12.0,7.730286280580152,0.0,1.0,0.0,0.0,1.0
2874.0,add_rx,7.603726389159979,1189.0,12.0,7.730286280580152,0.0,2.0,0.0,0.0,0.0
2875.0,add_ry,7.682894132107026,1189.0,12.0,7.730286280580152,0.0,1.0,1.0,0.0,0.0
2876.0,add_rz,7.730286280580151,1189.0,12.0,7.730286280580152,0.0,1.0,0.0,1.0,0.0
2877.0,delete,7.952650045445748,1189.0,12.0,7.730286280580152,0.0,0.0,0.0,0.0,0.0
2878.0,swap_cx,7.952650045445748,1189.0,12.0,7.730286280580152,0.0,0.0,0.0,0.0,1.0
2879.0,swap_rx,7.91983147377034,1189.0,12.0,7.730286280580152,0.0,1.0,0.0,0.0,0.0
2880.0,swap_ry,7.740574053640172,1189.0,12.0,7.730286280580152,0.0,0.0,1.0,0.0,0.0
2881.0,swap_rz,7.952650045445748,1189.0,12.0,7.730286280580152,0.0,0.0,0.0,1.0,0.0
2881.0,stop,7.8085108747139405,1190.0,9.0,7.8085108747139405,1.0,0.0,0.0,0.0,1.0
2881.0,stop,7.913237338760615,1191.0,9.0,7.913237338760615,1.0,0.0,0.0,0.0,1.0
2881.0,stop,7.913237338760615,1192.0,9.0,7.913237338760615,1.0,0.0,0.0,0.0,1.0
2881.0,stop,7.913237338760615,1193.0,9.0,7.913237338760614,1.0,0.0,0.0,0.0,1.0
2881.0,stop,7.8085108747139405,1194.0,9.0,7.8085108747139405,1.0,0.0,0.0,0.0,1.0
2882.0,change_0,7.942145363262205,1195.0,11.0,7.946587712728285,0.0,0.0,1.0,0.0,0.0
2883.0,stop,7.946587712728285,1195.0,10.0,7.946587712728285,0.0,0.0,1.0,0.0,0.0
2884.0,add_cx,7.946587712728285,1195.0,11.0,7.946587712728285,0.0,0.0,1.0,0.0,1.0
2885.0,add_rx,7.755172322048916,1195.0,11.0,7.946587712728285,0.0,1.0,1.0,0.0,0.0
2886.0,add_ry,7.9077206435625325,1195.0,11.0,7.946587712728285,0.0,0.0,2.0,0.0,0.0
2887.0,add_rz,7.946587712728284,1195.0,11.0,7.946587712728285,0.0,0.0,1.0,1.0,0.0
2888.0,delete,7.952650045445748,1195.0,11.0,7.946587712728285,0.0,0.0,0.0,0.0,0.0
2889.0,swap_cx,7.952650045445748,1195.0,11.0,7.946587712728285,0.0,0.0,0.0,0.0,1.0
2890.0,swap_rx,7.81619567614881,1195.0,11.0,7.946587712728285,0.0,1.0,0.0,0.0,0.0
2891.0,swap_ry,7.905816127729107,1195.0,11.0,7.946587712728285,0.0,0.0,1.0,0.0,0.0
2892.0,swap_rz,7.952650045445749,1195.0,11.0,7.946587712728285,0.0,0.0,0.0,1.0,0.0
2892.0,stop,7.913237338760615,1196.0,9.0,7.913237338760614,1.0,0.0,0.0,0.0,1.0
2892.0,stop,7.913237338760615,1197.0,9.0,7.913237338760614,1.0,0.0,0.0,0.0,1.0
2892.0,stop,7.913237338760615,1198.0,9.0,7.913237338760614,1.0,0.0,0.0,0.0,1.0
2893.0,stop,7.913237338760615,1199.0,10.0,7.913237338760615,1.0,0.0,0.0,0.0,2.0
2894.0,add_cx,7.24961027163665,1199.0,11.0,7.913237338760615,1.0,0.0,0.0,0.0,3.0
2895.0,add_rx,7.734316783667542,1199.0,11.0,7.913237338760615,1.0,1.0,0.0,0.0,2.0
2896.0,add_ry,7.8793404931363815,1199.0,11.0,7.913237338760615,1.0,0.0,1.0,0.0,2.0
2897.0,add_rz,7.913237338760613,1199.0,11.0,7.913237338760615,1.0,0.0,0.0,1.0,2.0
2898.0,delete,7.952650045445748,1199.0,11.0,7.913237338760615,0.0,0.0,0.0,0.0,2.0
2899.0,swap_cx,7.913237338760615,1199.0,11.0,7.913237338760615,1.0,0.0,0.0,0.0,2.0
2900.0,swap_rx,7.906162650682351,1199.0,11.0,7.913237338760615,1.0,1.0,0.0,0.0,1.0
2901.0,swap_ry,7.791834828416542,1199.0,11.0,7.913237338760615,1.0,0.0,1.0,0.0,1.0
2902.0,swap_rz,7.913237338760614,1199.0,11.0,7.913237338760615,1.0,0.0,0.0,1.0,1.0
2902.0,stop,7.822004353369456,1200.0,8.0,7.822004353369455,2.0,0.0,0.0,0.0,0.0
2902.0,stop,7.8085108747139405,1201.0,9.0,7.808510874713938,1.0,0.0,0.0,0.0,0.0
2903.0,change_0,7.466946078309852,1202.0,12.0,7.476154523746658,0.0,0.0,1.0,0.0,0.0
2904.0,stop,7.476154523746658,1202.0,11.0,7.476154523746658,0.0,0.0,1.0,0.0,0.0
2905.0,add_cx,7.476154523746658,1202.0,12.0,7.476154523746658,0.0,0.0,1.0,0.0,1.0
2906.0,add_rx,7.212377676143113,1202.0,12.0,7.476154523746658,0.0,1.0,1.0,0.0,0.0
2907.0,add_ry,7.228357235560672,1202.0,12.0,7.476154523746658,0.0,0.0,2.0,0.0,0.0
2908.0,add_rz,7.47615452374666,1202.0,12.0,7.476154523746658,0.0,0.0,1.0,1.0,0.0
2909.0,delete,7.952650045445748,1202.0,12.0,7.476154523746658,0.0,0.0,0.0,0.0,0.0
2910.0,swap_cx,7.952650045445748,1202.0,12.0,7.476154523746658,0.0,0.0,0.0,0.0,1.0
2911.0,swap_rx,7.908441322803972,1202.0,12.0,7.476154523746658,0.0,1.0,0.0,0.0,0.0
2912.0,swap_ry,7.665099951021507,1202.0,12.0,7.476154523746658,0.0,0.0,1.0,0.0,0.0
2913.0,swap_rz,7.952650045445749,1202.0,12.0,7.476154523746658,0.0,0.0,0.0,1.0,0.0
2913.0,stop,7.822004353369456,1203.0,8.0,7.822004353369454,2.0,0.0,0.0,0.0,0.0
2913.0,stop,7.822004353369456,1204.0,8.0,7.822004353369454,2.0,0.0,0.0,0.0,0.0
2913.0,stop,7.822004353369456,1205.0,8.0,7.822004353369453,2.0,0.0,0.0,0.0,0.0
2913.0,stop,7.913237338760615,1206.0,9.0,7.913237338760615,1.0,0.0,0.0,0.0,0.0
2913.0,stop,7.913237338760615,1207.0,9.0,7.913237338760614,1.0,0.0,0.0,0.0,0.0
2913.0,stop,7.952650045445748,1208.0,10.0,7.952650045445748,0.0,0.0,0.0,0.0,0.0
2913.0,stop,7.913237338760615,1209.0,9.0,7.913237338760614,1.0,0.0,0.0,0.0,0.0
2913.0,stop,7.952650045445748,1210.0,10.0,7.952650045445748,0.0,0.0,0.0,0.0,0.0
2913.0,stop,7.913237338760615,1211.0,9.0,7.913237338760613,1.0,0.0,0.0,0.0,0.0
2913.0,stop,7.952650045445748,1212.0,10.0,7.952650045445748,0.0,0.0,0.0,0.0,0.0
2913.0,stop,7.952650045445748,1213.0,10.0,7.952650045445748,0.0,0.0,0.0,0.0,0.0
2913.0,stop,7.913237338760615,1214.0,9.0,7.913237338760613,1.0,0.0,0.0,0.0,0.0
2913.0,stop,7.952650045445748,1215.0,10.0,7.952650045445748,0.0,0.0,0.0,0.0,0.0
2913.0,stop,7.913237338760615,1216.0,9.0,7.913237338760613,1.0,0.0,0.0,0.0,0.0
2913.0,stop,7.952650045445748,1217.0,10.0,7.952650045445748,0.0,0.0,0.0,0.0,0.0
2913.0,stop,7.952650045445748,1218.0,10.0,7.952650045445749,0.0,0.0,0.0,0.0,0.0
2913.0,stop,7.913237338760615,1219.0,9.0,7.913237338760612,1.0,0.0,0.0,0.0,0.0
2913.0,stop,7.952650045445748,1220.0,10.0,7.952650045445749,0.0,0.0,0.0,0.0,0.0
2913.0,stop,7.913237338760615,1221.0,9.0,7.913237338760612,1.0,0.0,0.0,0.0,0.0
2913.0,stop,7.952650045445748,1222.0,10.0,7.952650045445749,0.0,0.0,0.0,0.0,0.0
2914.0,change_0,7.95181980192444,1223.0,11.0,7.951331869333466,0.0,1.0,0.0,0.0,0.0
2915.0,stop,7.951331869333466,1223.0,10.0,7.951331869333466,0.0,1.0,0.0,0.0,0.0
2916.0,add_cx,7.875142808187764,1223.0,11.0,7.951331869333466,0.0,1.0,0.0,0.0,1.0
2917.0,add_rx,7.863314869168696,1223.0,11.0,7.951331869333466,0.0,2.0,0.0,0.0,0.0
2918.0,add_ry,7.931498651904157,1223.0,11.0,7.951331869333466,0.0,1.0,1.0,0.0,0.0
2919.0,add_rz,7.951331869333467,1223.0,11.0,7.951331869333466,0.0,1.0,0.0,1.0,0.0
2920.0,delete,7.952650045445748,1223.0,11.0,7.951331869333466,0.0,0.0,0.0,0.0,0.0
2921.0,swap_cx,7.952650045445748,1223.0,11.0,7.951331869333466,0.0,0.0,0.0,0.0,1.0
2922.0,swap_rx,7.805990773231423,1223.0,11.0,7.951331869333466,0.0,1.0,0.0,0.0,0.0
2923.0,swap_ry,7.933640863113771,1223.0,11.0,7.951331869333466,0.0,0.0,1.0,0.0,0.0
2924.0,swap_rz,7.952650045445747,1223.0,11.0,7.951331869333466,0.0,0.0,0.0,1.0,0.0
2924.0,stop,7.952650045445748,1224.0,10.0,7.952650045445749,0.0,0.0,0.0,0.0,0.0
2924.0,stop,7.913237338760615,1225.0,9.0,7.913237338760612,1.0,0.0,0.0,0.0,0.0
2924.0,stop,7.952650045445748,1226.0,10.0,7.95265004544575,0.0,0.0,0.0,0.0,0.0
2924.0,stop,7.952650045445748,1227.0,10.0,7.95265004544575,0.0,0.0,0.0,0.0,0.0
2924.0,stop,7.913237338760615,1228.0,9.0,7.913237338760613,1.0,0.0,0.0,0.0,0.0
2924.0,stop,7.952650045445748,1229.0,10.0,7.95265004544575,0.0,0.0,0.0,0.0,0.0
2924.0,stop,7.913237338760615,1230.0,9.0,7.913237338760613,1.0,0.0,0.0,0.0,0.0
2924.0,stop,7.952650045445748,1231.0,10.0,7.95265004544575,0.0,0.0,0.0,0.0,0.0
2925.0,change_0,7.952650045445746,1232.0,12.0,7.952650045445748,0.0,0.0,0.0,1.0,0.0
2926.0,stop,7.952650045445748,1232.0,11.0,7.952650045445748,0.0,0.0,0.0,1.0,0.0
2927.0,add_cx,7.873824632075484,1232.0,12.0,7.952650045445748,0.0,0.0,0.0,1.0,1.0
2928.0,add_rx,7.790282585914322,1232.0,12.0,7.952650045445748,0.0,1.0,0.0,1.0,0.0
2929.0,add_ry,7.95261852992974,1232.0,12.0,7.952650045445748,0.0,0.0,1.0,1.0,0.0
2930.0,add_rz,7.952650045445748,1232.0,12.0,7.952650045445748,0.0,0.0,0.0,2.0,0.0
2931.0,delete,7.952650045445748,1232.0,12.0,7.952650045445748,0.0,0.0,0.0,0.0,0.0
2932.0,swap_cx,7.952650045445748,1232.0,12.0,7.952650045445748,0.0,0.0,0.0,0.0,1.0
2933.0,swap_rx,7.876039758281043,1232.0,12.0,7.952650045445748,0.0,1.0,0.0,0.0,0.0
2934.0,swap_ry,7.914019768353473,1232.0,12.0,7.952650045445748,0.0,0.0,1.0,0.0,0.0
2935.0,swap_rz,7.952650045445749,1232.0,12.0,7.952650045445748,0.0,0.0,0.0,1.0,0.0
2935.0,stop,7.913237338760615,1233.0,9.0,7.913237338760612,1.0,0.0,0.0,0.0,0.0
2935.0,stop,7.913237338760615,1234.0,9.0,7.913237338760612,1.0,0.0,0.0,0.0,0.0
2935.0,stop,7.913237338760615,1235.0,9.0,7.913237338760612,1.0,0.0,0.0,0.0,0.0
2935.0,stop,7.913237338760615,1236.0,9.0,7.913237338760612,1.0,0.0,0.0,0.0,0.0
2935.0,stop,7.913237338760615,1237.0,9.0,7.913237338760612,1.0,0.0,0.0,0.0,0.0
2936.0,change_1,7.913237338760614,1238.0,11.0,7.913237338760613,1.0,0.0,0.0,1.0,0.0
2937.0,stop,7.913237338760613,1238.0,10.0,7.913237338760613,1.0,0.0,0.0,1.0,0.0
2938.0,add_cx,7.913237338760613,1238.0,11.0,7.913237338760613,1.0,0.0,0.0,1.0,1.0
2939.0,add_rx,7.729484851763207,1238.0,11.0,7.913237338760613,1.0,1.0,0.0,1.0,0.0
2940.0,add_ry,7.787679964550093,1238.0,11.0,7.913237338760613,1.0,0.0,1.0,1.0,0.0
2941.0,add_rz,7.913237338760614,1238.0,11.0,7.913237338760613,1.0,0.0,0.0,2.0,0.0
2942.0,delete,7.913237338760615,1238.0,11.0,7.913237338760613,1.0,0.0,0.0,0.0,0.0
2943.0,swap_cx,7.913237338760615,1238.0,11.0,7.913237338760613,1.0,0.0,0.0,0.0,1.0
2944.0,swap_rx,7.6725787353956765,1238.0,11.0,7.913237338760613,1.0,1.0,0.0,0.0,0.0
2945.0,swap_ry,7.285941087927314,1238.0,11.0,7.913237338760613,1.0,0.0,1.0,0.0,0.0
2946.0,swap_rz,7.913237338760614,1238.0,11.0,7.913237338760613,1.0,0.0,0.0,1.0,0.0
2946.0,stop,7.822004353369456,1239.0,8.0,7.822004353369453,2.0,0.0,0.0,0.0,0.0
2946.0,stop,7.822004353369456,1240.0,8.0,7.8220043533694525,2.0,0.0,0.0,0.0,0.0
2946.0,stop,7.822004353369456,1241.0,8.0,7.8220043533694525,2.0,0.0,0.0,0.0,0.0
2947.0,change_2,7.8087107574314425,1242.0,10.0,7.808668948169957,2.0,0.0,1.0,0.0,0.0
2948.0,stop,7.808668948169957,1242.0,9.0,7.808668948169957,2.0,0.0,1.0,0.0,0.0
2949.0,add_cx,7.808668948169957,1242.0,10.0,7.808668948169957,2.0,0.0,1.0,0.0,1.0
2950.0,add_rx,7.808668948169956,1242.0,10.0,7.808668948169957,2.0,1.0,1.0,0.0,0.0
2951.0,add_ry,7.660438146111267,1242.0,10.0,7.808668948169957,2.0,0.0,2.0,0.0,0.0
2952.0,add_rz,7.808668948169956,1242.0,10.0,7.808668948169957,2.0,0.0,1.0,1.0,0.0
2953.0,delete,7.819944999764509,1242.0,10.0,7.808668948169957,1.0,0.0,1.0,0.0,0.0
2954.0,swap_cx,7.537925692737391,1242.0,10.0,7.808668948169957,2.0,0.0,0.0,0.0,1.0
2955.0,swap_rx,7.904152916516976,1242.0,10.0,7.808668948169957,1.0,1.0,1.0,0.0,0.0
2956.0,swap_ry,7.820449556912166,1242.0,10.0,7.808668948169957,1.0,0.0,2.0,0.0,0.0
2957.0,swap_rz,7.819944999764509,1242.0,10.0,7.808668948169957,1.0,0.0,1.0,1.0,0.0
2957.0,stop,7.822004353369456,1243.0,8.0,7.8220043533694525,2.0,0.0,0.0,0.0,0.0
2957.0,stop,7.822004353369456,1244.0,8.0,7.822004353369452,2.0,0.0,0.0,0.0,0.0
2957.0,stop,7.913237338760615,1245.0,9.0,7.913237338760612,1.0,0.0,0.0,0.0,0.0
2957.0,stop,7.913237338760615,1246.0,9.0,7.913237338760612,1.0,0.0,0.0,0.0,0.0
2958.0,change_0,7.874206480576595,1247.0,11.0,7.874717126701048,0.0,0.0,1.0,0.0,0.0
2959.0,stop,7.874717126701048,1247.0,10.0,7.874717126701048,0.0,0.0,1.0,0.0,0.0
2960.0,add_cx,7.473577452662869,1247.0,11.0,7.874717126701048,0.0,0.0,1.0,0.0,1.0
2961.0,add_rx,7.772612089959734,1247.0,11.0,7.874717126701048,0.0,1.0,1.0,0.0,0.0
2962.0,add_ry,7.52025226733008,1247.0,11.0,7.874717126701048,0.0,0.0,2.0,0.0,0.0
2963.0,add_rz,7.87471712670105,1247.0,11.0,7.874717126701048,0.0,0.0,1.0,1.0,0.0
2964.0,delete,7.952650045445748,1247.0,11.0,7.874717126701048,0.0,0.0,0.0,0.0,0.0
2965.0,swap_cx,7.952650045445748,1247.0,11.0,7.874717126701048,0.0,0.0,0.0,0.0,1.0
2966.0,swap_rx,7.951751803894241,1247.0,11.0,7.874717126701048,0.0,1.0,0.0,0.0,0.0
2967.0,swap_ry,7.95265003805448,1247.0,11.0,7.874717126701048,0.0,0.0,1.0,0.0,0.0
2968.0,swap_rz,7.952650045445747,1247.0,11.0,7.874717126701048,0.0,0.0,0.0,1.0,0.0
2968.0,stop,7.822004353369456,1248.0,8.0,7.822004353369452,2.0,0.0,0.0,0.0,0.0
2968.0,stop,7.822004353369456,1249.0,8.0,7.822004353369452,2.0,0.0,0.0,0.0,0.0
2968.0,stop,7.822004353369456,1250.0,8.0,7.822004353369451,2.0,0.0,0.0,0.0,0.0
2968.0,stop,7.822004353369456,1251.0,8.0,7.822004353369451,2.0,0.0,0.0,0.0,0.0
2968.0,stop,7.822004353369456,1252.0,8.0,7.822004353369451,2.0,0.0,0.0,0.0,0.0
2968.0,stop,7.952650045445748,1253.0,10.0,7.952650045445748,0.0,0.0,0.0,0.0,0.0
2968.0,stop,7.952650045445748,1254.0,10.0,7.952650045445748,0.0,0.0,0.0,0.0,0.0
2968.0,stop,7.952650045445748,1255.0,10.0,7.952650045445748,0.0,0.0,0.0,0.0,0.0
2968.0,stop,7.952650045445748,1256.0,10.0,7.952650045445748,0.0,0.0,0.0,0.0,0.0
2968.0,stop,7.8085108747139405,1257.0,9.0,7.808510874713941,1.0,0.0,0.0,0.0,0.0
2968.0,stop,7.952650045445748,1258.0,10.0,7.952650045445748,0.0,0.0,0.0,0.0,0.0
2968.0,stop,7.952650045445748,1259.0,10.0,7.952650045445749,0.0,0.0,0.0,0.0,0.0
2968.0,stop,7.952650045445748,1260.0,10.0,7.952650045445749,0.0,0.0,0.0,0.0,0.0
2969.0,change_0,7.952650045445747,1261.0,12.0,7.952650045445747,0.0,0.0,0.0,1.0,0.0
2970.0,stop,7.952650045445747,1261.0,11.0,7.952650045445747,0.0,0.0,0.0,1.0,0.0
2971.0,add_cx,7.952650045445747,1261.0,12.0,7.952650045445747,0.0,0.0,0.0,1.0,1.0
2972.0,add_rx,7.9492069642421015,1261.0,12.0,7.952650045445747,0.0,1.0,0.0,1.0,0.0
2973.0,add_ry,7.802369407244573,1261.0,12.0,7.952650045445747,0.0,0.0,1.0,1.0,0.0
2974.0,add_rz,7.952650045445749,1261.0,12.0,7.952650045445747,0.0,0.0,0.0,2.0,0.0
2975.0,delete,7.952650045445748,1261.0,12.0,7.952650045445747,0.0,0.0,0.0,0.0,0.0
2976.0,swap_cx,7.952650045445748,1261.0,12.0,7.952650045445747,0.0,0.0,0.0,0.0,1.0
2977.0,swap_rx,7.412845565997705,1261.0,12.0,7.952650045445747,0.0,1.0,0.0,0.0,0.0
2978.0,swap_ry,7.860628633547767,1261.0,12.0,7.952650045445747,0.0,0.0,1.0,0.0,0.0
2979.0,swap_rz,7.952650045445747,1261.0,12.0,7.952650045445747,0.0,0.0,0.0,1.0,0.0
2979.0,stop,7.822004353369456,1262.0,8.0,7.82200435336945,2.0,0.0,0.0,0.0,0.0
2979.0,stop,7.8085108747139405,1263.0,9.0,7.808510874713941,1.0,0.0,0.0,0.0,0.0
2979.0,stop,7.822004353369456,1264.0,8.0,7.82200435336945,2.0,0.0,0.0,0.0,0.0
2979.0,stop,7.913237338760615,1265.0,9.0,7.913237338760611,1.0,0.0,0.0,0.0,0.0
2979.0,stop,7.913237338760615,1266.0,9.0,7.913237338760611,1.0,0.0,0.0,0.0,0.0
2979.0,stop,7.913237338760615,1267.0,9.0,7.913237338760611,1.0,0.0,0.0,0.0,0.0
2979.0,stop,7.952650045445748,1268.0,10.0,7.95265004544575,0.0,0.0,0.0,0.0,0.0
2979.0,stop,7.913237338760615,1269.0,9.0,7.913237338760611,1.0,0.0,0.0,0.0,0.0
2979.0,stop,7.952650045445748,1270.0,10.0,7.95265004544575,0.0,0.0,0.0,0.0,0.0
2979.0,stop,7.952650045445748,1271.0,10.0,7.952650045445749,0.0,0.0,0.0,0.0,0.0
2979.0,stop,7.913237338760615,1272.0,9.0,7.913237338760611,1.0,0.0,0.0,0.0,0.0
2979.0,stop,7.952650045445748,1273.0,10.0,7.952650045445749,0.0,0.0,0.0,0.0,0.0
2979.0,stop,7.952650045445748,1274.0,10.0,7.952650045445749,0.0,0.0,0.0,0.0,0.0
2979.0,stop,7.913237338760615,1275.0,9.0,7.913237338760611,1.0,0.0,0.0,0.0,0.0
2979.0,stop,7.952650045445748,1276.0,10.0,7.952650045445749,0.0,0.0,0.0,0.0,0.0
2979.0,stop,7.952650045445748,1277.0,10.0,7.952650045445749,0.0,0.0,0.0,0.0,0.0
2979.0,stop,7.913237338760615,1278.0,9.0,7.913237338760611,1.0,0.0,0.0,0.0,0.0
2979.0,stop,7.952650045445748,1279.0,10.0,7.95265004544575,0.0,0.0,0.0,0.0,0.0
2979.0,stop,7.952650045445748,1280.0,10.0,7.95265004544575,0.0,0.0,0.0,0.0,0.0
2979.0,stop,7.913237338760615,1281.0,9.0,7.913237338760611,1.0,0.0,0.0,0.0,0.0
2979.0,stop,7.952650045445748,1282.0,10.0,7.95265004544575,0.0,0.0,0.0,0.0,0.0
2979.0,stop,7.952650045445748,1283.0,10.0,7.95265004544575,0.0,0.0,0.0,0.0,0.0
2979.0,stop,7.913237338760615,1284.0,9.0,7.913237338760611,1.0,0.0,0.0,0.0,0.0
2979.0,stop,7.952650045445748,1285.0,10.0,7.95265004544575,0.0,0.0,0.0,0.0,0.0
2979.0,stop,7.952650045445748,1286.0,10.0,7.95265004544575,0.0,0.0,0.0,0.0,0.0
2979.0,stop,7.913237338760615,1287.0,9.0,7.913237338760611,1.0,0.0,0.0,0.0,0.0
2979.0,stop,7.952650045445748,1288.0,10.0,7.95265004544575,0.0,0.0,0.0,0.0,0.0
2979.0,stop,7.952650045445748,1289.0,10.0,7.95265004544575,0.0,0.0,0.0,0.0,0.0
2979.0,stop,7.952650045445748,1290.0,10.0,7.95265004544575,0.0,0.0,0.0,0.0,0.0
2979.0,stop,7.913237338760615,1291.0,9.0,7.913237338760611,1.0,0.0,0.0,0.0,0.0
2979.0,stop,7.952650045445748,1292.0,10.0,7.95265004544575,0.0,0.0,0.0,0.0,0.0
2979.0,stop,7.952650045445748,1293.0,10.0,7.95265004544575,0.0,0.0,0.0,0.0,0.0
2979.0,stop,7.913237338760615,1294.0,9.0,7.913237338760611,1.0,0.0,0.0,0.0,0.0
2979.0,stop,7.952650045445748,1295.0,10.0,7.952650045445749,0.0,0.0,0.0,0.0,0.0
2980.0,stop,7.873824632075484,1296.0,11.0,7.873824632075484,0.0,0.0,0.0,0.0,1.0
2981.0,add_cx,7.076963958687231,1296.0,12.0,7.873824632075484,0.0,0.0,0.0,0.0,2.0
2982.0,add_rx,7.584788013074305,1296.0,12.0,7.873824632075484,0.0,1.0,0.0,0.0,1.0
2983.0,add_ry,7.8244105570404585,1296.0,12.0,7.873824632075484,0.0,0.0,1.0,0.0,1.0
2984.0,add_rz,7.873824632075485,1296.0,12.0,7.873824632075484,0.0,0.0,0.0,1.0,1.0
2985.0,delete,7.952650045445748,1296.0,12.0,7.873824632075484,0.0,0.0,0.0,0.0,0.0
2986.0,swap_cx,7.952650045445748,1296.0,12.0,7.873824632075484,0.0,0.0,0.0,0.0,1.0
2987.0,swap_rx,7.835233875002723,1296.0,12.0,7.873824632075484,0.0,1.0,0.0,0.0,0.0
2988.0,swap_ry,7.7969860590724265,1296.0,12.0,7.873824632075484,0.0,0.0,1.0,0.0,0.0
2989.0,swap_rz,7.952650045445748,1296.0,12.0,7.873824632075484,0.0,0.0,0.0,1.0,0.0
2990.0,swap_cx,7.913237338760615,1297.0,9.0,7.825676691311956,1.0,0.0,0.0,0.0,1.0
2991.0,stop,7.913237338760615,1298.0,9.0,7.913237338760615,1.0,0.0,0.0,0.0,1.0
2992.0,add_cx,7.913237338760615,1298.0,10.0,7.913237338760615,1.0,0.0,0.0,0.0,2.0
2993.0,add_rx,7.7112090651676155,1298.0,10.0,7.913237338760615,1.0,1.0,0.0,0.0,1.0
2994.0,add_ry,7.76467550471814,1298.0,10.0,7.913237338760615,1.0,0.0,1.0,0.0,1.0
2995.0,add_rz,7.913237338760615,1298.0,10.0,7.913237338760615,1.0,0.0,0.0,1.0,1.0
2996.0,delete,7.952650045445748,1298.0,10.0,7.913237338760615,0.0,0.0,0.0,0.0,1.0
2997.0,swap_cx,7.952650045445748,1298.0,10.0,7.913237338760615,0.0,0.0,0.0,0.0,2.0
2998.0,swap_rx,7.6657826134645335,1298.0,10.0,7.913237338760615,1.0,1.0,0.0,0.0,0.0
2999.0,swap_ry,7.912111341473034,1298.0,10.0,7.913237338760615,0.0,0.0,1.0,0.0,1.0
3000.0,swap_rz,7.952650045445749,1298.0,10.0,7.913237338760615,0.0,0.0,0.0,1.0,1.0
3000.0,stop,7.822004353369456,1299.0,8.0,7.82200435336945,2.0,0.0,0.0,0.0,0.0
3000.0,stop,7.822004353369456,1300.0,8.0,7.82200435336945,2.0,0.0,0.0,0.0,0.0
3000.0,stop,7.822004353369456,1301.0,8.0,7.822004353369449,2.0,0.0,0.0,0.0,0.0
3001.0,swap_rz,7.913237338760614,1302.0,9.0,7.832142317440656,1.0,0.0,0.0,1.0,0.0
3002.0,change_0,7.913237338760615,1303.0,10.0,7.913237338760614,1.0,0.0,0.0,1.0,0.0
3003.0,stop,7.913237338760614,1303.0,9.0,7.913237338760614,1.0,0.0,0.0,1.0,0.0
3004.0,add_cx,7.23700230160301,1303.0,10.0,7.913237338760614,1.0,0.0,0.0,1.0,1.0
3005.0,add_rx,7.747742647800428,1303.0,10.0,7.913237338760614,1.0,1.0,0.0,1.0,0.0
3006.0,add_ry,7.815351912651431,1303.0,10.0,7.913237338760614,1.0,0.0,1.0,1.0,0.0
3007.0,add_rz,7.913237338760616,1303.0,10.0,7.913237338760614,1.0,0.0,0.0,2.0,0.0
3008.0,delete,7.913237338760615,1303.0,10.0,7.913237338760614,1.0,0.0,0.0,0.0,0.0
3009.0,swap_cx,7.952650045445748,1303.0,10.0,7.913237338760614,0.0,0.0,0.0,1.0,1.0
3010.0,swap_rx,7.427006547304268,1303.0,10.0,7.913237338760614,0.0,1.0,0.0,1.0,0.0
3011.0,swap_ry,7.521850321533341,1303.0,10.0,7.913237338760614,0.0,0.0,1.0,1.0,0.0
3012.0,swap_rz,7.913237338760615,1303.0,10.0,7.913237338760614,1.0,0.0,0.0,1.0,0.0
3012.0,stop,7.822004353369456,1304.0,8.0,7.822004353369449,2.0,0.0,0.0,0.0,0.0
3012.0,stop,7.8085108747139405,1305.0,9.0,7.8085108747139405,1.0,0.0,0.0,0.0,0.0
3013.0,change_0,7.95044396785891,1306.0,11.0,7.951306978362427,0.0,1.0,0.0,0.0,0.0
3014.0,stop,7.951306978362427,1306.0,10.0,7.951306978362427,0.0,1.0,0.0,0.0,0.0
3015.0,add_cx,7.951306978362427,1306.0,11.0,7.951306978362427,0.0,1.0,0.0,0.0,1.0
3016.0,add_rx,7.950612003116698,1306.0,11.0,7.951306978362427,0.0,2.0,0.0,0.0,0.0
3017.0,add_ry,7.7772612084401445,1306.0,11.0,7.951306978362427,0.0,1.0,1.0,0.0,0.0
3018.0,add_rz,7.951306978362426,1306.0,11.0,7.951306978362427,0.0,1.0,0.0,1.0,0.0
3019.0,delete,7.952650045445748,1306.0,11.0,7.951306978362427,0.0,0.0,0.0,0.0,0.0
3020.0,swap_cx,7.789984187020971,1306.0,11.0,7.951306978362427,0.0,0.0,0.0,0.0,1.0
3021.0,swap_rx,7.888021487726107,1306.0,11.0,7.951306978362427,0.0,1.0,0.0,0.0,0.0
3022.0,swap_ry,7.666457586164027,1306.0,11.0,7.951306978362427,0.0,0.0,1.0,0.0,0.0
3023.0,swap_rz,7.952650045445749,1306.0,11.0,7.951306978362427,0.0,0.0,0.0,1.0,0.0
3023.0,stop,7.822004353369456,1307.0,8.0,7.822004353369449,2.0,0.0,0.0,0.0,0.0
3023.0,stop,7.822004353369456,1308.0,8.0,7.822004353369449,2.0,0.0,0.0,0.0,0.0
3023.0,stop,7.8085108747139405,1309.0,9.0,7.8085108747139405,1.0,0.0,0.0,0.0,0.0
3023.0,stop,7.8085108747139405,1310.0,9.0,7.808510874713941,1.0,0.0,0.0,0.0,0.0
3023.0,stop,7.822004353369456,1311.0,8.0,7.822004353369448,2.0,0.0,0.0,0.0,0.0
3023.0,stop,7.8085108747139405,1312.0,9.0,7.808510874713941,1.0,0.0,0.0,0.0,0.0
3023.0,stop,7.913237338760615,1313.0,9.0,7.913237338760611,1.0,0.0,0.0,0.0,0.0
3023.0,stop,7.913237338760615,1314.0,9.0,7.913237338760611,1.0,0.0,0.0,0.0,0.0
3023.0,stop,7.913237338760615,1315.0,9.0,7.913237338760611,1.0,0.0,0.0,0.0,0.0
3023.0,stop,7.913237338760615,1316.0,9.0,7.913237338760611,1.0,0.0,0.0,0.0,0.0
3023.0,stop,7.913237338760615,1317.0,9.0,7.913237338760611,1.0,0.0,0.0,0.0,0.0
3023.0,stop,7.913237338760615,1318.0,9.0,7.91323733876061,1.0,0.0,0.0,0.0,0.0
3023.0,stop,7.952650045445748,1319.0,10.0,7.952650045445749,0.0,0.0,0.0,0.0,0.0
3023.0,stop,7.952650045445748,1320.0,10.0,7.952650045445749,0.0,0.0,0.0,0.0,0.0
3023.0,stop,7.952650045445748,1321.0,10.0,7.95265004544575,0.0,0.0,0.0,0.0,0.0
3023.0,stop,7.952650045445748,1322.0,10.0,7.95265004544575,0.0,0.0,0.0,0.0,0.0
3023.0,stop,7.952650045445748,1323.0,10.0,7.95265004544575,0.0,0.0,0.0,0.0,0.0
3023.0,stop,7.952650045445748,1324.0,10.0,7.95265004544575,0.0,0.0,0.0,0.0,0.0
3023.0,stop,7.952650045445748,1325.0,10.0,7.95265004544575,0.0,0.0,0.0,0.0,0.0
3023.0,stop,7.952650045445748,1326.0,10.0,7.95265004544575,0.0,0.0,0.0,0.0,0.0
3023.0,stop,7.952650045445748,1327.0,10.0,7.952650045445749,0.0,0.0,0.0,0.0,0.0
3023.0,stop,7.8085108747139405,1328.0,9.0,7.808510874713942,1.0,0.0,0.0,0.0,0.0
3023.0,stop,7.952650045445748,1329.0,10.0,7.952650045445749,0.0,0.0,0.0,0.0,0.0
3023.0,stop,7.952650045445748,1330.0,10.0,7.952650045445749,0.0,0.0,0.0,0.0,0.0
3023.0,stop,7.952650045445748,1331.0,10.0,7.952650045445749,0.0,0.0,0.0,0.0,0.0
3023.0,stop,7.952650045445748,1332.0,10.0,7.952650045445749,0.0,0.0,0.0,0.0,0.0
3024.0,change_0,7.911086047174108,1333.0,11.0,7.902125765844143,0.0,0.0,1.0,0.0,0.0
3025.0,stop,7.902125765844143,1333.0,10.0,7.902125765844143,0.0,0.0,1.0,0.0,0.0
3026.0,add_cx,7.902125765844143,1333.0,11.0,7.902125765844143,0.0,0.0,1.0,0.0,1.0
3027.0,add_rx,7.599396418506446,1333.0,11.0,7.902125765844143,0.0,1.0,1.0,0.0,0.0
3028.0,add_ry,7.757928022813628,1333.0,11.0,7.902125765844143,0.0,0.0,2.0,0.0,0.0
3029.0,add_rz,7.9021257658441435,1333.0,11.0,7.902125765844143,0.0,0.0,1.0,1.0,0.0
3030.0,delete,7.952650045445748,1333.0,11.0,7.902125765844143,0.0,0.0,0.0,0.0,0.0
3031.0,swap_cx,7.952650045445748,1333.0,11.0,7.902125765844143,0.0,0.0,0.0,0.0,1.0
3032.0,swap_rx,7.8345271723894685,1333.0,11.0,7.902125765844143,0.0,1.0,0.0,0.0,0.0
3033.0,swap_ry,7.9151823346705426,1333.0,11.0,7.902125765844143,0.0,0.0,1.0,0.0,0.0
3034.0,swap_rz,7.952650045445747,1333.0,11.0,7.902125765844143,0.0,0.0,0.0,1.0,0.0
3034.0,stop,7.822004353369456,1334.0,8.0,7.822004353369448,2.0,0.0,0.0,0.0,0.0
3034.0,stop,7.913237338760615,1335.0,9.0,7.91323733876061,1.0,0.0,0.0,0.0,0.0
3034.0,stop,7.913237338760615,1336.0,9.0,7.91323733876061,1.0,0.0,0.0,0.0,0.0
3034.0,stop,7.913237338760615,1337.0,9.0,7.91323733876061,1.0,0.0,0.0,0.0,0.0
3034.0,stop,7.913237338760615,1338.0,9.0,7.91323733876061,1.0,0.0,0.0,0.0,0.0
3034.0,stop,7.913237338760615,1339.0,9.0,7.91323733876061,1.0,0.0,0.0,0.0,0.0
3034.0,stop,7.913237338760615,1340.0,9.0,7.91323733876061,1.0,0.0,0.0,0.0,0.0
3034.0,stop,7.913237338760615,1341.0,9.0,7.91323733876061,1.0,0.0,0.0,0.0,0.0
3034.0,stop,7.913237338760615,1342.0,9.0,7.91323733876061,1.0,0.0,0.0,0.0,0.0
3035.0,stop,7.873824632075483,1343.0,10.0,7.873824632075483,0.0,0.0,0.0,0.0,1.0
3036.0,add_cx,7.873824632075483,1343.0,11.0,7.873824632075483,0.0,0.0,0.0,0.0,2.0
3037.0,add_rx,7.749444302977701,1343.0,11.0,7.873824632075483,0.0,1.0,0.0,0.0,1.0
3038.0,add_ry,7.951770947117544,1343.0,11.0,7.873824632075483,0.0,0.0,1.0,0.0,1.0
3039.0,add_rz,7.873824632075483,1343.0,11.0,7.873824632075483,0.0,0.0,0.0,1.0,1.0
3040.0,delete,7.952650045445748,1343.0,11.0,7.873824632075483,0.0,0.0,0.0,0.0,0.0
3041.0,swap_cx,7.952650045445748,1343.0,11.0,7.873824632075483,0.0,0.0,0.0,0.0,1.0
3042.0,swap_rx,7.792640086663176,1343.0,11.0,7.873824632075483,0.0,1.0,0.0,0.0,0.0
3043.0,swap_ry,7.497587900109724,1343.0,11.0,7.873824632075483,0.0,0.0,1.0,0.0,0.0
3044.0,swap_rz,7.952650045445749,1343.0,11.0,7.873824632075483,0.0,0.0,0.0,1.0,0.0
3044.0,stop,7.822004353369456,1344.0,8.0,7.822004353369448,2.0,0.0,0.0,0.0,0.0
3044.0,stop,7.822004353369456,1345.0,8.0,7.822004353369448,2.0,0.0,0.0,0.0,0.0
3044.0,stop,7.822004353369456,1346.0,8.0,7.822004353369449,2.0,0.0,0.0,0.0,0.0
3044.0,stop,7.952650045445748,1347.0,10.0,7.95265004544575,0.0,0.0,0.0,0.0,0.0
3044.0,stop,7.952650045445748,1348.0,10.0,7.95265004544575,0.0,0.0,0.0,0.0,0.0
3044.0,stop,7.952650045445748,1349.0,10.0,7.95265004544575,0.0,0.0,0.0,0.0,0.0
3044.0,stop,7.952650045445748,1350.0,10.0,7.95265004544575,0.0,0.0,0.0,0.0,0.0
3044.0,stop,7.8085108747139405,1351.0,9.0,7.808510874713942,1.0,0.0,0.0,0.0,0.0
3044.0,stop,7.952650045445748,1352.0,10.0,7.95265004544575,0.0,0.0,0.0,0.0,0.0
3044.0,stop,7.952650045445748,1353.0,10.0,7.95265004544575,0.0,0.0,0.0,0.0,0.0
3044.0,stop,7.952650045445748,1354.0,10.0,7.95265004544575,0.0,0.0,0.0,0.0,0.0
3044.0,stop,7.952650045445748,1355.0,10.0,7.95265004544575,0.0,0.0,0.0,0.0,0.0
3044.0,stop,7.952650045445748,1356.0,10.0,7.95265004544575,0.0,0.0,0.0,0.0,0.0
3044.0,stop,7.952650045445748,1357.0,10.0,7.95265004544575,0.0,0.0,0.0,0.0,0.0
3044.0,stop,7.952650045445748,1358.0,10.0,7.95265004544575,0.0,0.0,0.0,0.0,0.0
3044.0,stop,7.952650045445748,1359.0,10.0,7.952650045445749,0.0,0.0,0.0,0.0,0.0
3044.0,stop,7.952650045445748,1360.0,10.0,7.952650045445749,0.0,0.0,0.0,0.0,0.0
3044.0,stop,7.952650045445748,1361.0,10.0,7.952650045445749,0.0,0.0,0.0,0.0,0.0
3044.0,stop,7.8085108747139405,1362.0,9.0,7.808510874713942,1.0,0.0,0.0,0.0,0.0
3044.0,stop,7.952650045445748,1363.0,10.0,7.952650045445749,0.0,0.0,0.0,0.0,0.0
3044.0,stop,7.952650045445748,1364.0,10.0,7.952650045445749,0.0,0.0,0.0,0.0,0.0
3044.0,stop,7.952650045445748,1365.0,10.0,7.952650045445749,0.0,0.0,0.0,0.0,0.0
3044.0,stop,7.952650045445748,1366.0,10.0,7.952650045445749,0.0,0.0,0.0,0.0,0.0
3045.0,change_0,7.874798098923954,1367.0,12.0,7.85538737346036,0.0,0.0,1.0,0.0,0.0
3046.0,stop,7.85538737346036,1367.0,11.0,7.85538737346036,0.0,0.0,1.0,0.0,0.0
3047.0,add_cx,7.85538737346036,1367.0,12.0,7.85538737346036,0.0,0.0,1.0,0.0,1.0
3048.0,add_rx,7.715597635169724,1367.0,12.0,7.85538737346036,0.0,1.0,1.0,0.0,0.0
3049.0,add_ry,7.63237972121227,1367.0,12.0,7.85538737346036,0.0,0.0,2.0,0.0,0.0
3050.0,add_rz,7.85538737346036,1367.0,12.0,7.85538737346036,0.0,0.0,1.0,1.0,0.0
3051.0,delete,7.952650045445748,1367.0,12.0,7.85538737346036,0.0,0.0,0.0,0.0,0.0
3052.0,swap_cx,7.952650045445748,1367.0,12.0,7.85538737346036,0.0,0.0,0.0,0.0,1.0
3053.0,swap_rx,7.8800222612407556,1367.0,12.0,7.85538737346036,0.0,1.0,0.0,0.0,0.0
3054.0,swap_ry,7.858355931730074,1367.0,12.0,7.85538737346036,0.0,0.0,1.0,0.0,0.0
3055.0,swap_rz,7.952650045445748,1367.0,12.0,7.85538737346036,0.0,0.0,0.0,1.0,0.0
3055.0,stop,7.822004353369456,1368.0,8.0,7.822004353369449,2.0,0.0,0.0,0.0,0.0
3055.0,stop,7.8085108747139405,1369.0,9.0,7.808510874713943,1.0,0.0,0.0,0.0,0.0
3055.0,stop,7.8085108747139405,1370.0,9.0,7.808510874713943,1.0,0.0,0.0,0.0,0.0
3055.0,stop,7.822004353369456,1371.0,8.0,7.82200435336945,2.0,0.0,0.0,0.0,0.0
3055.0,stop,7.913237338760615,1372.0,9.0,7.91323733876061,1.0,0.0,0.0,0.0,0.0
3055.0,stop,7.913237338760615,1373.0,9.0,7.91323733876061,1.0,0.0,0.0,0.0,0.0
3055.0,stop,7.913237338760615,1374.0,9.0,7.91323733876061,1.0,0.0,0.0,0.0,0.0
3055.0,stop,7.913237338760615,1375.0,9.0,7.91323733876061,1.0,0.0,0.0,0.0,0.0
3055.0,stop,7.913237338760615,1376.0,9.0,7.91323733876061,1.0,0.0,0.0,0.0,0.0
3055.0,stop,7.913237338760615,1377.0,9.0,7.91323733876061,1.0,0.0,0.0,0.0,0.0
3055.0,stop,7.913237338760615,1378.0,9.0,7.91323733876061,1.0,0.0,0.0,0.0,0.0
3055.0,stop,7.913237338760615,1379.0,9.0,7.91323733876061,1.0,0.0,0.0,0.0,0.0
3056.0,stop,7.789984187021045,1380.0,10.0,7.789984187021045,0.0,0.0,0.0,0.0,1.0
3057.0,add_cx,7.789984187021045,1380.0,11.0,7.789984187021045,0.0,0.0,0.0,0.0,2.0
3058.0,add_rx,7.342128191859755,1380.0,11.0,7.789984187021045,0.0,1.0,0.0,0.0,1.0
3059.0,add_ry,7.547902150103155,1380.0,11.0,7.789984187021045,0.0,0.0,1.0,0.0,1.0
3060.0,add_rz,7.789984187021045,1380.0,11.0,7.789984187021045,0.0,0.0,0.0,1.0,1.0
3061.0,delete,7.952650045445748,1380.0,11.0,7.789984187021045,0.0,0.0,0.0,0.0,0.0
3062.0,swap_cx,7.952650045445748,1380.0,11.0,7.789984187021045,0.0,0.0,0.0,0.0,1.0
3063.0,swap_rx,7.698243747037509,1380.0,11.0,7.789984187021045,0.0,1.0,0.0,0.0,0.0
3064.0,swap_ry,7.415652753507361,1380.0,11.0,7.789984187021045,0.0,0.0,1.0,0.0,0.0
3065.0,swap_rz,7.952650045445748,1380.0,11.0,7.789984187021045,0.0,0.0,0.0,1.0,0.0
3065.0,stop,7.822004353369456,1381.0,8.0,7.822004353369451,2.0,0.0,0.0,0.0,0.0
3065.0,stop,7.822004353369456,1382.0,8.0,7.822004353369451,2.0,0.0,0.0,0.0,0.0
3066.0,change_2,7.769486238014858,1383.0,10.0,7.794844466754878,2.0,1.0,0.0,0.0,0.0
3067.0,stop,7.794844466754878,1383.0,9.0,7.794844466754878,2.0,1.0,0.0,0.0,0.0
3068.0,add_cx,7.794844466754878,1383.0,10.0,7.794844466754878,2.0,1.0,0.0,0.0,1.0
3069.0,add_rx,7.782357954883396,1383.0,10.0,7.794844466754878,2.0,2.0,0.0,0.0,0.0
3070.0,add_ry,7.675669404188474,1383.0,10.0,7.794844466754878,2.0,1.0,1.0,0.0,0.0
3071.0,add_rz,7.794844466754876,1383.0,10.0,7.794844466754878,2.0,1.0,0.0,1.0,0.0
3072.0,delete,7.870211977674215,1383.0,10.0,7.794844466754878,1.0,1.0,0.0,0.0,0.0
3073.0,swap_cx,7.651076515131819,1383.0,10.0,7.794844466754878,2.0,0.0,0.0,0.0,1.0
3074.0,swap_rx,7.799330415815203,1383.0,10.0,7.794844466754878,1.0,2.0,0.0,0.0,0.0
3075.0,swap_ry,7.779273936917624,1383.0,10.0,7.794844466754878,1.0,1.0,1.0,0.0,0.0
3076.0,swap_rz,7.787711522487148,1383.0,10.0,7.794844466754878,1.0,1.0,0.0,1.0,0.0
3076.0,stop,7.797273366670625,1384.0,9.0,7.797273366670625,1.0,0.0,1.0,0.0,0.0
3077.0,change_1,7.768775099144639,1385.0,11.0,7.739468186546583,1.0,0.0,1.0,0.0,0.0
3078.0,stop,7.739468186546583,1385.0,10.0,7.739468186546583,1.0,0.0,1.0,0.0,0.0
3079.0,add_cx,7.739468186546583,1385.0,11.0,7.739468186546583,1.0,0.0,1.0,0.0,1.0
3080.0,add_rx,7.739470585064408,1385.0,11.0,7.739468186546583,1.0,1.0,1.0,0.0,0.0
3081.0,add_ry,7.736081332301261,1385.0,11.0,7.739468186546583,1.0,0.0,2.0,0.0,0.0
3082.0,add_rz,7.739468186546585,1385.0,11.0,7.739468186546583,1.0,0.0,1.0,1.0,0.0
3083.0,delete,7.8085108747139405,1385.0,11.0,7.739468186546583,1.0,0.0,0.0,0.0,0.0
3084.0,swap_cx,7.8085108747139405,1385.0,11.0,7.739468186546583,1.0,0.0,0.0,0.0,1.0
3085.0,swap_rx,7.904511889026399,1385.0,11.0,7.739468186546583,0.0,1.0,1.0,0.0,0.0
3086.0,swap_ry,7.782263958603321,1385.0,11.0,7.739468186546583,1.0,0.0,1.0,0.0,0.0
3087.0,swap_rz,7.8085108747139405,1385.0,11.0,7.739468186546583,1.0,0.0,0.0,1.0,0.0
3087.0,stop,7.952650045445748,1386.0,10.0,7.952650045445748,0.0,0.0,0.0,0.0,1.0
3087.0,stop,7.952650045445748,1387.0,11.0,7.952650045445748,0.0,0.0,0.0,0.0,0.0
3087.0,stop,7.952650045445748,1388.0,10.0,7.952650045445749,0.0,0.0,0.0,0.0,1.0
3087.0,stop,7.952650045445748,1389.0,11.0,7.952650045445748,0.0,0.0,0.0,0.0,0.0
3087.0,stop,7.952650045445748,1390.0,10.0,7.952650045445749,0.0,0.0,0.0,0.0,1.0
3087.0,stop,7.952650045445748,1391.0,11.0,7.952650045445748,0.0,0.0,0.0,0.0,0.0
3087.0,stop,7.952650045445748,1392.0,10.0,7.952650045445749,0.0,0.0,0.0,0.0,1.0
3087.0,stop,7.952650045445748,1393.0,11.0,7.952650045445748,0.0,0.0,0.0,0.0,0.0
3087.0,stop,7.952650045445748,1394.0,10.0,7.952650045445749,0.0,0.0,0.0,0.0,1.0
3088.0,stop,7.952650045445748,1395.0,12.0,7.952650045445748,0.0,0.0,0.0,0.0,1.0
3089.0,add_cx,7.397040644518791,1395.0,13.0,7.952650045445748,0.0,0.0,0.0,0.0,2.0
3090.0,add_rx,7.9178931847973395,1395.0,13.0,7.952650045445748,0.0,1.0,0.0,0.0,1.0
3091.0,add_ry,7.862001423702895,1395.0,13.0,7.952650045445748,0.0,0.0,1.0,0.0,1.0
3092.0,add_rz,7.952650045445747,1395.0,13.0,7.952650045445748,0.0,0.0,0.0,1.0,1.0
3093.0,delete,7.952650045445748,1395.0,13.0,7.952650045445748,0.0,0.0,0.0,0.0,0.0
3094.0,swap_cx,7.952650045445748,1395.0,13.0,7.952650045445748,0.0,0.0,0.0,0.0,1.0
3095.0,swap_rx,7.884999833795444,1395.0,13.0,7.952650045445748,0.0,1.0,0.0,0.0,0.0
3096.0,swap_ry,7.886285246167098,1395.0,13.0,7.952650045445748,0.0,0.0,1.0,0.0,0.0
3097.0,swap_rz,7.952650045445748,1395.0,13.0,7.952650045445748,0.0,0.0,0.0,1.0,0.0
3097.0,stop,7.952650045445749,1396.0,10.0,7.952650045445748,0.0,0.0,0.0,1.0,0.0
3097.0,stop,7.952650045445748,1397.0,11.0,7.952650045445748,0.0,0.0,0.0,0.0,0.0
3098.0,stop,7.952650045445748,1398.0,11.0,7.952650045445748,0.0,0.0,0.0,0.0,1.0
3099.0,add_cx,7.789984187020971,1398.0,12.0,7.952650045445748,0.0,0.0,0.0,0.0,2.0
3100.0,add_rx,7.824526397283613,1398.0,12.0,7.952650045445748,0.0,1.0,0.0,0.0,1.0
3101.0,add_ry,7.944852863241455,1398.0,12.0,7.952650045445748,0.0,0.0,1.0,0.0,1.0
3102.0,add_rz,7.952650045445747,1398.0,12.0,7.952650045445748,0.0,0.0,0.0,1.0,1.0
3103.0,delete,7.952650045445748,1398.0,12.0,7.952650045445748,0.0,0.0,0.0,0.0,0.0
3104.0,swap_cx,7.952650045445748,1398.0,12.0,7.952650045445748,0.0,0.0,0.0,0.0,1.0
3105.0,swap_rx,7.806104382220314,1398.0,12.0,7.952650045445748,0.0,1.0,0.0,0.0,0.0
3106.0,swap_ry,7.894438383629567,1398.0,12.0,7.952650045445748,0.0,0.0,1.0,0.0,0.0
3107.0,swap_rz,7.952650045445748,1398.0,12.0,7.952650045445748,0.0,0.0,0.0,1.0,0.0
3107.0,stop,7.945242889083908,1399.0,10.0,7.945242889083908,0.0,1.0,0.0,0.0,0.0
3107.0,stop,7.952650045445748,1400.0,11.0,7.952650045445748,0.0,0.0,0.0,0.0,0.0
3107.0,stop,7.945242889083908,1401.0,10.0,7.945242889083908,0.0,1.0,0.0,0.0,0.0
3107.0,stop,7.952650045445748,1402.0,11.0,7.952650045445748,0.0,0.0,0.0,0.0,0.0
3107.0,stop,7.945242889083908,1403.0,10.0,7.945242889083908,0.0,1.0,0.0,0.0,0.0
3107.0,stop,7.952650045445748,1404.0,11.0,7.952650045445748,0.0,0.0,0.0,0.0,0.0
3107.0,stop,7.945242889083908,1405.0,10.0,7.945242889083908,0.0,1.0,0.0,0.0,0.0
3108.0,change_0,7.942805238058616,1406.0,12.0,7.94524288908391,0.0,1.0,0.0,1.0,0.0
3109.0,change_1,7.945242889083908,1406.0,12.0,7.94524288908391,0.0,1.0,0.0,1.0,0.0
3110.0,stop,7.94524288908391,1406.0,11.0,7.94524288908391,0.0,1.0,0.0,1.0,0.0
3111.0,add_cx,7.903401887394195,1406.0,12.0,7.94524288908391,0.0,1.0,0.0,1.0,1.0
3112.0,add_rx,7.892922511180615,1406.0,12.0,7.94524288908391,0.0,2.0,0.0,1.0,0.0
3113.0,add_ry,7.789369470530978,1406.0,12.0,7.94524288908391,0.0,1.0,1.0,1.0,0.0
3114.0,add_rz,7.94524288908391,1406.0,12.0,7.94524288908391,0.0,1.0,0.0,2.0,0.0
3115.0,delete,7.952650045445748,1406.0,12.0,7.94524288908391,0.0,0.0,0.0,1.0,0.0
3116.0,swap_cx,7.907291506712191,1406.0,12.0,7.94524288908391,0.0,1.0,0.0,0.0,1.0
3117.0,swap_rx,7.858006759317554,1406.0,12.0,7.94524288908391,0.0,2.0,0.0,0.0,0.0
3118.0,swap_ry,7.767408920961036,1406.0,12.0,7.94524288908391,0.0,0.0,1.0,1.0,0.0
3119.0,swap_rz,7.945242889083907,1406.0,12.0,7.94524288908391,0.0,1.0,0.0,1.0,0.0
3119.0,stop,7.950183823261377,1407.0,10.0,7.950183823261377,0.0,0.0,1.0,0.0,0.0
3119.0,stop,7.950183823261377,1408.0,10.0,7.950183823261377,0.0,0.0,1.0,0.0,0.0
3119.0,stop,7.950183823261377,1409.0,10.0,7.950183823261377,0.0,0.0,1.0,0.0,0.0
3119.0,stop,7.950183823261377,1410.0,10.0,7.950183823261378,0.0,0.0,1.0,0.0,0.0
3120.0,change_0,7.952650045445749,1411.0,12.0,7.952650045445749,0.0,0.0,0.0,1.0,0.0
3121.0,stop,7.952650045445749,1411.0,11.0,7.952650045445749,0.0,0.0,0.0,1.0,0.0
3122.0,add_cx,7.952650045445749,1411.0,12.0,7.952650045445749,0.0,0.0,0.0,1.0,1.0
3123.0,add_rx,7.797665054200488,1411.0,12.0,7.952650045445749,0.0,1.0,0.0,1.0,0.0
3124.0,add_ry,7.893742848348673,1411.0,12.0,7.952650045445749,0.0,0.0,1.0,1.0,0.0
3125.0,add_rz,7.952650045445747,1411.0,12.0,7.952650045445749,0.0,0.0,0.0,2.0,0.0
3126.0,delete,7.952650045445748,1411.0,12.0,7.952650045445749,0.0,0.0,0.0,0.0,0.0
3127.0,swap_cx,7.952650045445748,1411.0,12.0,7.952650045445749,0.0,0.0,0.0,0.0,1.0
3128.0,swap_rx,7.9372373023841565,1411.0,12.0,7.952650045445749,0.0,1.0,0.0,0.0,0.0
3129.0,swap_ry,7.902811941623543,1411.0,12.0,7.952650045445749,0.0,0.0,1.0,0.0,0.0
3130.0,swap_rz,7.952650045445748,1411.0,12.0,7.952650045445749,0.0,0.0,0.0,1.0,0.0
3130.0,stop,7.952650045445748,1412.0,10.0,7.95265004544575,0.0,0.0,0.0,0.0,1.0
3130.0,stop,7.952650045445748,1413.0,10.0,7.95265004544575,0.0,0.0,0.0,0.0,1.0
3130.0,stop,7.952650045445748,1414.0,10.0,7.95265004544575,0.0,0.0,0.0,0.0,1.0
3130.0,stop,7.952650045445748,1415.0,10.0,7.95265004544575,0.0,0.0,0.0,0.0,1.0
3130.0,stop,7.952650045445748,1416.0,10.0,7.95265004544575,0.0,0.0,0.0,0.0,1.0
3130.0,stop,7.952650045445748,1417.0,10.0,7.95265004544575,0.0,0.0,0.0,0.0,1.0
3130.0,stop,7.952650045445749,1418.0,10.0,7.952650045445749,0.0,0.0,0.0,1.0,0.0
3130.0,stop,7.952650045445748,1419.0,10.0,7.952650045445749,0.0,0.0,0.0,0.0,1.0
3130.0,stop,7.952650045445748,1420.0,11.0,7.952650045445748,0.0,0.0,0.0,0.0,0.0
3130.0,stop,7.952650045445748,1421.0,10.0,7.952650045445749,0.0,0.0,0.0,0.0,1.0
3130.0,stop,7.952650045445749,1422.0,10.0,7.952650045445749,0.0,0.0,0.0,1.0,0.0
3130.0,stop,7.952650045445748,1423.0,10.0,7.952650045445749,0.0,0.0,0.0,0.0,1.0
3130.0,stop,7.952650045445748,1424.0,11.0,7.952650045445748,0.0,0.0,0.0,0.0,0.0
3130.0,stop,7.952650045445749,1425.0,10.0,7.952650045445749,0.0,0.0,0.0,1.0,0.0
3130.0,stop,7.952650045445748,1426.0,10.0,7.952650045445749,0.0,0.0,0.0,0.0,1.0
3130.0,stop,7.952650045445748,1427.0,11.0,7.952650045445748,0.0,0.0,0.0,0.0,0.0
3130.0,stop,7.952650045445748,1428.0,10.0,7.952650045445749,0.0,0.0,0.0,0.0,1.0
3130.0,stop,7.952650045445749,1429.0,10.0,7.952650045445749,0.0,0.0,0.0,1.0,0.0
3131.0,change_0,7.952650045445749,1430.0,12.0,7.952650045445748,0.0,0.0,0.0,1.0,0.0
3132.0,stop,7.952650045445748,1430.0,11.0,7.952650045445748,0.0,0.0,0.0,1.0,0.0
3133.0,add_cx,7.873824632075484,1430.0,12.0,7.952650045445748,0.0,0.0,0.0,1.0,1.0
3134.0,add_rx,7.927037878461692,1430.0,12.0,7.952650045445748,0.0,1.0,0.0,1.0,0.0
3135.0,add_ry,7.922728927104503,1430.0,12.0,7.952650045445748,0.0,0.0,1.0,1.0,0.0
3136.0,add_rz,7.952650045445749,1430.0,12.0,7.952650045445748,0.0,0.0,0.0,2.0,0.0
3137.0,delete,7.952650045445748,1430.0,12.0,7.952650045445748,0.0,0.0,0.0,0.0,0.0
3138.0,swap_cx,7.952650045445748,1430.0,12.0,7.952650045445748,0.0,0.0,0.0,0.0,1.0
3139.0,swap_rx,7.884684157766145,1430.0,12.0,7.952650045445748,0.0,1.0,0.0,0.0,0.0
3140.0,swap_ry,7.944059698536413,1430.0,12.0,7.952650045445748,0.0,0.0,1.0,0.0,0.0
3141.0,swap_rz,7.952650045445748,1430.0,12.0,7.952650045445748,0.0,0.0,0.0,1.0,0.0
3141.0,stop,7.952650045445749,1431.0,10.0,7.95265004544575,0.0,0.0,0.0,1.0,0.0
3142.0,stop,7.952650045445748,1432.0,12.0,7.952650045445748,0.0,0.0,0.0,0.0,1.0
3143.0,add_cx,7.952650045445748,1432.0,13.0,7.952650045445748,0.0,0.0,0.0,0.0,2.0
3144.0,add_rx,7.873911638606281,1432.0,13.0,7.952650045445748,0.0,1.0,0.0,0.0,1.0
3145.0,add_ry,7.711665520742532,1432.0,13.0,7.952650045445748,0.0,0.0,1.0,0.0,1.0
3146.0,add_rz,7.952650045445749,1432.0,13.0,7.952650045445748,0.0,0.0,0.0,1.0,1.0
3147.0,delete,7.952650045445748,1432.0,13.0,7.952650045445748,0.0,0.0,0.0,0.0,0.0
3148.0,swap_cx,7.952650045445748,1432.0,13.0,7.952650045445748,0.0,0.0,0.0,0.0,1.0
3149.0,swap_rx,7.861098762729084,1432.0,13.0,7.952650045445748,0.0,1.0,0.0,0.0,0.0
3150.0,swap_ry,7.827018410611201,1432.0,13.0,7.952650045445748,0.0,0.0,1.0,0.0,0.0
3151.0,swap_rz,7.952650045445748,1432.0,13.0,7.952650045445748,0.0,0.0,0.0,1.0,0.0
3151.0,stop,7.950183823261377,1433.0,10.0,7.950183823261377,0.0,0.0,1.0,0.0,0.0
3151.0,stop,7.950183823261377,1434.0,10.0,7.950183823261377,0.0,0.0,1.0,0.0,0.0
3151.0,stop,7.950183823261377,1435.0,10.0,7.950183823261377,0.0,0.0,1.0,0.0,0.0
3151.0,stop,7.952650045445748,1436.0,11.0,7.952650045445748,0.0,0.0,0.0,0.0,0.0
3151.0,stop,7.950183823261377,1437.0,10.0,7.950183823261377,0.0,0.0,1.0,0.0,0.0
3151.0,stop,7.952650045445748,1438.0,11.0,7.952650045445748,0.0,0.0,0.0,0.0,0.0
3151.0,stop,7.950183823261377,1439.0,10.0,7.950183823261378,0.0,0.0,1.0,0.0,0.0
3151.0,stop,7.952650045445748,1440.0,11.0,7.952650045445748,0.0,0.0,0.0,0.0,0.0
3151.0,stop,7.950183823261377,1441.0,10.0,7.950183823261378,0.0,0.0,1.0,0.0,0.0
3151.0,stop,7.952650045445748,1442.0,11.0,7.952650045445748,0.0,0.0,0.0,0.0,0.0
3151.0,stop,7.950183823261377,1443.0,10.0,7.950183823261379,0.0,0.0,1.0,0.0,0.0
3151.0,stop,7.952650045445748,1444.0,11.0,7.952650045445748,0.0,0.0,0.0,0.0,0.0
3151.0,stop,7.950183823261377,1445.0,10.0,7.950183823261379,0.0,0.0,1.0,0.0,0.0
3151.0,stop,7.945242889083908,1446.0,10.0,7.945242889083909,0.0,1.0,0.0,0.0,0.0
3151.0,stop,7.952650045445748,1447.0,11.0,7.952650045445748,0.0,0.0,0.0,0.0,0.0
3152.0,stop,7.952650045445748,1448.0,12.0,7.952650045445748,0.0,0.0,0.0,0.0,1.0
3153.0,add_cx,7.952650045445748,1448.0,13.0,7.952650045445748,0.0,0.0,0.0,0.0,2.0
3154.0,add_rx,7.894724662280435,1448.0,13.0,7.952650045445748,0.0,1.0,0.0,0.0,1.0
3155.0,add_ry,7.843607621216405,1448.0,13.0,7.952650045445748,0.0,0.0,1.0,0.0,1.0
3156.0,add_rz,7.952650045445747,1448.0,13.0,7.952650045445748,0.0,0.0,0.0,1.0,1.0
3157.0,delete,7.952650045445748,1448.0,13.0,7.952650045445748,0.0,0.0,0.0,0.0,0.0
3158.0,swap_cx,7.952650045445748,1448.0,13.0,7.952650045445748,0.0,0.0,0.0,0.0,1.0
3159.0,swap_rx,7.488283880716381,1448.0,13.0,7.952650045445748,0.0,1.0,0.0,0.0,0.0
3160.0,swap_ry,7.93749898019567,1448.0,13.0,7.952650045445748,0.0,0.0,1.0,0.0,0.0
3161.0,swap_rz,7.952650045445749,1448.0,13.0,7.952650045445748,0.0,0.0,0.0,1.0,0.0
3162.0,change_0,7.952650045445747,1449.0,12.0,7.952650045445748,0.0,0.0,0.0,1.0,0.0
3163.0,stop,7.952650045445748,1449.0,11.0,7.952650045445748,0.0,0.0,0.0,1.0,0.0
3164.0,add_cx,7.789984187021045,1449.0,12.0,7.952650045445748,0.0,0.0,0.0,1.0,1.0
3165.0,add_rx,7.900937797072698,1449.0,12.0,7.952650045445748,0.0,1.0,0.0,1.0,0.0
3166.0,add_ry,7.793829520235463,1449.0,12.0,7.952650045445748,0.0,0.0,1.0,1.0,0.0
3167.0,add_rz,7.952650045445747,1449.0,12.0,7.952650045445748,0.0,0.0,0.0,2.0,0.0
3168.0,delete,7.952650045445748,1449.0,12.0,7.952650045445748,0.0,0.0,0.0,0.0,0.0
3169.0,swap_cx,7.952650045445748,1449.0,12.0,7.952650045445748,0.0,0.0,0.0,0.0,1.0
3170.0,swap_rx,7.952337190495021,1449.0,12.0,7.952650045445748,0.0,1.0,0.0,0.0,0.0
3171.0,swap_ry,7.875358570652546,1449.0,12.0,7.952650045445748,0.0,0.0,1.0,0.0,0.0
3172.0,swap_rz,7.952650045445748,1449.0,12.0,7.952650045445748,0.0,0.0,0.0,1.0,0.0
3172.0,stop,7.950183823261377,1450.0,10.0,7.950183823261379,0.0,0.0,1.0,0.0,0.0
3172.0,stop,7.952650045445748,1451.0,11.0,7.952650045445748,0.0,0.0,0.0,0.0,0.0
3172.0,stop,7.950183823261377,1452.0,10.0,7.95018382326138,0.0,0.0,1.0,0.0,0.0
3172.0,stop,7.952650045445748,1453.0,11.0,7.952650045445749,0.0,0.0,0.0,0.0,0.0
3172.0,stop,7.950183823261377,1454.0,10.0,7.95018382326138,0.0,0.0,1.0,0.0,0.0
3173.0,stop,7.952650045445748,1455.0,12.0,7.952650045445748,0.0,0.0,0.0,0.0,1.0
3174.0,add_cx,7.664371703982135,1455.0,13.0,7.952650045445748,0.0,0.0,0.0,0.0,2.0
3175.0,add_rx,7.51878603683846,1455.0,13.0,7.952650045445748,0.0,1.0,0.0,0.0,1.0
3176.0,add_ry,7.952466544895147,1455.0,13.0,7.952650045445748,0.0,0.0,1.0,0.0,1.0
3177.0,add_rz,7.952650045445747,1455.0,13.0,7.952650045445748,0.0,0.0,0.0,1.0,1.0
3178.0,delete,7.952650045445748,1455.0,13.0,7.952650045445748,0.0,0.0,0.0,0.0,0.0
3179.0,swap_cx,7.789984187021045,1455.0,13.0,7.952650045445748,0.0,0.0,0.0,0.0,1.0
3180.0,swap_rx,7.95257189934194,1455.0,13.0,7.952650045445748,0.0,1.0,0.0,0.0,0.0
3181.0,swap_ry,7.526080438823243,1455.0,13.0,7.952650045445748,0.0,0.0,1.0,0.0,0.0
3182.0,swap_rz,7.952650045445748,1455.0,13.0,7.952650045445748,0.0,0.0,0.0,1.0,0.0
3183.0,stop,7.952650045445748,1456.0,11.0,7.952650045445748,0.0,0.0,0.0,0.0,1.0
3184.0,add_cx,7.789984187020971,1456.0,12.0,7.952650045445748,0.0,0.0,0.0,0.0,2.0
3185.0,add_rx,7.848048762336596,1456.0,12.0,7.952650045445748,0.0,1.0,0.0,0.0,1.0
3186.0,add_ry,7.899885051563112,1456.0,12.0,7.952650045445748,0.0,0.0,1.0,0.0,1.0
3187.0,add_rz,7.952650045445747,1456.0,12.0,7.952650045445748,0.0,0.0,0.0,1.0,1.0
3188.0,delete,7.952650045445748,1456.0,12.0,7.952650045445748,0.0,0.0,0.0,0.0,0.0
3189.0,swap_cx,7.952650045445748,1456.0,12.0,7.952650045445748,0.0,0.0,0.0,0.0,1.0
3190.0,swap_rx,7.951609102236758,1456.0,12.0,7.952650045445748,0.0,1.0,0.0,0.0,0.0
3191.0,swap_ry,7.860465858010166,1456.0,12.0,7.952650045445748,0.0,0.0,1.0,0.0,0.0
3192.0,swap_rz,7.952650045445748,1456.0,12.0,7.952650045445748,0.0,0.0,0.0,1.0,0.0
3193.0,change_0,7.769671713624121,1457.0,12.0,7.716505372305315,0.0,0.0,1.0,0.0,0.0
3194.0,stop,7.716505372305315,1457.0,11.0,7.716505372305315,0.0,0.0,1.0,0.0,0.0
3195.0,add_cx,7.716505372305315,1457.0,12.0,7.716505372305315,0.0,0.0,1.0,0.0,1.0
3196.0,add_rx,7.734911822508833,1457.0,12.0,7.716505372305315,0.0,1.0,1.0,0.0,0.0
3197.0,add_ry,7.719320955557892,1457.0,12.0,7.716505372305315,0.0,0.0,2.0,0.0,0.0
3198.0,add_rz,7.716505372305314,1457.0,12.0,7.716505372305315,0.0,0.0,1.0,1.0,0.0
3199.0,delete,7.952650045445748,1457.0,12.0,7.716505372305315,0.0,0.0,0.0,0.0,0.0
3200.0,swap_cx,7.952650045445748,1457.0,12.0,7.716505372305315,0.0,0.0,0.0,0.0,1.0
3201.0,swap_rx,7.942660415392848,1457.0,12.0,7.716505372305315,0.0,1.0,0.0,0.0,0.0
3202.0,swap_ry,7.7366754532210695,1457.0,12.0,7.716505372305315,0.0,0.0,1.0,0.0,0.0
3203.0,swap_rz,7.952650045445747,1457.0,12.0,7.716505372305315,0.0,0.0,0.0,1.0,0.0
3203.0,stop,7.952650045445748,1458.0,10.0,7.95265004544575,0.0,0.0,0.0,0.0,1.0
3203.0,stop,7.952650045445748,1459.0,10.0,7.95265004544575,0.0,0.0,0.0,0.0,1.0
3203.0,stop,7.952650045445748,1460.0,10.0,7.95265004544575,0.0,0.0,0.0,0.0,1.0
3203.0,stop,7.952650045445748,1461.0,10.0,7.95265004544575,0.0,0.0,0.0,0.0,1.0
3203.0,stop,7.952650045445748,1462.0,10.0,7.95265004544575,0.0,0.0,0.0,0.0,1.0
3203.0,stop,7.952650045445748,1463.0,10.0,7.95265004544575,0.0,0.0,0.0,0.0,1.0
3203.0,stop,7.952650045445748,1464.0,10.0,7.95265004544575,0.0,0.0,0.0,0.0,1.0
3204.0,stop,7.952650045445748,1465.0,11.0,7.952650045445748,0.0,0.0,0.0,0.0,2.0
3205.0,add_cx,7.952650045445748,1465.0,12.0,7.952650045445748,0.0,0.0,0.0,0.0,3.0
3206.0,add_rx,7.907295718310551,1465.0,12.0,7.952650045445748,0.0,1.0,0.0,0.0,2.0
3207.0,add_ry,7.900747034210834,1465.0,12.0,7.952650045445748,0.0,0.0,1.0,0.0,2.0
3208.0,add_rz,7.952650045445748,1465.0,12.0,7.952650045445748,0.0,0.0,0.0,1.0,2.0
3209.0,delete,7.952650045445748,1465.0,12.0,7.952650045445748,0.0,0.0,0.0,0.0,1.0
3210.0,swap_cx,7.952650045445748,1465.0,12.0,7.952650045445748,0.0,0.0,0.0,0.0,2.0
3211.0,swap_rx,7.907821098588639,1465.0,12.0,7.952650045445748,0.0,1.0,0.0,0.0,1.0
3212.0,swap_ry,7.952083440452252,1465.0,12.0,7.952650045445748,0.0,0.0,1.0,0.0,1.0
3213.0,swap_rz,7.952650045445748,1465.0,12.0,7.952650045445748,0.0,0.0,0.0,1.0,1.0
3213.0,stop,7.952650045445749,1466.0,10.0,7.95265004544575,0.0,0.0,0.0,1.0,0.0
3213.0,stop,7.952650045445749,1467.0,10.0,7.95265004544575,0.0,0.0,0.0,1.0,0.0
3213.0,stop,7.952650045445749,1468.0,10.0,7.95265004544575,0.0,0.0,0.0,1.0,0.0
3213.0,stop,7.952650045445749,1469.0,10.0,7.95265004544575,0.0,0.0,0.0,1.0,0.0
3213.0,stop,7.952650045445749,1470.0,10.0,7.95265004544575,0.0,0.0,0.0,1.0,0.0
3214.0,change_0,7.952650045445747,1471.0,11.0,7.918198094838598,0.0,0.0,0.0,1.0,0.0
3214.0,stop,7.952650045445748,1472.0,10.0,7.95265004544575,0.0,0.0,0.0,0.0,1.0
3214.0,stop,7.952650045445749,1473.0,10.0,7.952650045445749,0.0,0.0,0.0,1.0,0.0
3214.0,stop,7.952650045445748,1474.0,10.0,7.95265004544575,0.0,0.0,0.0,0.0,1.0
3215.0,change_0,7.952650045445747,1475.0,11.0,7.920848244885302,0.0,0.0,0.0,1.0,0.0
3215.0,stop,7.952650045445748,1476.0,10.0,7.95265004544575,0.0,0.0,0.0,0.0,1.0
3215.0,stop,7.952650045445749,1477.0,10.0,7.952650045445749,0.0,0.0,0.0,1.0,0.0
3215.0,stop,7.952650045445748,1478.0,10.0,7.95265004544575,0.0,0.0,0.0,0.0,1.0
3216.0,change_0,7.952650045445749,1479.0,12.0,7.952650045445747,0.0,0.0,0.0,1.0,0.0
3217.0,stop,7.952650045445747,1479.0,11.0,7.952650045445747,0.0,0.0,0.0,1.0,0.0
3218.0,add_cx,7.952650045445747,1479.0,12.0,7.952650045445747,0.0,0.0,0.0,1.0,1.0
3219.0,add_rx,7.825544491397875,1479.0,12.0,7.952650045445747,0.0,1.0,0.0,1.0,0.0
3220.0,add_ry,7.949229295422552,1479.0,12.0,7.952650045445747,0.0,0.0,1.0,1.0,0.0
3221.0,add_rz,7.952650045445747,1479.0,12.0,7.952650045445747,0.0,0.0,0.0,2.0,0.0
3222.0,delete,7.952650045445748,1479.0,12.0,7.952650045445747,0.0,0.0,0.0,0.0,0.0
3223.0,swap_cx,7.952650045445748,1479.0,12.0,7.952650045445747,0.0,0.0,0.0,0.0,1.0
3224.0,swap_rx,7.9115969466422325,1479.0,12.0,7.952650045445747,0.0,1.0,0.0,0.0,0.0
3225.0,swap_ry,7.952624434839614,1479.0,12.0,7.952650045445747,0.0,0.0,1.0,0.0,0.0
3226.0,swap_rz,7.952650045445748,1479.0,12.0,7.952650045445747,0.0,0.0,0.0,1.0,0.0
3226.0,stop,7.952650045445748,1480.0,10.0,7.952650045445749,0.0,0.0,0.0,0.0,1.0
3226.0,stop,7.952650045445748,1481.0,11.0,7.952650045445748,0.0,0.0,0.0,0.0,0.0
3226.0,stop,7.952650045445748,1482.0,10.0,7.952650045445749,0.0,0.0,0.0,0.0,1.0
3226.0,stop,7.952650045445748,1483.0,11.0,7.952650045445748,0.0,0.0,0.0,0.0,0.0
3226.0,stop,7.952650045445748,1484.0,10.0,7.952650045445749,0.0,0.0,0.0,0.0,1.0
3226.0,stop,7.952650045445748,1485.0,11.0,7.952650045445749,0.0,0.0,0.0,0.0,0.0
3226.0,stop,7.952650045445748,1486.0,10.0,7.952650045445749,0.0,0.0,0.0,0.0,1.0
3226.0,stop,7.952650045445748,1487.0,11.0,7.952650045445749,0.0,0.0,0.0,0.0,0.0
3226.0,stop,7.952650045445748,1488.0,10.0,7.952650045445749,0.0,0.0,0.0,0.0,1.0
3226.0,stop,7.952650045445748,1489.0,11.0,7.952650045445749,0.0,0.0,0.0,0.0,0.0
3227.0,change_0,7.925942475807457,1490.0,12.0,7.940370512122858,0.0,0.0,1.0,0.0,0.0
3228.0,stop,7.940370512122858,1490.0,11.0,7.940370512122858,0.0,0.0,1.0,0.0,0.0
3229.0,add_cx,7.940370512122858,1490.0,12.0,7.940370512122858,0.0,0.0,1.0,0.0,1.0
3230.0,add_rx,7.804900071535974,1490.0,12.0,7.940370512122858,0.0,1.0,1.0,0.0,0.0
3231.0,add_ry,7.869739052006729,1490.0,12.0,7.940370512122858,0.0,0.0,2.0,0.0,0.0
3232.0,add_rz,7.940370512122857,1490.0,12.0,7.940370512122858,0.0,0.0,1.0,1.0,0.0
3233.0,delete,7.952650045445748,1490.0,12.0,7.940370512122858,0.0,0.0,0.0,0.0,0.0
3234.0,swap_cx,7.952650045445748,1490.0,12.0,7.940370512122858,0.0,0.0,0.0,0.0,1.0
3235.0,swap_rx,7.88975976183759,1490.0,12.0,7.940370512122858,0.0,1.0,0.0,0.0,0.0
3236.0,swap_ry,7.911112782657778,1490.0,12.0,7.940370512122858,0.0,0.0,1.0,0.0,0.0
3237.0,swap_rz,7.952650045445748,1490.0,12.0,7.940370512122858,0.0,0.0,0.0,1.0,0.0
3237.0,stop,7.945242889083908,1491.0,10.0,7.945242889083909,0.0,1.0,0.0,0.0,0.0
3237.0,stop,7.945242889083908,1492.0,10.0,7.94524288908391,0.0,1.0,0.0,0.0,0.0
3237.0,stop,7.945242889083908,1493.0,10.0,7.94524288908391,0.0,1.0,0.0,0.0,0.0
3237.0,stop,7.945242889083908,1494.0,10.0,7.94524288908391,0.0,1.0,0.0,0.0,0.0
3237.0,stop,7.952650045445749,1495.0,10.0,7.952650045445749,0.0,0.0,0.0,1.0,0.0
3237.0,stop,7.945242889083908,1496.0,10.0,7.945242889083911,0.0,1.0,0.0,0.0,0.0
3237.0,stop,7.952650045445749,1497.0,10.0,7.952650045445749,0.0,0.0,0.0,1.0,0.0
3237.0,stop,7.945242889083908,1498.0,10.0,7.945242889083911,0.0,1.0,0.0,0.0,0.0
3237.0,stop,7.952650045445749,1499.0,10.0,7.952650045445749,0.0,0.0,0.0,1.0,0.0
3237.0,stop,7.952650045445749,1500.0,10.0,7.95265004544575,0.0,0.0,0.0,1.0,0.0
3237.0,stop,7.945242889083908,1501.0,10.0,7.945242889083911,0.0,1.0,0.0,0.0,0.0
3237.0,stop,7.952650045445749,1502.0,10.0,7.95265004544575,0.0,0.0,0.0,1.0,0.0
3238.0,change_0,7.946807235573892,1503.0,11.0,7.9032929750596566,0.0,1.0,0.0,0.0,0.0
3238.0,stop,7.952650045445749,1504.0,10.0,7.95265004544575,0.0,0.0,0.0,1.0,0.0
3238.0,stop,7.945242889083908,1505.0,10.0,7.945242889083911,0.0,1.0,0.0,0.0,0.0
3238.0,stop,7.952650045445749,1506.0,10.0,7.95265004544575,0.0,0.0,0.0,1.0,0.0
3238.0,stop,7.952650045445749,1507.0,10.0,7.95265004544575,0.0,0.0,0.0,1.0,0.0
3239.0,change_0,7.946835013734476,1508.0,11.0,7.906640225868443,0.0,1.0,0.0,0.0,0.0
3240.0,change_0,7.952650045445747,1509.0,12.0,7.952650045445748,0.0,0.0,0.0,1.0,0.0
3241.0,stop,7.952650045445748,1509.0,11.0,7.952650045445748,0.0,0.0,0.0,1.0,0.0
3242.0,add_cx,7.664371703982135,1509.0,12.0,7.952650045445748,0.0,0.0,0.0,1.0,1.0
3243.0,add_rx,7.399428940084987,1509.0,12.0,7.952650045445748,0.0,1.0,0.0,1.0,0.0
3244.0,add_ry,7.812234670962562,1509.0,12.0,7.952650045445748,0.0,0.0,1.0,1.0,0.0
3245.0,add_rz,7.952650045445749,1509.0,12.0,7.952650045445748,0.0,0.0,0.0,2.0,0.0
3246.0,delete,7.952650045445748,1509.0,12.0,7.952650045445748,0.0,0.0,0.0,0.0,0.0
3247.0,swap_cx,7.952650045445748,1509.0,12.0,7.952650045445748,0.0,0.0,0.0,0.0,1.0
3248.0,swap_rx,7.405520521129998,1509.0,12.0,7.952650045445748,0.0,1.0,0.0,0.0,0.0
3249.0,swap_ry,7.9232004667365095,1509.0,12.0,7.952650045445748,0.0,0.0,1.0,0.0,0.0
3250.0,swap_rz,7.952650045445747,1509.0,12.0,7.952650045445748,0.0,0.0,0.0,1.0,0.0
3250.0,stop,7.952650045445749,1510.0,11.0,7.952650045445749,0.0,0.0,0.0,1.0,0.0
3251.0,stop,7.952650045445748,1511.0,12.0,7.952650045445748,0.0,0.0,0.0,0.0,0.0
3252.0,add_cx,7.789984187021045,1511.0,13.0,7.952650045445748,0.0,0.0,0.0,0.0,1.0
3253.0,add_rx,7.54972526170956,1511.0,13.0,7.952650045445748,0.0,1.0,0.0,0.0,0.0
3254.0,add_ry,7.79808747811138,1511.0,13.0,7.952650045445748,0.0,0.0,1.0,0.0,0.0
3255.0,add_rz,7.952650045445748,1511.0,13.0,7.952650045445748,0.0,0.0,0.0,1.0,0.0
3255.0,stop,7.945242889083908,1512.0,10.0,7.945242889083912,0.0,1.0,0.0,0.0,0.0
3256.0,change_0,7.950597356831834,1513.0,12.0,7.946835013734476,0.0,1.0,0.0,0.0,0.0
3257.0,stop,7.946835013734476,1513.0,11.0,7.946835013734476,0.0,1.0,0.0,0.0,0.0
3258.0,add_cx,7.946835013734476,1513.0,12.0,7.946835013734476,0.0,1.0,0.0,0.0,1.0
3259.0,add_rx,7.470696243885137,1513.0,12.0,7.946835013734476,0.0,2.0,0.0,0.0,0.0
3260.0,add_ry,7.945234914687179,1513.0,12.0,7.946835013734476,0.0,1.0,1.0,0.0,0.0
3261.0,add_rz,7.946835013734474,1513.0,12.0,7.946835013734476,0.0,1.0,0.0,1.0,0.0
3262.0,delete,7.952650045445748,1513.0,12.0,7.946835013734476,0.0,0.0,0.0,0.0,0.0
3263.0,swap_cx,7.952650045445748,1513.0,12.0,7.946835013734476,0.0,0.0,0.0,0.0,1.0
3264.0,swap_rx,7.944745217714209,1513.0,12.0,7.946835013734476,0.0,1.0,0.0,0.0,0.0
3265.0,swap_ry,7.905099099873927,1513.0,12.0,7.946835013734476,0.0,0.0,1.0,0.0,0.0
3266.0,swap_rz,7.95265004544575,1513.0,12.0,7.946835013734476,0.0,0.0,0.0,1.0,0.0
3266.0,stop,7.952650045445748,1514.0,10.0,7.952650045445749,0.0,0.0,0.0,0.0,1.0
3266.0,stop,7.952650045445748,1515.0,11.0,7.952650045445749,0.0,0.0,0.0,0.0,0.0
3266.0,stop,7.952650045445748,1516.0,10.0,7.952650045445749,0.0,0.0,0.0,0.0,1.0
3266.0,stop,7.952650045445748,1517.0,11.0,7.95265004544575,0.0,0.0,0.0,0.0,0.0
3266.0,stop,7.952650045445748,1518.0,10.0,7.952650045445749,0.0,0.0,0.0,0.0,1.0
3266.0,stop,7.952650045445748,1519.0,11.0,7.95265004544575,0.0,0.0,0.0,0.0,0.0
3266.0,stop,7.952650045445748,1520.0,10.0,7.952650045445749,0.0,0.0,0.0,0.0,1.0
3266.0,stop,7.952650045445748,1521.0,11.0,7.95265004544575,0.0,0.0,0.0,0.0,0.0
3266.0,stop,7.952650045445748,1522.0,10.0,7.952650045445749,0.0,0.0,0.0,0.0,1.0
3267.0,change_1,7.932800473408833,1523.0,12.0,7.925790107483345,0.0,1.0,0.0,0.0,1.0
3268.0,stop,7.925790107483345,1523.0,11.0,7.925790107483345,0.0,1.0,0.0,0.0,1.0
3269.0,add_cx,7.789589364242726,1523.0,12.0,7.925790107483345,0.0,1.0,0.0,0.0,2.0
3270.0,add_rx,7.716678891231285,1523.0,12.0,7.925790107483345,0.0,2.0,0.0,0.0,1.0
3271.0,add_ry,7.690924354169669,1523.0,12.0,7.925790107483345,0.0,1.0,1.0,0.0,1.0
3272.0,add_rz,7.925790107483346,1523.0,12.0,7.925790107483345,0.0,1.0,0.0,1.0,1.0
3273.0,delete,7.952650045445748,1523.0,12.0,7.925790107483345,0.0,0.0,0.0,0.0,1.0
3274.0,swap_cx,7.925790107483345,1523.0,12.0,7.925790107483345,0.0,1.0,0.0,0.0,1.0
3275.0,swap_rx,7.6661295100508235,1523.0,12.0,7.925790107483345,0.0,1.0,0.0,0.0,1.0
3276.0,swap_ry,7.880847981284851,1523.0,12.0,7.925790107483345,0.0,1.0,1.0,0.0,0.0
3277.0,swap_rz,7.952650045445748,1523.0,12.0,7.925790107483345,0.0,0.0,0.0,1.0,1.0
3278.0,stop,7.952650045445748,1524.0,12.0,7.952650045445748,0.0,0.0,0.0,0.0,0.0
3279.0,add_cx,7.952650045445748,1524.0,13.0,7.952650045445748,0.0,0.0,0.0,0.0,1.0
3280.0,add_rx,7.686359638764598,1524.0,13.0,7.952650045445748,0.0,1.0,0.0,0.0,0.0
3281.0,add_ry,7.8837059488988785,1524.0,13.0,7.952650045445748,0.0,0.0,1.0,0.0,0.0
3282.0,add_rz,7.952650045445748,1524.0,13.0,7.952650045445748,0.0,0.0,0.0,1.0,0.0
3282.0,stop,7.945242889083908,1525.0,10.0,7.945242889083912,0.0,1.0,0.0,0.0,0.0
3282.0,stop,7.945242889083908,1526.0,10.0,7.945242889083912,0.0,1.0,0.0,0.0,0.0
3282.0,stop,7.945242889083908,1527.0,10.0,7.945242889083912,0.0,1.0,0.0,0.0,0.0
3282.0,stop,7.945242889083908,1528.0,10.0,7.945242889083912,0.0,1.0,0.0,0.0,0.0
3282.0,stop,7.950183823261377,1529.0,10.0,7.950183823261379,0.0,0.0,1.0,0.0,0.0
3282.0,stop,7.950183823261377,1530.0,10.0,7.950183823261379,0.0,0.0,1.0,0.0,0.0
3282.0,stop,7.950183823261377,1531.0,10.0,7.950183823261378,0.0,0.0,1.0,0.0,0.0
3283.0,stop,7.952650045445748,1532.0,11.0,7.952650045445748,0.0,0.0,0.0,0.0,1.0
3284.0,add_cx,7.789984187020971,1532.0,12.0,7.952650045445748,0.0,0.0,0.0,0.0,2.0
3285.0,add_rx,7.8436448579814515,1532.0,12.0,7.952650045445748,0.0,1.0,0.0,0.0,1.0
3286.0,add_ry,7.727539148862741,1532.0,12.0,7.952650045445748,0.0,0.0,1.0,0.0,1.0
3287.0,add_rz,7.952650045445748,1532.0,12.0,7.952650045445748,0.0,0.0,0.0,1.0,1.0
3288.0,delete,7.952650045445748,1532.0,12.0,7.952650045445748,0.0,0.0,0.0,0.0,0.0
3289.0,swap_cx,7.952650045445748,1532.0,12.0,7.952650045445748,0.0,0.0,0.0,0.0,1.0
3290.0,swap_rx,7.680312084951293,1532.0,12.0,7.952650045445748,0.0,1.0,0.0,0.0,0.0
3291.0,swap_ry,7.935564800501059,1532.0,12.0,7.952650045445748,0.0,0.0,1.0,0.0,0.0
3292.0,swap_rz,7.952650045445748,1532.0,12.0,7.952650045445748,0.0,0.0,0.0,1.0,0.0
3293.0,stop,7.952650045445748,1533.0,12.0,7.952650045445748,0.0,0.0,0.0,0.0,0.0
3294.0,add_cx,7.397040644518788,1533.0,13.0,7.952650045445748,0.0,0.0,0.0,0.0,1.0
3295.0,add_rx,7.797438963282985,1533.0,13.0,7.952650045445748,0.0,1.0,0.0,0.0,0.0
3296.0,add_ry,7.910964936039317,1533.0,13.0,7.952650045445748,0.0,0.0,1.0,0.0,0.0
3297.0,add_rz,7.952650045445749,1533.0,13.0,7.952650045445748,0.0,0.0,0.0,1.0,0.0
3297.0,stop,7.945242889083908,1534.0,10.0,7.945242889083912,0.0,1.0,0.0,0.0,0.0
3298.0,change_0,7.867705159966486,1535.0,12.0,7.902876824328514,0.0,0.0,1.0,0.0,0.0
3299.0,stop,7.902876824328514,1535.0,11.0,7.902876824328514,0.0,0.0,1.0,0.0,0.0
3300.0,add_cx,7.737581017963605,1535.0,12.0,7.902876824328514,0.0,0.0,1.0,0.0,1.0
3301.0,add_rx,7.85719257628018,1535.0,12.0,7.902876824328514,0.0,1.0,1.0,0.0,0.0
3302.0,add_ry,7.816746052441016,1535.0,12.0,7.902876824328514,0.0,0.0,2.0,0.0,0.0
3303.0,add_rz,7.902876824328513,1535.0,12.0,7.902876824328514,0.0,0.0,1.0,1.0,0.0
3304.0,delete,7.952650045445748,1535.0,12.0,7.902876824328514,0.0,0.0,0.0,0.0,0.0
3305.0,swap_cx,7.952650045445748,1535.0,12.0,7.902876824328514,0.0,0.0,0.0,0.0,1.0
3306.0,swap_rx,7.92952066476673,1535.0,12.0,7.902876824328514,0.0,1.0,0.0,0.0,0.0
3307.0,swap_ry,7.815591726609938,1535.0,12.0,7.902876824328514,0.0,0.0,1.0,0.0,0.0
3308.0,swap_rz,7.952650045445747,1535.0,12.0,7.902876824328514,0.0,0.0,0.0,1.0,0.0
3308.0,stop,7.952650045445748,1536.0,11.0,7.95265004544575,0.0,0.0,0.0,0.0,0.0
3308.0,stop,7.952650045445748,1537.0,10.0,7.95265004544575,0.0,0.0,0.0,0.0,1.0
3308.0,stop,7.952650045445748,1538.0,10.0,7.95265004544575,0.0,0.0,0.0,0.0,1.0
3308.0,stop,7.952650045445748,1539.0,11.0,7.95265004544575,0.0,0.0,0.0,0.0,0.0
3308.0,stop,7.952650045445748,1540.0,10.0,7.95265004544575,0.0,0.0,0.0,0.0,1.0
3308.0,stop,7.952650045445748,1541.0,11.0,7.95265004544575,0.0,0.0,0.0,0.0,0.0
3308.0,stop,7.952650045445748,1542.0,10.0,7.95265004544575,0.0,0.0,0.0,0.0,1.0
3308.0,stop,7.952650045445748,1543.0,11.0,7.952650045445749,0.0,0.0,0.0,0.0,0.0
3308.0,stop,7.952650045445748,1544.0,10.0,7.95265004544575,0.0,0.0,0.0,0.0,1.0
3308.0,stop,7.952650045445748,1545.0,11.0,7.952650045445749,0.0,0.0,0.0,0.0,0.0
3308.0,stop,7.952650045445748,1546.0,10.0,7.95265004544575,0.0,0.0,0.0,0.0,1.0
3308.0,stop,7.952650045445748,1547.0,11.0,7.952650045445749,0.0,0.0,0.0,0.0,0.0
3308.0,stop,7.952650045445748,1548.0,10.0,7.95265004544575,0.0,0.0,0.0,0.0,1.0
3308.0,stop,7.952650045445748,1549.0,11.0,7.952650045445749,0.0,0.0,0.0,0.0,0.0
3308.0,stop,7.952650045445748,1550.0,10.0,7.95265004544575,0.0,0.0,0.0,0.0,1.0
3308.0,stop,7.952650045445748,1551.0,11.0,7.952650045445749,0.0,0.0,0.0,0.0,0.0
3308.0,stop,7.952650045445748,1552.0,10.0,7.95265004544575,0.0,0.0,0.0,0.0,1.0
3308.0,stop,7.952650045445748,1553.0,11.0,7.95265004544575,0.0,0.0,0.0,0.0,0.0
3308.0,stop,7.952650045445748,1554.0,10.0,7.95265004544575,0.0,0.0,0.0,0.0,1.0
3308.0,stop,7.952650045445748,1555.0,10.0,7.95265004544575,0.0,0.0,0.0,0.0,1.0
3308.0,stop,7.952650045445748,1556.0,11.0,7.95265004544575,0.0,0.0,0.0,0.0,0.0
3308.0,stop,7.952650045445748,1557.0,10.0,7.95265004544575,0.0,0.0,0.0,0.0,1.0
3308.0,stop,7.952650045445748,1558.0,11.0,7.95265004544575,0.0,0.0,0.0,0.0,0.0
3308.0,stop,7.952650045445748,1559.0,10.0,7.95265004544575,0.0,0.0,0.0,0.0,1.0
3308.0,stop,7.952650045445748,1560.0,11.0,7.95265004544575,0.0,0.0,0.0,0.0,0.0
3308.0,stop,7.952650045445748,1561.0,10.0,7.95265004544575,0.0,0.0,0.0,0.0,1.0
3308.0,stop,7.952650045445748,1562.0,11.0,7.95265004544575,0.0,0.0,0.0,0.0,0.0
3308.0,stop,7.952650045445748,1563.0,10.0,7.95265004544575,0.0,0.0,0.0,0.0,1.0
3308.0,stop,7.952650045445748,1564.0,11.0,7.95265004544575,0.0,0.0,0.0,0.0,0.0
3308.0,stop,7.952650045445748,1565.0,10.0,7.95265004544575,0.0,0.0,0.0,0.0,1.0
3308.0,stop,7.952650045445749,1566.0,10.0,7.95265004544575,0.0,0.0,0.0,1.0,0.0
3308.0,stop,7.952650045445748,1567.0,11.0,7.95265004544575,0.0,0.0,0.0,0.0,0.0
3308.0,stop,7.952650045445749,1568.0,10.0,7.95265004544575,0.0,0.0,0.0,1.0,0.0
3308.0,stop,7.952650045445748,1569.0,11.0,7.952650045445748,0.0,0.0,0.0,0.0,0.0
3308.0,stop,7.952650045445748,1570.0,10.0,7.95265004544575,0.0,0.0,0.0,0.0,1.0
3308.0,stop,7.952650045445749,1571.0,10.0,7.95265004544575,0.0,0.0,0.0,1.0,0.0
3308.0,stop,7.952650045445749,1572.0,10.0,7.95265004544575,0.0,0.0,0.0,1.0,0.0
3309.0,change_0,7.833392683283081,1573.0,12.0,7.822941112911571,0.0,1.0,0.0,0.0,0.0
3310.0,stop,7.822941112911571,1573.0,11.0,7.822941112911571,0.0,1.0,0.0,0.0,0.0
3311.0,add_cx,7.822941112911571,1573.0,12.0,7.822941112911571,0.0,1.0,0.0,0.0,1.0
3312.0,add_rx,7.554972509481169,1573.0,12.0,7.822941112911571,0.0,2.0,0.0,0.0,0.0
3313.0,add_ry,7.821519637575641,1573.0,12.0,7.822941112911571,0.0,1.0,1.0,0.0,0.0
3314.0,add_rz,7.822941112911572,1573.0,12.0,7.822941112911571,0.0,1.0,0.0,1.0,0.0
3315.0,delete,7.952650045445748,1573.0,12.0,7.822941112911571,0.0,0.0,0.0,0.0,0.0
3316.0,swap_cx,7.873824632075484,1573.0,12.0,7.822941112911571,0.0,0.0,0.0,0.0,1.0
3317.0,swap_rx,7.449884450545525,1573.0,12.0,7.822941112911571,0.0,1.0,0.0,0.0,0.0
3318.0,swap_ry,7.913217040818337,1573.0,12.0,7.822941112911571,0.0,0.0,1.0,0.0,0.0
3319.0,swap_rz,7.952650045445748,1573.0,12.0,7.822941112911571,0.0,0.0,0.0,1.0,0.0
3320.0,add_rz,7.952650045445747,1574.0,11.0,7.8755580256737385,0.0,0.0,0.0,1.0,0.0
3321.0,change_0,7.952650045445747,1575.0,12.0,7.952650045445747,0.0,0.0,0.0,1.0,0.0
3322.0,stop,7.952650045445747,1575.0,11.0,7.952650045445747,0.0,0.0,0.0,1.0,0.0
3323.0,add_cx,7.952650045445747,1575.0,12.0,7.952650045445747,0.0,0.0,0.0,1.0,1.0
3324.0,add_rx,7.816445507622703,1575.0,12.0,7.952650045445747,0.0,1.0,0.0,1.0,0.0
3325.0,add_ry,7.815259874601784,1575.0,12.0,7.952650045445747,0.0,0.0,1.0,1.0,0.0
3326.0,add_rz,7.952650045445748,1575.0,12.0,7.952650045445747,0.0,0.0,0.0,2.0,0.0
3327.0,delete,7.952650045445748,1575.0,12.0,7.952650045445747,0.0,0.0,0.0,0.0,0.0
3328.0,swap_cx,7.952650045445748,1575.0,12.0,7.952650045445747,0.0,0.0,0.0,0.0,1.0
3329.0,swap_rx,7.873879797304599,1575.0,12.0,7.952650045445747,0.0,1.0,0.0,0.0,0.0
3330.0,swap_ry,7.857235766522427,1575.0,12.0,7.952650045445747,0.0,0.0,1.0,0.0,0.0
3331.0,swap_rz,7.952650045445748,1575.0,12.0,7.952650045445747,0.0,0.0,0.0,1.0,0.0
3332.0,stop,7.952650045445748,1576.0,12.0,7.952650045445748,0.0,0.0,0.0,0.0,0.0
3333.0,add_cx,7.952650045445748,1576.0,13.0,7.952650045445748,0.0,0.0,0.0,0.0,1.0
3334.0,add_rx,7.950140781109771,1576.0,13.0,7.952650045445748,0.0,1.0,0.0,0.0,0.0
3335.0,add_ry,7.714550405532127,1576.0,13.0,7.952650045445748,0.0,0.0,1.0,0.0,0.0
3336.0,add_rz,7.952650045445748,1576.0,13.0,7.952650045445748,0.0,0.0,0.0,1.0,0.0
3337.0,add_cx,7.952650045445748,1577.0,11.0,7.868155942332925,0.0,0.0,0.0,0.0,1.0
3338.0,stop,7.952650045445748,1578.0,11.0,7.952650045445748,0.0,0.0,0.0,0.0,1.0
3339.0,add_cx,7.952650045445748,1578.0,12.0,7.952650045445748,0.0,0.0,0.0,0.0,2.0
3340.0,add_rx,7.916201771009203,1578.0,12.0,7.952650045445748,0.0,1.0,0.0,0.0,1.0
3341.0,add_ry,7.825932066953419,1578.0,12.0,7.952650045445748,0.0,0.0,1.0,0.0,1.0
3342.0,add_rz,7.952650045445748,1578.0,12.0,7.952650045445748,0.0,0.0,0.0,1.0,1.0
3343.0,delete,7.952650045445748,1578.0,12.0,7.952650045445748,0.0,0.0,0.0,0.0,0.0
3344.0,swap_cx,7.952650045445748,1578.0,12.0,7.952650045445748,0.0,0.0,0.0,0.0,1.0
3345.0,swap_rx,7.603348214371547,1578.0,12.0,7.952650045445748,0.0,1.0,0.0,0.0,0.0
3346.0,swap_ry,7.3971686459283585,1578.0,12.0,7.952650045445748,0.0,0.0,1.0,0.0,0.0
3347.0,swap_rz,7.952650045445747,1578.0,12.0,7.952650045445748,0.0,0.0,0.0,1.0,0.0
3348.0,stop,7.952650045445748,1579.0,11.0,7.952650045445748,0.0,0.0,0.0,0.0,1.0
3349.0,add_cx,7.873824632075483,1579.0,12.0,7.952650045445748,0.0,0.0,0.0,0.0,2.0
3350.0,add_rx,7.8356041402614025,1579.0,12.0,7.952650045445748,0.0,1.0,0.0,0.0,1.0
3351.0,add_ry,7.55652002154547,1579.0,12.0,7.952650045445748,0.0,0.0,1.0,0.0,1.0
3352.0,add_rz,7.952650045445748,1579.0,12.0,7.952650045445748,0.0,0.0,0.0,1.0,1.0
3353.0,delete,7.952650045445748,1579.0,12.0,7.952650045445748,0.0,0.0,0.0,0.0,0.0
3354.0,swap_cx,7.952650045445748,1579.0,12.0,7.952650045445748,0.0,0.0,0.0,0.0,1.0
3355.0,swap_rx,7.952448823811772,1579.0,12.0,7.952650045445748,0.0,1.0,0.0,0.0,0.0
3356.0,swap_ry,7.94171856832685,1579.0,12.0,7.952650045445748,0.0,0.0,1.0,0.0,0.0
3357.0,swap_rz,7.952650045445747,1579.0,12.0,7.952650045445748,0.0,0.0,0.0,1.0,0.0
3357.0,stop,7.952650045445748,1580.0,11.0,7.952650045445748,0.0,0.0,0.0,0.0,0.0
3357.0,stop,7.952650045445749,1581.0,10.0,7.95265004544575,0.0,0.0,0.0,1.0,0.0
3357.0,stop,7.952650045445748,1582.0,11.0,7.952650045445749,0.0,0.0,0.0,0.0,0.0
3357.0,stop,7.952650045445749,1583.0,10.0,7.95265004544575,0.0,0.0,0.0,1.0,0.0
3357.0,stop,7.952650045445748,1584.0,11.0,7.952650045445749,0.0,0.0,0.0,0.0,0.0
3357.0,stop,7.952650045445749,1585.0,10.0,7.952650045445749,0.0,0.0,0.0,1.0,0.0
3358.0,change_0,7.952650045445748,1586.0,12.0,7.952650045445747,0.0,0.0,0.0,1.0,0.0
3359.0,stop,7.952650045445747,1586.0,11.0,7.952650045445747,0.0,0.0,0.0,1.0,0.0
3360.0,add_cx,7.397040644518787,1586.0,12.0,7.952650045445747,0.0,0.0,0.0,1.0,1.0
3361.0,add_rx,7.886740464596437,1586.0,12.0,7.952650045445747,0.0,1.0,0.0,1.0,0.0
3362.0,add_ry,7.874713220277149,1586.0,12.0,7.952650045445747,0.0,0.0,1.0,1.0,0.0
3363.0,add_rz,7.952650045445748,1586.0,12.0,7.952650045445747,0.0,0.0,0.0,2.0,0.0
3364.0,delete,7.952650045445748,1586.0,12.0,7.952650045445747,0.0,0.0,0.0,0.0,0.0
3365.0,swap_cx,7.952650045445748,1586.0,12.0,7.952650045445747,0.0,0.0,0.0,0.0,1.0
3366.0,swap_rx,7.802006379475873,1586.0,12.0,7.952650045445747,0.0,1.0,0.0,0.0,0.0
3367.0,swap_ry,7.941004204145438,1586.0,12.0,7.952650045445747,0.0,0.0,1.0,0.0,0.0
3368.0,swap_rz,7.952650045445748,1586.0,12.0,7.952650045445747,0.0,0.0,0.0,1.0,0.0
3368.0,stop,7.945242889083908,1587.0,10.0,7.945242889083912,0.0,1.0,0.0,0.0,0.0
3368.0,stop,7.945242889083908,1588.0,10.0,7.945242889083913,0.0,1.0,0.0,0.0,0.0
3368.0,stop,7.945242889083908,1589.0,10.0,7.945242889083913,0.0,1.0,0.0,0.0,0.0
3368.0,stop,7.952650045445748,1590.0,11.0,7.952650045445748,0.0,0.0,0.0,0.0,0.0
3368.0,stop,7.945242889083908,1591.0,10.0,7.945242889083913,0.0,1.0,0.0,0.0,0.0
3368.0,stop,7.952650045445748,1592.0,11.0,7.952650045445748,0.0,0.0,0.0,0.0,0.0
3368.0,stop,7.945242889083908,1593.0,10.0,7.945242889083913,0.0,1.0,0.0,0.0,0.0
3368.0,stop,7.952650045445748,1594.0,11.0,7.952650045445749,0.0,0.0,0.0,0.0,0.0
3368.0,stop,7.945242889083908,1595.0,10.0,7.945242889083913,0.0,1.0,0.0,0.0,0.0
3368.0,stop,7.952650045445748,1596.0,11.0,7.952650045445749,0.0,0.0,0.0,0.0,0.0
3368.0,stop,7.945242889083908,1597.0,10.0,7.945242889083913,0.0,1.0,0.0,0.0,0.0
3368.0,stop,7.952650045445748,1598.0,11.0,7.952650045445749,0.0,0.0,0.0,0.0,0.0
3368.0,stop,7.945242889083908,1599.0,10.0,7.945242889083913,0.0,1.0,0.0,0.0,0.0
3368.0,stop,7.952650045445748,1600.0,11.0,7.952650045445749,0.0,0.0,0.0,0.0,0.0
3368.0,stop,7.945242889083908,1601.0,10.0,7.945242889083912,0.0,1.0,0.0,0.0,0.0
3369.0,change_0,7.816776113617217,1602.0,12.0,7.834493229632759,0.0,1.0,0.0,0.0,1.0
3370.0,stop,7.834493229632759,1602.0,11.0,7.834493229632759,0.0,1.0,0.0,0.0,1.0
3371.0,add_cx,7.3665642034270835,1602.0,12.0,7.834493229632759,0.0,1.0,0.0,0.0,2.0
3372.0,add_rx,7.366921111160167,1602.0,12.0,7.834493229632759,0.0,2.0,0.0,0.0,1.0
3373.0,add_ry,7.695599980031112,1602.0,12.0,7.834493229632759,0.0,1.0,1.0,0.0,1.0
3374.0,add_rz,7.834493229632758,1602.0,12.0,7.834493229632759,0.0,1.0,0.0,1.0,1.0
3375.0,delete,7.945242889083908,1602.0,12.0,7.834493229632759,0.0,1.0,0.0,0.0,0.0
3376.0,swap_cx,7.945242889083908,1602.0,12.0,7.834493229632759,0.0,1.0,0.0,0.0,1.0
3377.0,swap_rx,7.448985262976617,1602.0,12.0,7.834493229632759,0.0,2.0,0.0,0.0,0.0
3378.0,swap_ry,7.197665921512261,1602.0,12.0,7.834493229632759,0.0,0.0,1.0,0.0,1.0
3379.0,swap_rz,7.945242889083909,1602.0,12.0,7.834493229632759,0.0,1.0,0.0,1.0,0.0
3380.0,add_rz,7.824995034599562,1603.0,9.0,7.7790049520416025,2.0,0.0,0.0,1.0,0.0
3380.0,stop,7.8085108747139405,1604.0,9.0,7.808510874713938,1.0,0.0,0.0,0.0,0.0
3380.0,stop,7.8085108747139405,1605.0,9.0,7.808510874713939,1.0,0.0,0.0,0.0,0.0
3381.0,add_rx,7.824995034599561,1606.0,9.0,7.7788898350816895,2.0,1.0,0.0,0.0,0.0
3382.0,stop,7.952650045445748,1607.0,11.0,7.952650045445748,0.0,0.0,0.0,0.0,0.0
3383.0,add_cx,7.952650045445748,1607.0,12.0,7.952650045445748,0.0,0.0,0.0,0.0,1.0
3384.0,add_rx,7.937145379805967,1607.0,12.0,7.952650045445748,0.0,1.0,0.0,0.0,0.0
3385.0,add_ry,7.949531300161224,1607.0,12.0,7.952650045445748,0.0,0.0,1.0,0.0,0.0
3386.0,add_rz,7.952650045445747,1607.0,12.0,7.952650045445748,0.0,0.0,0.0,1.0,0.0
3387.0,change_0,7.761665636168405,1608.0,12.0,7.729815616276421,0.0,1.0,0.0,0.0,0.0
3388.0,stop,7.729815616276421,1608.0,11.0,7.729815616276421,0.0,1.0,0.0,0.0,0.0
3389.0,add_cx,7.729815616276421,1608.0,12.0,7.729815616276421,0.0,1.0,0.0,0.0,1.0
3390.0,add_rx,7.733300808102833,1608.0,12.0,7.729815616276421,0.0,2.0,0.0,0.0,0.0
3391.0,add_ry,7.7688260194077605,1608.0,12.0,7.729815616276421,0.0,1.0,1.0,0.0,0.0
3392.0,add_rz,7.72981561627642,1608.0,12.0,7.729815616276421,0.0,1.0,0.0,1.0,0.0
3393.0,delete,7.952650045445748,1608.0,12.0,7.729815616276421,0.0,0.0,0.0,0.0,0.0
3394.0,swap_cx,7.952650045445748,1608.0,12.0,7.729815616276421,0.0,0.0,0.0,0.0,1.0
3395.0,swap_rx,7.9337917440714625,1608.0,12.0,7.729815616276421,0.0,1.0,0.0,0.0,0.0
3396.0,swap_ry,7.951465588835763,1608.0,12.0,7.729815616276421,0.0,0.0,1.0,0.0,0.0
3397.0,swap_rz,7.952650045445748,1608.0,12.0,7.729815616276421,0.0,0.0,0.0,1.0,0.0
3398.0,add_cx,7.553524344758031,1609.0,9.0,7.768167307276925,2.0,0.0,0.0,0.0,1.0
3398.0,stop,7.8085108747139405,1610.0,9.0,7.808510874713939,1.0,0.0,0.0,0.0,0.0
3398.0,stop,7.8085108747139405,1611.0,9.0,7.808510874713938,1.0,0.0,0.0,0.0,0.0
3398.0,stop,7.8085108747139405,1612.0,9.0,7.808510874713938,1.0,0.0,0.0,0.0,0.0
3399.0,stop,7.952650045445748,1613.0,12.0,7.952650045445748,0.0,0.0,0.0,0.0,0.0
3400.0,add_cx,7.952650045445748,1613.0,13.0,7.952650045445748,0.0,0.0,0.0,0.0,1.0
3401.0,add_rx,7.907163272862459,1613.0,13.0,7.952650045445748,0.0,1.0,0.0,0.0,0.0
3402.0,add_ry,7.926903413556797,1613.0,13.0,7.952650045445748,0.0,0.0,1.0,0.0,0.0
3403.0,add_rz,7.952650045445747,1613.0,13.0,7.952650045445748,0.0,0.0,0.0,1.0,0.0
3404.0,change_0,7.952650045445749,1614.0,13.0,7.952650045445747,0.0,0.0,0.0,1.0,0.0
3405.0,stop,7.952650045445747,1614.0,12.0,7.952650045445747,0.0,0.0,0.0,1.0,0.0
3406.0,add_cx,7.952650045445747,1614.0,13.0,7.952650045445747,0.0,0.0,0.0,1.0,1.0
3407.0,add_rx,7.790326230242941,1614.0,13.0,7.952650045445747,0.0,1.0,0.0,1.0,0.0
3408.0,add_ry,7.840308167514456,1614.0,13.0,7.952650045445747,0.0,0.0,1.0,1.0,0.0
3409.0,add_rz,7.952650045445747,1614.0,13.0,7.952650045445747,0.0,0.0,0.0,2.0,0.0
3410.0,delete,7.952650045445748,1614.0,13.0,7.952650045445747,0.0,0.0,0.0,0.0,0.0
3411.0,swap_cx,7.952650045445748,1614.0,13.0,7.952650045445747,0.0,0.0,0.0,0.0,1.0
3412.0,swap_rx,7.908217904696407,1614.0,13.0,7.952650045445747,0.0,1.0,0.0,0.0,0.0
3413.0,swap_ry,7.401732153969962,1614.0,13.0,7.952650045445747,0.0,0.0,1.0,0.0,0.0
3414.0,swap_rz,7.952650045445748,1614.0,13.0,7.952650045445747,0.0,0.0,0.0,1.0,0.0
3415.0,change_0,7.952650045445749,1615.0,11.0,7.952650045445747,0.0,0.0,0.0,1.0,0.0
3416.0,stop,7.952650045445747,1615.0,10.0,7.952650045445747,0.0,0.0,0.0,1.0,0.0
3417.0,add_cx,7.952650045445747,1615.0,11.0,7.952650045445747,0.0,0.0,0.0,1.0,1.0
3418.0,add_rx,7.455862388571897,1615.0,11.0,7.952650045445747,0.0,1.0,0.0,1.0,0.0
3419.0,add_ry,7.833952020590736,1615.0,11.0,7.952650045445747,0.0,0.0,1.0,1.0,0.0
3420.0,add_rz,7.952650045445747,1615.0,11.0,7.952650045445747,0.0,0.0,0.0,2.0,0.0
3421.0,delete,7.952650045445748,1615.0,11.0,7.952650045445747,0.0,0.0,0.0,0.0,0.0
3422.0,swap_cx,7.952650045445748,1615.0,11.0,7.952650045445747,0.0,0.0,0.0,0.0,1.0
3423.0,swap_rx,7.896988027986518,1615.0,11.0,7.952650045445747,0.0,1.0,0.0,0.0,0.0
3424.0,swap_ry,7.936431146582826,1615.0,11.0,7.952650045445747,0.0,0.0,1.0,0.0,0.0
3425.0,swap_rz,7.952650045445747,1615.0,11.0,7.952650045445747,0.0,0.0,0.0,1.0,0.0
3426.0,change_1,7.8085108747139405,1616.0,11.0,7.8085108747139405,1.0,0.0,0.0,1.0,0.0
3427.0,stop,7.8085108747139405,1616.0,10.0,7.8085108747139405,1.0,0.0,0.0,1.0,0.0
3428.0,add_cx,7.8085108747139405,1616.0,11.0,7.8085108747139405,1.0,0.0,0.0,1.0,1.0
3429.0,add_rx,7.707231037051152,1616.0,11.0,7.8085108747139405,1.0,1.0,0.0,1.0,0.0
3430.0,add_ry,7.68345775564487,1616.0,11.0,7.8085108747139405,1.0,0.0,1.0,1.0,0.0
3431.0,add_rz,7.808510874713942,1616.0,11.0,7.8085108747139405,1.0,0.0,0.0,2.0,0.0
3432.0,delete,7.952650045445747,1616.0,11.0,7.8085108747139405,0.0,0.0,0.0,1.0,0.0
3433.0,swap_cx,7.952650045445747,1616.0,11.0,7.8085108747139405,0.0,0.0,0.0,1.0,1.0
3434.0,swap_rx,7.7676886535715255,1616.0,11.0,7.8085108747139405,0.0,1.0,0.0,1.0,0.0
3435.0,swap_ry,7.941313946387035,1616.0,11.0,7.8085108747139405,1.0,0.0,1.0,0.0,0.0
3436.0,swap_rz,7.8085108747139405,1616.0,11.0,7.8085108747139405,1.0,0.0,0.0,1.0,0.0
3436.0,stop,7.875217633826663,1617.0,10.0,7.875217633826663,0.0,0.0,1.0,0.0,0.0
3436.0,stop,7.875217633826663,1618.0,10.0,7.875217633826663,0.0,0.0,1.0,0.0,0.0
3436.0,stop,7.8085108747139405,1619.0,9.0,7.808510874713938,1.0,0.0,0.0,0.0,0.0
3437.0,stop,7.952650045445748,1620.0,12.0,7.952650045445748,0.0,0.0,0.0,0.0,0.0
3438.0,add_cx,7.952650045445748,1620.0,13.0,7.952650045445748,0.0,0.0,0.0,0.0,1.0
3439.0,add_rx,7.927365354570388,1620.0,13.0,7.952650045445748,0.0,1.0,0.0,0.0,0.0
3440.0,add_ry,7.86657405773242,1620.0,13.0,7.952650045445748,0.0,0.0,1.0,0.0,0.0
3441.0,add_rz,7.952650045445748,1620.0,13.0,7.952650045445748,0.0,0.0,0.0,1.0,0.0
3442.0,add_rx,7.851414259234887,1621.0,11.0,7.852997648477756,0.0,1.0,0.0,0.0,0.0
3443.0,change_0,7.870973170050048,1622.0,12.0,7.851414259234887,0.0,1.0,0.0,0.0,0.0
3444.0,stop,7.851414259234887,1622.0,11.0,7.851414259234887,0.0,1.0,0.0,0.0,0.0
3445.0,add_cx,7.851414259234887,1622.0,12.0,7.851414259234887,0.0,1.0,0.0,0.0,1.0
3446.0,add_rx,7.736260023139309,1622.0,12.0,7.851414259234887,0.0,2.0,0.0,0.0,0.0
3447.0,add_ry,7.84762881993172,1622.0,12.0,7.851414259234887,0.0,1.0,1.0,0.0,0.0
3448.0,add_rz,7.851414259234887,1622.0,12.0,7.851414259234887,0.0,1.0,0.0,1.0,0.0
3449.0,delete,7.952650045445748,1622.0,12.0,7.851414259234887,0.0,0.0,0.0,0.0,0.0
3450.0,swap_cx,7.952650045445748,1622.0,12.0,7.851414259234887,0.0,0.0,0.0,0.0,1.0
3451.0,swap_rx,7.945669875392929,1622.0,12.0,7.851414259234887,0.0,1.0,0.0,0.0,0.0
3452.0,swap_ry,7.7845852947730485,1622.0,12.0,7.851414259234887,0.0,0.0,1.0,0.0,0.0
3453.0,swap_rz,7.952650045445748,1622.0,12.0,7.851414259234887,0.0,0.0,0.0,1.0,0.0
3453.0,stop,7.875217633826663,1623.0,10.0,7.875217633826662,0.0,0.0,1.0,0.0,0.0
3453.0,stop,7.952650045445747,1624.0,10.0,7.952650045445747,0.0,0.0,0.0,1.0,0.0
3453.0,stop,7.952650045445747,1625.0,10.0,7.952650045445747,0.0,0.0,0.0,1.0,0.0
3453.0,stop,7.952650045445747,1626.0,10.0,7.952650045445747,0.0,0.0,0.0,1.0,0.0
3453.0,stop,7.952650045445747,1627.0,10.0,7.952650045445747,0.0,0.0,0.0,1.0,0.0
3453.0,stop,7.952650045445747,1628.0,10.0,7.952650045445748,0.0,0.0,0.0,1.0,0.0
3454.0,change_0,7.952650045445749,1629.0,12.0,7.952650045445749,0.0,0.0,0.0,1.0,0.0
3455.0,stop,7.952650045445749,1629.0,11.0,7.952650045445749,0.0,0.0,0.0,1.0,0.0
3456.0,add_cx,7.952650045445749,1629.0,12.0,7.952650045445749,0.0,0.0,0.0,1.0,1.0
3457.0,add_rx,7.8352511253363115,1629.0,12.0,7.952650045445749,0.0,1.0,0.0,1.0,0.0
3458.0,add_ry,7.805803339021621,1629.0,12.0,7.952650045445749,0.0,0.0,1.0,1.0,0.0
3459.0,add_rz,7.952650045445749,1629.0,12.0,7.952650045445749,0.0,0.0,0.0,2.0,0.0
3460.0,delete,7.952650045445748,1629.0,12.0,7.952650045445749,0.0,0.0,0.0,0.0,0.0
3461.0,swap_cx,7.952650045445748,1629.0,12.0,7.952650045445749,0.0,0.0,0.0,0.0,1.0
3462.0,swap_rx,7.778066238391035,1629.0,12.0,7.952650045445749,0.0,1.0,0.0,0.0,0.0
3463.0,swap_ry,7.948261963943928,1629.0,12.0,7.952650045445749,0.0,0.0,1.0,0.0,0.0
3464.0,swap_rz,7.952650045445748,1629.0,12.0,7.952650045445749,0.0,0.0,0.0,1.0,0.0
3464.0,stop,7.952650045445747,1630.0,10.0,7.952650045445748,0.0,0.0,0.0,1.0,0.0
3465.0,change_0,7.952650045445749,1631.0,12.0,7.952650045445749,0.0,0.0,0.0,2.0,0.0
3466.0,change_1,7.952650045445748,1631.0,12.0,7.952650045445749,0.0,0.0,0.0,2.0,0.0
3467.0,stop,7.952650045445749,1631.0,11.0,7.952650045445749,0.0,0.0,0.0,2.0,0.0
3468.0,add_cx,7.952650045445749,1631.0,12.0,7.952650045445749,0.0,0.0,0.0,2.0,1.0
3469.0,add_rx,7.8808387693741135,1631.0,12.0,7.952650045445749,0.0,1.0,0.0,2.0,0.0
3470.0,add_ry,7.797199456455758,1631.0,12.0,7.952650045445749,0.0,0.0,1.0,2.0,0.0
3471.0,add_rz,7.952650045445747,1631.0,12.0,7.952650045445749,0.0,0.0,0.0,3.0,0.0
3472.0,delete,7.952650045445749,1631.0,12.0,7.952650045445749,0.0,0.0,0.0,1.0,0.0
3473.0,swap_cx,7.952650045445747,1631.0,12.0,7.952650045445749,0.0,0.0,0.0,1.0,1.0
3474.0,swap_rx,7.400736132655649,1631.0,12.0,7.952650045445749,0.0,1.0,0.0,1.0,0.0
3475.0,swap_ry,7.863677839596325,1631.0,12.0,7.952650045445749,0.0,0.0,1.0,1.0,0.0
3476.0,swap_rz,7.952650045445747,1631.0,12.0,7.952650045445749,0.0,0.0,0.0,2.0,0.0
3477.0,stop,7.952650045445748,1632.0,12.0,7.952650045445748,0.0,0.0,0.0,0.0,0.0
3478.0,add_cx,7.952650045445748,1632.0,13.0,7.952650045445748,0.0,0.0,0.0,0.0,1.0
3479.0,add_rx,7.8201562157784235,1632.0,13.0,7.952650045445748,0.0,1.0,0.0,0.0,0.0
3480.0,add_ry,7.750856450115329,1632.0,13.0,7.952650045445748,0.0,0.0,1.0,0.0,0.0
3481.0,add_rz,7.952650045445748,1632.0,13.0,7.952650045445748,0.0,0.0,0.0,1.0,0.0
3482.0,stop,7.952650045445748,1633.0,12.0,7.952650045445748,0.0,0.0,0.0,0.0,0.0
3483.0,add_cx,7.397040644518791,1633.0,13.0,7.952650045445748,0.0,0.0,0.0,0.0,1.0
3484.0,add_rx,7.781715241817052,1633.0,13.0,7.952650045445748,0.0,1.0,0.0,0.0,0.0
3485.0,add_ry,7.924831221040396,1633.0,13.0,7.952650045445748,0.0,0.0,1.0,0.0,0.0
3486.0,add_rz,7.952650045445749,1633.0,13.0,7.952650045445748,0.0,0.0,0.0,1.0,0.0
3486.0,stop,7.8085108747139405,1634.0,9.0,7.808510874713938,1.0,0.0,0.0,0.0,0.0
3487.0,change_0,7.7993416144266074,1635.0,12.0,7.792937885344575,0.0,1.0,0.0,0.0,0.0
3488.0,stop,7.792937885344575,1635.0,11.0,7.792937885344575,0.0,1.0,0.0,0.0,0.0
3489.0,add_cx,7.436646538687745,1635.0,12.0,7.792937885344575,0.0,1.0,0.0,0.0,1.0
3490.0,add_rx,7.477911690558308,1635.0,12.0,7.792937885344575,0.0,2.0,0.0,0.0,0.0
3491.0,add_ry,7.684710792207735,1635.0,12.0,7.792937885344575,0.0,1.0,1.0,0.0,0.0
3492.0,add_rz,7.792937885344575,1635.0,12.0,7.792937885344575,0.0,1.0,0.0,1.0,0.0
3493.0,delete,7.952650045445748,1635.0,12.0,7.792937885344575,0.0,0.0,0.0,0.0,0.0
3494.0,swap_cx,7.397040644518788,1635.0,12.0,7.792937885344575,0.0,0.0,0.0,0.0,1.0
3495.0,swap_rx,7.945585605001834,1635.0,12.0,7.792937885344575,0.0,1.0,0.0,0.0,0.0
3496.0,swap_ry,7.859419024050682,1635.0,12.0,7.792937885344575,0.0,0.0,1.0,0.0,0.0
3497.0,swap_rz,7.952650045445749,1635.0,12.0,7.792937885344575,0.0,0.0,0.0,1.0,0.0
3497.0,stop,7.950183823261377,1636.0,10.0,7.950183823261378,0.0,0.0,1.0,0.0,0.0
3498.0,change_0,7.9522030516003275,1637.0,12.0,7.950183823261377,0.0,0.0,1.0,1.0,0.0
3499.0,change_1,7.950183823261377,1637.0,12.0,7.950183823261377,0.0,0.0,1.0,1.0,0.0
3500.0,stop,7.950183823261377,1637.0,11.0,7.950183823261377,0.0,0.0,1.0,1.0,0.0
3501.0,add_cx,7.950183823261377,1637.0,12.0,7.950183823261377,0.0,0.0,1.0,1.0,1.0
3502.0,add_rx,7.931834116706639,1637.0,12.0,7.950183823261377,0.0,1.0,1.0,1.0,0.0
3503.0,add_ry,7.781095259992338,1637.0,12.0,7.950183823261377,0.0,0.0,2.0,1.0,0.0
3504.0,add_rz,7.950183823261377,1637.0,12.0,7.950183823261377,0.0,0.0,1.0,2.0,0.0
3505.0,delete,7.952650045445748,1637.0,12.0,7.950183823261377,0.0,0.0,0.0,1.0,0.0
3506.0,swap_cx,7.950183823261377,1637.0,12.0,7.950183823261377,0.0,0.0,1.0,0.0,1.0
3507.0,swap_rx,7.909341508288584,1637.0,12.0,7.950183823261377,0.0,1.0,0.0,1.0,0.0
3508.0,swap_ry,7.927224446517248,1637.0,12.0,7.950183823261377,0.0,0.0,1.0,1.0,0.0
3509.0,swap_rz,7.95018382326138,1637.0,12.0,7.950183823261377,0.0,0.0,1.0,1.0,0.0
3509.0,stop,7.950183823261377,1638.0,10.0,7.950183823261377,0.0,0.0,1.0,0.0,0.0
3509.0,stop,7.950183823261377,1639.0,10.0,7.950183823261377,0.0,0.0,1.0,0.0,0.0
3509.0,stop,7.950183823261377,1640.0,10.0,7.950183823261376,0.0,0.0,1.0,0.0,0.0
3509.0,stop,7.950183823261377,1641.0,10.0,7.950183823261376,0.0,0.0,1.0,0.0,0.0
3509.0,stop,7.950183823261377,1642.0,10.0,7.950183823261376,0.0,0.0,1.0,0.0,0.0
3509.0,stop,7.950183823261377,1643.0,10.0,7.9501838232613755,0.0,0.0,1.0,0.0,0.0
3509.0,stop,7.950183823261377,1644.0,10.0,7.9501838232613755,0.0,0.0,1.0,0.0,0.0
3509.0,stop,7.950183823261377,1645.0,10.0,7.9501838232613755,0.0,0.0,1.0,0.0,0.0
3509.0,stop,7.950183823261377,1646.0,10.0,7.9501838232613755,0.0,0.0,1.0,0.0,0.0
3510.0,change_0,7.952317621202388,1647.0,11.0,7.859799214926998,0.0,0.0,1.0,0.0,0.0
3510.0,stop,7.950183823261377,1648.0,10.0,7.950183823261375,0.0,0.0,1.0,0.0,0.0
3511.0,change_0,7.9496431892037585,1649.0,11.0,7.8669160154097195,0.0,0.0,1.0,0.0,0.0
3511.0,stop,7.950183823261377,1650.0,10.0,7.950183823261375,0.0,0.0,1.0,0.0,0.0
3512.0,change_0,7.950910862498089,1651.0,12.0,7.952317621202388,0.0,0.0,1.0,0.0,0.0
3513.0,stop,7.952317621202388,1651.0,11.0,7.952317621202388,0.0,0.0,1.0,0.0,0.0
3514.0,add_cx,7.395690810175325,1651.0,12.0,7.952317621202388,0.0,0.0,1.0,0.0,1.0
3515.0,add_rx,7.951642676630453,1651.0,12.0,7.952317621202388,0.0,1.0,1.0,0.0,0.0
3516.0,add_ry,7.607113268457183,1651.0,12.0,7.952317621202388,0.0,0.0,2.0,0.0,0.0
3517.0,add_rz,7.952317621202387,1651.0,12.0,7.952317621202388,0.0,0.0,1.0,1.0,0.0
3518.0,delete,7.952650045445748,1651.0,12.0,7.952317621202388,0.0,0.0,0.0,0.0,0.0
3519.0,swap_cx,7.952650045445748,1651.0,12.0,7.952317621202388,0.0,0.0,0.0,0.0,1.0
3520.0,swap_rx,7.823236902242774,1651.0,12.0,7.952317621202388,0.0,1.0,0.0,0.0,0.0
3521.0,swap_ry,7.873365720962871,1651.0,12.0,7.952317621202388,0.0,0.0,1.0,0.0,0.0
3522.0,swap_rz,7.952650045445749,1651.0,12.0,7.952317621202388,0.0,0.0,0.0,1.0,0.0
3523.0,change_1,7.609657024335445,1652.0,11.0,7.609321393258234,1.0,1.0,0.0,0.0,0.0
3524.0,stop,7.609321393258234,1652.0,10.0,7.609321393258234,1.0,1.0,0.0,0.0,0.0
3525.0,add_cx,7.609321393258234,1652.0,11.0,7.609321393258234,1.0,1.0,0.0,0.0,1.0
3526.0,add_rx,7.667972386197501,1652.0,11.0,7.609321393258234,1.0,2.0,0.0,0.0,0.0
3527.0,add_ry,7.228573499424661,1652.0,11.0,7.609321393258234,1.0,1.0,1.0,0.0,0.0
3528.0,add_rz,7.609321393258233,1652.0,11.0,7.609321393258234,1.0,1.0,0.0,1.0,0.0
3529.0,delete,7.7900101904249714,1652.0,11.0,7.609321393258234,0.0,1.0,0.0,0.0,0.0
3530.0,swap_cx,7.7900101904249714,1652.0,11.0,7.609321393258234,0.0,1.0,0.0,0.0,1.0
3531.0,swap_rx,7.829814483797752,1652.0,11.0,7.609321393258234,1.0,1.0,0.0,0.0,0.0
3532.0,swap_ry,7.790009398242207,1652.0,11.0,7.609321393258234,0.0,1.0,1.0,0.0,0.0
3533.0,swap_rz,7.7900101904249714,1652.0,11.0,7.609321393258234,0.0,1.0,0.0,1.0,0.0
3534.0,stop,7.952650045445748,1653.0,10.0,7.952650045445748,0.0,0.0,0.0,0.0,2.0
3535.0,add_cx,7.952650045445748,1653.0,11.0,7.952650045445748,0.0,0.0,0.0,0.0,3.0
3536.0,add_rx,7.856613817457403,1653.0,11.0,7.952650045445748,0.0,1.0,0.0,0.0,2.0
3537.0,add_ry,7.898429080941286,1653.0,11.0,7.952650045445748,0.0,0.0,1.0,0.0,2.0
3538.0,add_rz,7.952650045445748,1653.0,11.0,7.952650045445748,0.0,0.0,0.0,1.0,2.0
3539.0,delete,7.952650045445748,1653.0,11.0,7.952650045445748,0.0,0.0,0.0,0.0,1.0
3540.0,swap_cx,7.952650045445748,1653.0,11.0,7.952650045445748,0.0,0.0,0.0,0.0,2.0
3541.0,swap_rx,7.91866147340562,1653.0,11.0,7.952650045445748,0.0,1.0,0.0,0.0,1.0
3542.0,swap_ry,7.897114197722667,1653.0,11.0,7.952650045445748,0.0,0.0,1.0,0.0,1.0
3543.0,swap_rz,7.952650045445748,1653.0,11.0,7.952650045445748,0.0,0.0,0.0,1.0,1.0
3543.0,stop,7.8085108747139405,1654.0,9.0,7.808510874713941,1.0,0.0,0.0,0.0,1.0
3543.0,stop,7.8085108747139405,1655.0,9.0,7.808510874713941,1.0,0.0,0.0,0.0,1.0
3544.0,change_2,7.8085108747139405,1656.0,11.0,7.808510874713942,1.0,0.0,0.0,1.0,1.0
3545.0,stop,7.808510874713942,1656.0,10.0,7.808510874713942,1.0,0.0,0.0,1.0,1.0
3546.0,add_cx,7.808510874713942,1656.0,11.0,7.808510874713942,1.0,0.0,0.0,1.0,2.0
3547.0,add_rx,7.507594017730234,1656.0,11.0,7.808510874713942,1.0,1.0,0.0,1.0,1.0
3548.0,add_ry,7.780522509188582,1656.0,11.0,7.808510874713942,1.0,0.0,1.0,1.0,1.0
3549.0,add_rz,7.808510874713942,1656.0,11.0,7.808510874713942,1.0,0.0,0.0,2.0,1.0
3550.0,delete,7.808510874713942,1656.0,11.0,7.808510874713942,1.0,0.0,0.0,1.0,0.0
3551.0,swap_cx,7.664371703982136,1656.0,11.0,7.808510874713942,1.0,0.0,0.0,1.0,1.0
3552.0,swap_rx,7.835137675619563,1656.0,11.0,7.808510874713942,0.0,1.0,0.0,1.0,1.0
3553.0,swap_ry,7.928997179297149,1656.0,11.0,7.808510874713942,1.0,0.0,1.0,0.0,1.0
3554.0,swap_rz,7.952650045445749,1656.0,11.0,7.808510874713942,0.0,0.0,0.0,2.0,1.0
3554.0,stop,7.952650045445748,1657.0,11.0,7.952650045445749,0.0,0.0,0.0,0.0,0.0
3554.0,stop,7.952650045445749,1658.0,10.0,7.952650045445749,0.0,0.0,0.0,1.0,0.0
3555.0,change_0,7.94311411123978,1659.0,12.0,7.943114111239781,0.0,0.0,1.0,1.0,0.0
3556.0,change_1,7.947450288895269,1659.0,12.0,7.943114111239781,0.0,0.0,1.0,1.0,0.0
3557.0,stop,7.943114111239781,1659.0,11.0,7.943114111239781,0.0,0.0,1.0,1.0,0.0
3558.0,add_cx,7.943114111239781,1659.0,12.0,7.943114111239781,0.0,0.0,1.0,1.0,1.0
3559.0,add_rx,7.852239598076726,1659.0,12.0,7.943114111239781,0.0,1.0,1.0,1.0,0.0
3560.0,add_ry,7.731895405158135,1659.0,12.0,7.943114111239781,0.0,0.0,2.0,1.0,0.0
3561.0,add_rz,7.943114111239783,1659.0,12.0,7.943114111239781,0.0,0.0,1.0,2.0,0.0
3562.0,delete,7.9431141112397805,1659.0,12.0,7.943114111239781,0.0,0.0,1.0,0.0,0.0
3563.0,swap_cx,7.9431141112397805,1659.0,12.0,7.943114111239781,0.0,0.0,1.0,0.0,1.0
3564.0,swap_rx,7.855644528831123,1659.0,12.0,7.943114111239781,0.0,1.0,1.0,0.0,0.0
3565.0,swap_ry,7.860332582886775,1659.0,12.0,7.943114111239781,0.0,0.0,1.0,1.0,0.0
3566.0,swap_rz,7.952650045445749,1659.0,12.0,7.943114111239781,0.0,0.0,0.0,2.0,0.0
3567.0,change_0,7.952650045445748,1660.0,13.0,7.952650045445747,0.0,0.0,0.0,1.0,0.0
3568.0,stop,7.952650045445747,1660.0,12.0,7.952650045445747,0.0,0.0,0.0,1.0,0.0
3569.0,add_cx,7.952650045445747,1660.0,13.0,7.952650045445747,0.0,0.0,0.0,1.0,1.0
3570.0,add_rx,7.869615696211915,1660.0,13.0,7.952650045445747,0.0,1.0,0.0,1.0,0.0
3571.0,add_ry,7.904532460255841,1660.0,13.0,7.952650045445747,0.0,0.0,1.0,1.0,0.0
3572.0,add_rz,7.952650045445748,1660.0,13.0,7.952650045445747,0.0,0.0,0.0,2.0,0.0
3573.0,delete,7.952650045445748,1660.0,13.0,7.952650045445747,0.0,0.0,0.0,0.0,0.0
3574.0,swap_cx,7.789984187020972,1660.0,13.0,7.952650045445747,0.0,0.0,0.0,0.0,1.0
3575.0,swap_rx,7.790881352617704,1660.0,13.0,7.952650045445747,0.0,1.0,0.0,0.0,0.0
3576.0,swap_ry,7.789984663558677,1660.0,13.0,7.952650045445747,0.0,0.0,1.0,0.0,0.0
3577.0,swap_rz,7.952650045445747,1660.0,13.0,7.952650045445747,0.0,0.0,0.0,1.0,0.0
3578.0,change_0,7.952650045445748,1661.0,13.0,7.952650045445747,0.0,0.0,0.0,1.0,0.0
3579.0,stop,7.952650045445747,1661.0,12.0,7.952650045445747,0.0,0.0,0.0,1.0,0.0
3580.0,add_cx,7.952650045445747,1661.0,13.0,7.952650045445747,0.0,0.0,0.0,1.0,1.0
3581.0,add_rx,7.49727406796821,1661.0,13.0,7.952650045445747,0.0,1.0,0.0,1.0,0.0
3582.0,add_ry,7.41422259712529,1661.0,13.0,7.952650045445747,0.0,0.0,1.0,1.0,0.0
3583.0,add_rz,7.952650045445746,1661.0,13.0,7.952650045445747,0.0,0.0,0.0,2.0,0.0
3584.0,delete,7.952650045445748,1661.0,13.0,7.952650045445747,0.0,0.0,0.0,0.0,0.0
3585.0,swap_cx,7.952650045445748,1661.0,13.0,7.952650045445747,0.0,0.0,0.0,0.0,1.0
3586.0,swap_rx,7.40595667204067,1661.0,13.0,7.952650045445747,0.0,1.0,0.0,0.0,0.0
3587.0,swap_ry,7.795004689261156,1661.0,13.0,7.952650045445747,0.0,0.0,1.0,0.0,0.0
3588.0,swap_rz,7.952650045445748,1661.0,13.0,7.952650045445747,0.0,0.0,0.0,1.0,0.0
3589.0,add_rz,7.824995034599561,1662.0,9.0,7.782542650699908,2.0,0.0,0.0,1.0,0.0
3589.0,stop,7.8085108747139405,1663.0,9.0,7.808510874713938,1.0,0.0,0.0,0.0,0.0
3589.0,stop,7.952650045445748,1664.0,10.0,7.952650045445748,0.0,0.0,0.0,0.0,1.0
3589.0,stop,7.952650045445748,1665.0,10.0,7.952650045445748,0.0,0.0,0.0,0.0,1.0
3589.0,stop,7.952650045445748,1666.0,10.0,7.952650045445749,0.0,0.0,0.0,0.0,1.0
3589.0,stop,7.952650045445748,1667.0,10.0,7.952650045445749,0.0,0.0,0.0,0.0,1.0
3589.0,stop,7.952650045445748,1668.0,10.0,7.952650045445749,0.0,0.0,0.0,0.0,1.0
3589.0,stop,7.952650045445748,1669.0,10.0,7.952650045445749,0.0,0.0,0.0,0.0,1.0
3589.0,stop,7.952650045445748,1670.0,10.0,7.95265004544575,0.0,0.0,0.0,0.0,1.0
3589.0,stop,7.952650045445748,1671.0,10.0,7.95265004544575,0.0,0.0,0.0,0.0,1.0
3589.0,stop,7.952650045445748,1672.0,10.0,7.95265004544575,0.0,0.0,0.0,0.0,1.0
3589.0,stop,7.952650045445748,1673.0,10.0,7.95265004544575,0.0,0.0,0.0,0.0,1.0
3589.0,stop,7.952650045445748,1674.0,10.0,7.95265004544575,0.0,0.0,0.0,0.0,1.0
3589.0,stop,7.952650045445748,1675.0,10.0,7.95265004544575,0.0,0.0,0.0,0.0,1.0
3589.0,stop,7.952650045445748,1676.0,10.0,7.952650045445749,0.0,0.0,0.0,0.0,1.0
3589.0,stop,7.952650045445748,1677.0,11.0,7.952650045445748,0.0,0.0,0.0,0.0,0.0
3589.0,stop,7.952650045445748,1678.0,10.0,7.952650045445749,0.0,0.0,0.0,0.0,1.0
3589.0,stop,7.952650045445748,1679.0,11.0,7.952650045445748,0.0,0.0,0.0,0.0,0.0
3589.0,stop,7.952650045445748,1680.0,10.0,7.952650045445749,0.0,0.0,0.0,0.0,1.0
3589.0,stop,7.952650045445748,1681.0,11.0,7.952650045445748,0.0,0.0,0.0,0.0,0.0
3589.0,stop,7.875217633826663,1682.0,10.0,7.875217633826662,0.0,0.0,1.0,0.0,0.0
3589.0,stop,7.952650045445748,1683.0,10.0,7.952650045445749,0.0,0.0,0.0,0.0,1.0
3590.0,change_1,7.952650045445747,1684.0,12.0,7.952650045445748,0.0,0.0,0.0,1.0,1.0
3591.0,stop,7.952650045445748,1684.0,11.0,7.952650045445748,0.0,0.0,0.0,1.0,1.0
3592.0,add_cx,7.952650045445748,1684.0,12.0,7.952650045445748,0.0,0.0,0.0,1.0,2.0
3593.0,add_rx,7.8398937042512165,1684.0,12.0,7.952650045445748,0.0,1.0,0.0,1.0,1.0
3594.0,add_ry,7.9042944203554635,1684.0,12.0,7.952650045445748,0.0,0.0,1.0,1.0,1.0
3595.0,add_rz,7.952650045445747,1684.0,12.0,7.952650045445748,0.0,0.0,0.0,2.0,1.0
3596.0,delete,7.952650045445748,1684.0,12.0,7.952650045445748,0.0,0.0,0.0,0.0,1.0
3597.0,swap_cx,7.952650045445748,1684.0,12.0,7.952650045445748,0.0,0.0,0.0,1.0,1.0
3598.0,swap_rx,7.677275399716876,1684.0,12.0,7.952650045445748,0.0,1.0,0.0,1.0,0.0
3599.0,swap_ry,7.574638475381471,1684.0,12.0,7.952650045445748,0.0,0.0,1.0,1.0,0.0
3600.0,swap_rz,7.952650045445747,1684.0,12.0,7.952650045445748,0.0,0.0,0.0,2.0,0.0
3600.0,stop,7.8085108747139405,1685.0,9.0,7.808510874713937,1.0,0.0,0.0,0.0,0.0
3600.0,stop,7.952650045445748,1686.0,11.0,7.952650045445748,0.0,0.0,0.0,0.0,0.0
3600.0,stop,7.875217633826663,1687.0,10.0,7.875217633826662,0.0,0.0,1.0,0.0,0.0
3600.0,stop,7.952650045445748,1688.0,11.0,7.952650045445748,0.0,0.0,0.0,0.0,0.0
3600.0,stop,7.952650045445748,1689.0,11.0,7.952650045445748,0.0,0.0,0.0,0.0,0.0
3600.0,stop,7.875217633826663,1690.0,10.0,7.875217633826662,0.0,0.0,1.0,0.0,0.0
3600.0,stop,7.952650045445748,1691.0,11.0,7.952650045445748,0.0,0.0,0.0,0.0,0.0
3600.0,stop,7.952650045445748,1692.0,11.0,7.952650045445748,0.0,0.0,0.0,0.0,0.0
3601.0,stop,7.952650045445748,1693.0,12.0,7.952650045445748,0.0,0.0,0.0,0.0,1.0
3602.0,add_cx,7.397040644518788,1693.0,13.0,7.952650045445748,0.0,0.0,0.0,0.0,2.0
3603.0,add_rx,7.487387861394239,1693.0,13.0,7.952650045445748,0.0,1.0,0.0,0.0,1.0
3604.0,add_ry,7.943970868119906,1693.0,13.0,7.952650045445748,0.0,0.0,1.0,0.0,1.0
3605.0,add_rz,7.952650045445748,1693.0,13.0,7.952650045445748,0.0,0.0,0.0,1.0,1.0
3606.0,delete,7.952650045445748,1693.0,13.0,7.952650045445748,0.0,0.0,0.0,0.0,0.0
3607.0,swap_cx,7.952650045445748,1693.0,13.0,7.952650045445748,0.0,0.0,0.0,0.0,1.0
3608.0,swap_rx,7.9508194973473705,1693.0,13.0,7.952650045445748,0.0,1.0,0.0,0.0,0.0
3609.0,swap_ry,7.9516705037345154,1693.0,13.0,7.952650045445748,0.0,0.0,1.0,0.0,0.0
3610.0,swap_rz,7.952650045445749,1693.0,13.0,7.952650045445748,0.0,0.0,0.0,1.0,0.0
3611.0,add_rx,7.7359843348147095,1694.0,9.0,7.7824363888907575,2.0,1.0,0.0,0.0,0.0
3611.0,stop,7.8085108747139405,1695.0,9.0,7.808510874713937,1.0,0.0,0.0,0.0,0.0
3611.0,stop,7.8085108747139405,1696.0,9.0,7.808510874713937,1.0,0.0,0.0,0.0,0.0
3611.0,stop,7.952650045445747,1697.0,10.0,7.952650045445749,0.0,0.0,0.0,1.0,0.0
3611.0,stop,7.952650045445747,1698.0,10.0,7.952650045445749,0.0,0.0,0.0,1.0,0.0
3611.0,stop,7.952650045445747,1699.0,10.0,7.952650045445749,0.0,0.0,0.0,1.0,0.0
3611.0,stop,7.952650045445747,1700.0,10.0,7.952650045445749,0.0,0.0,0.0,1.0,0.0
3612.0,stop,7.952650045445748,1701.0,11.0,7.952650045445748,0.0,0.0,0.0,0.0,1.0
3613.0,add_cx,7.952650045445748,1701.0,12.0,7.952650045445748,0.0,0.0,0.0,0.0,2.0
3614.0,add_rx,7.890306417125714,1701.0,12.0,7.952650045445748,0.0,1.0,0.0,0.0,1.0
3615.0,add_ry,7.9331245820663625,1701.0,12.0,7.952650045445748,0.0,0.0,1.0,0.0,1.0
3616.0,add_rz,7.952650045445747,1701.0,12.0,7.952650045445748,0.0,0.0,0.0,1.0,1.0
3617.0,delete,7.952650045445748,1701.0,12.0,7.952650045445748,0.0,0.0,0.0,0.0,0.0
3618.0,swap_cx,7.952650045445748,1701.0,12.0,7.952650045445748,0.0,0.0,0.0,0.0,1.0
3619.0,swap_rx,7.6767642117380595,1701.0,12.0,7.952650045445748,0.0,1.0,0.0,0.0,0.0
3620.0,swap_ry,7.92733135497023,1701.0,12.0,7.952650045445748,0.0,0.0,1.0,0.0,0.0
3621.0,swap_rz,7.952650045445748,1701.0,12.0,7.952650045445748,0.0,0.0,0.0,1.0,0.0
3621.0,stop,7.952650045445748,1702.0,11.0,7.952650045445748,0.0,0.0,0.0,0.0,0.0
3621.0,stop,7.952650045445748,1703.0,10.0,7.952650045445749,0.0,0.0,0.0,0.0,1.0
3621.0,stop,7.952650045445748,1704.0,11.0,7.952650045445748,0.0,0.0,0.0,0.0,0.0
3621.0,stop,7.952650045445748,1705.0,10.0,7.95265004544575,0.0,0.0,0.0,0.0,1.0
3621.0,stop,7.952650045445748,1706.0,11.0,7.952650045445748,0.0,0.0,0.0,0.0,0.0
3621.0,stop,7.952650045445748,1707.0,10.0,7.95265004544575,0.0,0.0,0.0,0.0,1.0
3621.0,stop,7.952650045445748,1708.0,11.0,7.952650045445749,0.0,0.0,0.0,0.0,0.0
3622.0,change_0,7.952650045445748,1709.0,12.0,7.952650045445747,0.0,0.0,0.0,1.0,0.0
3623.0,stop,7.952650045445747,1709.0,11.0,7.952650045445747,0.0,0.0,0.0,1.0,0.0
3624.0,add_cx,7.952650045445747,1709.0,12.0,7.952650045445747,0.0,0.0,0.0,1.0,1.0
3625.0,add_rx,7.897532634900443,1709.0,12.0,7.952650045445747,0.0,1.0,0.0,1.0,0.0
3626.0,add_ry,7.940821188694097,1709.0,12.0,7.952650045445747,0.0,0.0,1.0,1.0,0.0
3627.0,add_rz,7.952650045445746,1709.0,12.0,7.952650045445747,0.0,0.0,0.0,2.0,0.0
3628.0,delete,7.952650045445748,1709.0,12.0,7.952650045445747,0.0,0.0,0.0,0.0,0.0
3629.0,swap_cx,7.952650045445748,1709.0,12.0,7.952650045445747,0.0,0.0,0.0,0.0,1.0
3630.0,swap_rx,7.698088734104351,1709.0,12.0,7.952650045445747,0.0,1.0,0.0,0.0,0.0
3631.0,swap_ry,7.904758127096348,1709.0,12.0,7.952650045445747,0.0,0.0,1.0,0.0,0.0
3632.0,swap_rz,7.952650045445749,1709.0,12.0,7.952650045445747,0.0,0.0,0.0,1.0,0.0
3632.0,stop,7.952650045445748,1710.0,11.0,7.952650045445748,0.0,0.0,0.0,0.0,0.0
3632.0,stop,7.952650045445747,1711.0,10.0,7.95265004544575,0.0,0.0,0.0,1.0,0.0
3632.0,stop,7.952650045445748,1712.0,11.0,7.952650045445748,0.0,0.0,0.0,0.0,0.0
3632.0,stop,7.952650045445747,1713.0,10.0,7.95265004544575,0.0,0.0,0.0,1.0,0.0
3632.0,stop,7.952650045445748,1714.0,11.0,7.952650045445748,0.0,0.0,0.0,0.0,0.0
3632.0,stop,7.952650045445747,1715.0,10.0,7.95265004544575,0.0,0.0,0.0,1.0,0.0
3632.0,stop,7.708892893002407,1716.0,10.0,7.708892893002407,0.0,1.0,0.0,0.0,0.0
3632.0,stop,7.952650045445748,1717.0,11.0,7.952650045445748,0.0,0.0,0.0,0.0,0.0
3632.0,stop,7.952650045445747,1718.0,10.0,7.95265004544575,0.0,0.0,0.0,1.0,0.0
3632.0,stop,7.952650045445747,1719.0,10.0,7.95265004544575,0.0,0.0,0.0,1.0,0.0
3632.0,stop,7.952650045445748,1720.0,11.0,7.952650045445748,0.0,0.0,0.0,0.0,0.0
3632.0,stop,7.952650045445747,1721.0,10.0,7.95265004544575,0.0,0.0,0.0,1.0,0.0
3632.0,stop,7.952650045445748,1722.0,11.0,7.952650045445748,0.0,0.0,0.0,0.0,0.0
3632.0,stop,7.952650045445747,1723.0,10.0,7.952650045445749,0.0,0.0,0.0,1.0,0.0
3633.0,change_0,7.952650045445749,1724.0,11.0,7.914089654783368,0.0,0.0,0.0,1.0,0.0
3633.0,stop,7.952650045445748,1725.0,11.0,7.952650045445749,0.0,0.0,0.0,0.0,0.0
3633.0,stop,7.952650045445747,1726.0,10.0,7.952650045445749,0.0,0.0,0.0,1.0,0.0
3634.0,change_0,7.952650045445749,1727.0,11.0,7.917055838680474,0.0,0.0,0.0,1.0,0.0
3634.0,stop,7.952650045445748,1728.0,11.0,7.952650045445749,0.0,0.0,0.0,0.0,0.0
3634.0,stop,7.952650045445747,1729.0,10.0,7.952650045445749,0.0,0.0,0.0,1.0,0.0
3635.0,change_0,7.952650045445748,1730.0,12.0,7.952650045445749,0.0,0.0,0.0,1.0,0.0
3636.0,stop,7.952650045445749,1730.0,11.0,7.952650045445749,0.0,0.0,0.0,1.0,0.0
3637.0,add_cx,7.789984187021046,1730.0,12.0,7.952650045445749,0.0,0.0,0.0,1.0,1.0
3638.0,add_rx,7.949840163291397,1730.0,12.0,7.952650045445749,0.0,1.0,0.0,1.0,0.0
3639.0,add_ry,7.481288901547499,1730.0,12.0,7.952650045445749,0.0,0.0,1.0,1.0,0.0
3640.0,add_rz,7.952650045445749,1730.0,12.0,7.952650045445749,0.0,0.0,0.0,2.0,0.0
3641.0,delete,7.952650045445748,1730.0,12.0,7.952650045445749,0.0,0.0,0.0,0.0,0.0
3642.0,swap_cx,7.952650045445748,1730.0,12.0,7.952650045445749,0.0,0.0,0.0,0.0,1.0
3643.0,swap_rx,7.95264205492655,1730.0,12.0,7.952650045445749,0.0,1.0,0.0,0.0,0.0
3644.0,swap_ry,7.628349837556527,1730.0,12.0,7.952650045445749,0.0,0.0,1.0,0.0,0.0
3645.0,swap_rz,7.952650045445749,1730.0,12.0,7.952650045445749,0.0,0.0,0.0,1.0,0.0
3645.0,stop,7.8085108747139405,1731.0,9.0,7.808510874713937,1.0,0.0,0.0,0.0,0.0
3646.0,add_rz,7.952650045445749,1732.0,11.0,7.902920980222966,0.0,0.0,0.0,1.0,0.0
3647.0,change_0,7.952650045445749,1733.0,12.0,7.952650045445749,0.0,0.0,0.0,1.0,0.0
3648.0,stop,7.952650045445749,1733.0,11.0,7.952650045445749,0.0,0.0,0.0,1.0,0.0
3649.0,add_cx,7.952650045445749,1733.0,12.0,7.952650045445749,0.0,0.0,0.0,1.0,1.0
3650.0,add_rx,7.937599116476268,1733.0,12.0,7.952650045445749,0.0,1.0,0.0,1.0,0.0
3651.0,add_ry,7.950168123178932,1733.0,12.0,7.952650045445749,0.0,0.0,1.0,1.0,0.0
3652.0,add_rz,7.952650045445749,1733.0,12.0,7.952650045445749,0.0,0.0,0.0,2.0,0.0
3653.0,delete,7.952650045445748,1733.0,12.0,7.952650045445749,0.0,0.0,0.0,0.0,0.0
3654.0,swap_cx,7.952650045445748,1733.0,12.0,7.952650045445749,0.0,0.0,0.0,0.0,1.0
3655.0,swap_rx,7.883879470831722,1733.0,12.0,7.952650045445749,0.0,1.0,0.0,0.0,0.0
3656.0,swap_ry,7.948036236504415,1733.0,12.0,7.952650045445749,0.0,0.0,1.0,0.0,0.0
3657.0,swap_rz,7.952650045445748,1733.0,12.0,7.952650045445749,0.0,0.0,0.0,1.0,0.0
3658.0,stop,7.952650045445748,1734.0,12.0,7.952650045445748,0.0,0.0,0.0,0.0,0.0
3659.0,add_cx,7.873824632075483,1734.0,13.0,7.952650045445748,0.0,0.0,0.0,0.0,1.0
3660.0,add_rx,7.886947206002013,1734.0,13.0,7.952650045445748,0.0,1.0,0.0,0.0,0.0
3661.0,add_ry,7.8465364335362775,1734.0,13.0,7.952650045445748,0.0,0.0,1.0,0.0,0.0
3662.0,add_rz,7.952650045445748,1734.0,13.0,7.952650045445748,0.0,0.0,0.0,1.0,0.0
3663.0,change_0,7.952650045445749,1735.0,13.0,7.952650045445749,0.0,0.0,0.0,1.0,0.0
3664.0,stop,7.952650045445749,1735.0,12.0,7.952650045445749,0.0,0.0,0.0,1.0,0.0
3665.0,add_cx,7.789984187020972,1735.0,13.0,7.952650045445749,0.0,0.0,0.0,1.0,1.0
3666.0,add_rx,7.397638169549801,1735.0,13.0,7.952650045445749,0.0,1.0,0.0,1.0,0.0
3667.0,add_ry,7.793086115270727,1735.0,13.0,7.952650045445749,0.0,0.0,1.0,1.0,0.0
3668.0,add_rz,7.952650045445747,1735.0,13.0,7.952650045445749,0.0,0.0,0.0,2.0,0.0
3669.0,delete,7.952650045445748,1735.0,13.0,7.952650045445749,0.0,0.0,0.0,0.0,0.0
3670.0,swap_cx,7.952650045445748,1735.0,13.0,7.952650045445749,0.0,0.0,0.0,0.0,1.0
3671.0,swap_rx,7.672096231812705,1735.0,13.0,7.952650045445749,0.0,1.0,0.0,0.0,0.0
3672.0,swap_ry,7.846556737453674,1735.0,13.0,7.952650045445749,0.0,0.0,1.0,0.0,0.0
3673.0,swap_rz,7.952650045445748,1735.0,13.0,7.952650045445749,0.0,0.0,0.0,1.0,0.0
3673.0,stop,7.8085108747139405,1736.0,9.0,7.808510874713937,1.0,0.0,0.0,0.0,0.0
3673.0,stop,7.952650045445748,1737.0,10.0,7.95265004544575,0.0,0.0,0.0,0.0,1.0
3673.0,stop,7.952650045445748,1738.0,11.0,7.952650045445749,0.0,0.0,0.0,0.0,0.0
3673.0,stop,7.952650045445748,1739.0,10.0,7.95265004544575,0.0,0.0,0.0,0.0,1.0
3673.0,stop,7.952650045445748,1740.0,11.0,7.952650045445749,0.0,0.0,0.0,0.0,0.0
3673.0,stop,7.952650045445748,1741.0,10.0,7.95265004544575,0.0,0.0,0.0,0.0,1.0
3673.0,stop,7.952650045445748,1742.0,11.0,7.952650045445749,0.0,0.0,0.0,0.0,0.0
3673.0,stop,7.952650045445748,1743.0,10.0,7.95265004544575,0.0,0.0,0.0,0.0,1.0
3673.0,stop,7.952650045445748,1744.0,11.0,7.95265004544575,0.0,0.0,0.0,0.0,0.0
3673.0,stop,7.952650045445748,1745.0,10.0,7.95265004544575,0.0,0.0,0.0,0.0,1.0
3673.0,stop,7.952650045445748,1746.0,11.0,7.95265004544575,0.0,0.0,0.0,0.0,0.0
3673.0,stop,7.952650045445748,1747.0,10.0,7.95265004544575,0.0,0.0,0.0,0.0,1.0
3673.0,stop,7.952650045445748,1748.0,11.0,7.95265004544575,0.0,0.0,0.0,0.0,0.0
3674.0,change_0,7.952650045445748,1749.0,12.0,7.952650045445748,0.0,0.0,0.0,1.0,0.0
3675.0,stop,7.952650045445748,1749.0,11.0,7.952650045445748,0.0,0.0,0.0,1.0,0.0
3676.0,add_cx,7.952650045445748,1749.0,12.0,7.952650045445748,0.0,0.0,0.0,1.0,1.0
3677.0,add_rx,7.952643677561813,1749.0,12.0,7.952650045445748,0.0,1.0,0.0,1.0,0.0
3678.0,add_ry,7.804694409953248,1749.0,12.0,7.952650045445748,0.0,0.0,1.0,1.0,0.0
3679.0,add_rz,7.952650045445749,1749.0,12.0,7.952650045445748,0.0,0.0,0.0,2.0,0.0
3680.0,delete,7.952650045445748,1749.0,12.0,7.952650045445748,0.0,0.0,0.0,0.0,0.0
3681.0,swap_cx,7.952650045445748,1749.0,12.0,7.952650045445748,0.0,0.0,0.0,0.0,1.0
3682.0,swap_rx,7.950974140444435,1749.0,12.0,7.952650045445748,0.0,1.0,0.0,0.0,0.0
3683.0,swap_ry,7.806471969625168,1749.0,12.0,7.952650045445748,0.0,0.0,1.0,0.0,0.0
3684.0,swap_rz,7.952650045445749,1749.0,12.0,7.952650045445748,0.0,0.0,0.0,1.0,0.0
3684.0,stop,7.952650045445748,1750.0,10.0,7.95265004544575,0.0,0.0,0.0,0.0,1.0
3684.0,stop,7.952650045445748,1751.0,11.0,7.95265004544575,0.0,0.0,0.0,0.0,0.0
3684.0,stop,7.875217633826663,1752.0,10.0,7.875217633826663,0.0,0.0,1.0,0.0,0.0
3684.0,stop,7.952650045445748,1753.0,10.0,7.95265004544575,0.0,0.0,0.0,0.0,1.0
3684.0,stop,7.952650045445748,1754.0,10.0,7.95265004544575,0.0,0.0,0.0,0.0,1.0
3684.0,stop,7.952650045445748,1755.0,11.0,7.95265004544575,0.0,0.0,0.0,0.0,0.0
3684.0,stop,7.952650045445748,1756.0,10.0,7.952650045445749,0.0,0.0,0.0,0.0,1.0
3684.0,stop,7.952650045445748,1757.0,11.0,7.95265004544575,0.0,0.0,0.0,0.0,0.0
3684.0,stop,7.952650045445748,1758.0,10.0,7.952650045445749,0.0,0.0,0.0,0.0,1.0
3684.0,stop,7.952650045445748,1759.0,11.0,7.952650045445749,0.0,0.0,0.0,0.0,0.0
3684.0,stop,7.952650045445748,1760.0,10.0,7.952650045445749,0.0,0.0,0.0,0.0,1.0
3684.0,stop,7.875217633826663,1761.0,10.0,7.875217633826663,0.0,0.0,1.0,0.0,0.0
3684.0,stop,7.952650045445748,1762.0,11.0,7.952650045445749,0.0,0.0,0.0,0.0,0.0
3684.0,stop,7.952650045445748,1763.0,10.0,7.952650045445749,0.0,0.0,0.0,0.0,1.0
3684.0,stop,7.952650045445748,1764.0,11.0,7.952650045445749,0.0,0.0,0.0,0.0,0.0
3684.0,stop,7.952650045445748,1765.0,11.0,7.952650045445748,0.0,0.0,0.0,0.0,0.0
3684.0,stop,7.708892893002407,1766.0,10.0,7.708892893002407,0.0,1.0,0.0,0.0,0.0
3684.0,stop,7.952650045445748,1767.0,10.0,7.952650045445749,0.0,0.0,0.0,0.0,1.0
3684.0,stop,7.952650045445748,1768.0,11.0,7.952650045445749,0.0,0.0,0.0,0.0,0.0
3684.0,stop,7.952650045445748,1769.0,10.0,7.952650045445749,0.0,0.0,0.0,0.0,1.0
3685.0,change_0,7.952650045445748,1770.0,13.0,7.952650045445748,0.0,0.0,0.0,1.0,0.0
3686.0,stop,7.952650045445748,1770.0,12.0,7.952650045445748,0.0,0.0,0.0,1.0,0.0
3687.0,add_cx,7.952650045445748,1770.0,13.0,7.952650045445748,0.0,0.0,0.0,1.0,1.0
3688.0,add_rx,7.780185916524334,1770.0,13.0,7.952650045445748,0.0,1.0,0.0,1.0,0.0
3689.0,add_ry,7.952583889004692,1770.0,13.0,7.952650045445748,0.0,0.0,1.0,1.0,0.0
3690.0,add_rz,7.952650045445748,1770.0,13.0,7.952650045445748,0.0,0.0,0.0,2.0,0.0
3691.0,delete,7.952650045445748,1770.0,13.0,7.952650045445748,0.0,0.0,0.0,0.0,0.0
3692.0,swap_cx,7.952650045445748,1770.0,13.0,7.952650045445748,0.0,0.0,0.0,0.0,1.0
3693.0,swap_rx,7.835666559059291,1770.0,13.0,7.952650045445748,0.0,1.0,0.0,0.0,0.0
3694.0,swap_ry,7.924966333090925,1770.0,13.0,7.952650045445748,0.0,0.0,1.0,0.0,0.0
3695.0,swap_rz,7.952650045445747,1770.0,13.0,7.952650045445748,0.0,0.0,0.0,1.0,0.0
3696.0,change_0,7.881739580631999,1771.0,11.0,7.927224285220262,0.0,0.0,1.0,0.0,0.0
3697.0,change_0,7.867204278324634,1772.0,11.0,7.923725461790396,0.0,0.0,1.0,0.0,0.0
3697.0,stop,7.875217633826663,1773.0,10.0,7.875217633826663,0.0,0.0,1.0,0.0,0.0
3698.0,change_0,7.827757119126824,1774.0,12.0,7.881739580631999,0.0,0.0,1.0,0.0,0.0
3699.0,stop,7.881739580631999,1774.0,11.0,7.881739580631999,0.0,0.0,1.0,0.0,0.0
3700.0,add_cx,7.785854440057261,1774.0,12.0,7.881739580631999,0.0,0.0,1.0,0.0,1.0
3701.0,add_rx,7.87194939641935,1774.0,12.0,7.881739580631999,0.0,1.0,1.0,0.0,0.0
3702.0,add_ry,7.787884896722062,1774.0,12.0,7.881739580631999,0.0,0.0,2.0,0.0,0.0
3703.0,add_rz,7.881739580631999,1774.0,12.0,7.881739580631999,0.0,0.0,1.0,1.0,0.0
3704.0,delete,7.952650045445748,1774.0,12.0,7.881739580631999,0.0,0.0,0.0,0.0,0.0
3705.0,swap_cx,7.873824632075484,1774.0,12.0,7.881739580631999,0.0,0.0,0.0,0.0,1.0
3706.0,swap_rx,7.853060297491291,1774.0,12.0,7.881739580631999,0.0,1.0,0.0,0.0,0.0
3707.0,swap_ry,7.891555534896821,1774.0,12.0,7.881739580631999,0.0,0.0,1.0,0.0,0.0
3708.0,swap_rz,7.952650045445747,1774.0,12.0,7.881739580631999,0.0,0.0,0.0,1.0,0.0
3708.0,stop,7.8085108747139405,1775.0,9.0,7.808510874713937,1.0,0.0,0.0,0.0,0.0
3709.0,change_1,7.8085108747139405,1776.0,11.0,7.8085108747139405,1.0,0.0,0.0,1.0,0.0
3710.0,stop,7.8085108747139405,1776.0,10.0,7.8085108747139405,1.0,0.0,0.0,1.0,0.0
3711.0,add_cx,7.769098168028808,1776.0,11.0,7.8085108747139405,1.0,0.0,0.0,1.0,1.0
3712.0,add_rx,7.8085108747139405,1776.0,11.0,7.8085108747139405,1.0,1.0,0.0,1.0,0.0
3713.0,add_ry,7.808964050013147,1776.0,11.0,7.8085108747139405,1.0,0.0,1.0,1.0,0.0
3714.0,add_rz,7.808510874713939,1776.0,11.0,7.8085108747139405,1.0,0.0,0.0,2.0,0.0
3715.0,delete,7.952650045445747,1776.0,11.0,7.8085108747139405,0.0,0.0,0.0,1.0,0.0
3716.0,swap_cx,7.952650045445747,1776.0,11.0,7.8085108747139405,0.0,0.0,0.0,1.0,1.0
3717.0,swap_rx,7.821871705158718,1776.0,11.0,7.8085108747139405,1.0,1.0,0.0,0.0,0.0
3718.0,swap_ry,7.793978402048536,1776.0,11.0,7.8085108747139405,1.0,0.0,1.0,0.0,0.0
3719.0,swap_rz,7.8085108747139405,1776.0,11.0,7.8085108747139405,1.0,0.0,0.0,1.0,0.0
3719.0,stop,7.8085108747139405,1777.0,9.0,7.808510874713937,1.0,0.0,0.0,0.0,0.0
3719.0,stop,7.952650045445748,1778.0,10.0,7.952650045445749,0.0,0.0,0.0,0.0,1.0
3719.0,stop,7.952650045445748,1779.0,10.0,7.952650045445749,0.0,0.0,0.0,0.0,1.0
3719.0,stop,7.952650045445748,1780.0,11.0,7.952650045445748,0.0,0.0,0.0,0.0,0.0
3719.0,stop,7.952650045445748,1781.0,11.0,7.952650045445748,0.0,0.0,0.0,0.0,0.0
3719.0,stop,7.952650045445748,1782.0,11.0,7.952650045445748,0.0,0.0,0.0,0.0,0.0
3720.0,stop,7.952650045445748,1783.0,12.0,7.952650045445748,0.0,0.0,0.0,0.0,1.0
3721.0,add_cx,7.873824632075483,1783.0,13.0,7.952650045445748,0.0,0.0,0.0,0.0,2.0
3722.0,add_rx,7.8833604139985605,1783.0,13.0,7.952650045445748,0.0,1.0,0.0,0.0,1.0
3723.0,add_ry,7.932903667035689,1783.0,13.0,7.952650045445748,0.0,0.0,1.0,0.0,1.0
3724.0,add_rz,7.952650045445747,1783.0,13.0,7.952650045445748,0.0,0.0,0.0,1.0,1.0
3725.0,delete,7.952650045445748,1783.0,13.0,7.952650045445748,0.0,0.0,0.0,0.0,0.0
3726.0,swap_cx,7.952650045445748,1783.0,13.0,7.952650045445748,0.0,0.0,0.0,0.0,1.0
3727.0,swap_rx,7.878303763305626,1783.0,13.0,7.952650045445748,0.0,1.0,0.0,0.0,0.0
3728.0,swap_ry,7.857943689379945,1783.0,13.0,7.952650045445748,0.0,0.0,1.0,0.0,0.0
3729.0,swap_rz,7.952650045445747,1783.0,13.0,7.952650045445748,0.0,0.0,0.0,1.0,0.0
3729.0,stop,7.952650045445748,1784.0,10.0,7.952650045445749,0.0,0.0,0.0,0.0,1.0
3729.0,stop,7.952650045445748,1785.0,10.0,7.952650045445749,0.0,0.0,0.0,0.0,1.0
3729.0,stop,7.952650045445748,1786.0,10.0,7.95265004544575,0.0,0.0,0.0,0.0,1.0
3729.0,stop,7.952650045445748,1787.0,10.0,7.95265004544575,0.0,0.0,0.0,0.0,1.0
3730.0,change_0,7.942739004716716,1788.0,12.0,7.938789164707216,0.0,0.0,1.0,0.0,0.0
3731.0,stop,7.938789164707216,1788.0,11.0,7.938789164707216,0.0,0.0,1.0,0.0,0.0
3732.0,add_cx,7.34519150784106,1788.0,12.0,7.938789164707216,0.0,0.0,1.0,0.0,1.0
3733.0,add_rx,7.931013168750266,1788.0,12.0,7.938789164707216,0.0,1.0,1.0,0.0,0.0
3734.0,add_ry,7.894439181919568,1788.0,12.0,7.938789164707216,0.0,0.0,2.0,0.0,0.0
3735.0,add_rz,7.938789164707216,1788.0,12.0,7.938789164707216,0.0,0.0,1.0,1.0,0.0
3736.0,delete,7.952650045445748,1788.0,12.0,7.938789164707216,0.0,0.0,0.0,0.0,0.0
3737.0,swap_cx,7.952650045445748,1788.0,12.0,7.938789164707216,0.0,0.0,0.0,0.0,1.0
3738.0,swap_rx,7.405205304934136,1788.0,12.0,7.938789164707216,0.0,1.0,0.0,0.0,0.0
3739.0,swap_ry,7.9430991485221885,1788.0,12.0,7.938789164707216,0.0,0.0,1.0,0.0,0.0
3740.0,swap_rz,7.952650045445749,1788.0,12.0,7.938789164707216,0.0,0.0,0.0,1.0,0.0
3741.0,stop,7.952650045445748,1789.0,12.0,7.952650045445748,0.0,0.0,0.0,0.0,0.0
3742.0,add_cx,7.397040644518791,1789.0,13.0,7.952650045445748,0.0,0.0,0.0,0.0,1.0
3743.0,add_rx,7.829596143588692,1789.0,13.0,7.952650045445748,0.0,1.0,0.0,0.0,0.0
3744.0,add_ry,7.824378176909221,1789.0,13.0,7.952650045445748,0.0,0.0,1.0,0.0,0.0
3745.0,add_rz,7.952650045445748,1789.0,13.0,7.952650045445748,0.0,0.0,0.0,1.0,0.0
3745.0,stop,7.952650045445748,1790.0,11.0,7.952650045445748,0.0,0.0,0.0,0.0,1.0
3745.0,stop,7.952650045445748,1791.0,11.0,7.952650045445748,0.0,0.0,0.0,0.0,1.0
3745.0,stop,7.952650045445748,1792.0,11.0,7.952650045445748,0.0,0.0,0.0,0.0,1.0
3745.0,stop,7.952650045445748,1793.0,11.0,7.952650045445748,0.0,0.0,0.0,0.0,1.0
3746.0,stop,7.952650045445748,1794.0,12.0,7.952650045445748,0.0,0.0,0.0,0.0,0.0
3747.0,add_cx,7.952650045445748,1794.0,13.0,7.952650045445748,0.0,0.0,0.0,0.0,1.0
3748.0,add_rx,7.798672899590025,1794.0,13.0,7.952650045445748,0.0,1.0,0.0,0.0,0.0
3749.0,add_ry,7.790001712318321,1794.0,13.0,7.952650045445748,0.0,0.0,1.0,0.0,0.0
3750.0,add_rz,7.952650045445747,1794.0,13.0,7.952650045445748,0.0,0.0,0.0,1.0,0.0
3750.0,stop,7.952650045445748,1795.0,11.0,7.952650045445748,0.0,0.0,0.0,0.0,1.0
3751.0,stop,7.952650045445748,1796.0,12.0,7.952650045445748,0.0,0.0,0.0,0.0,2.0
3752.0,add_cx,7.789984187021045,1796.0,13.0,7.952650045445748,0.0,0.0,0.0,0.0,3.0
3753.0,add_rx,7.805552094242533,1796.0,13.0,7.952650045445748,0.0,1.0,0.0,0.0,2.0
3754.0,add_ry,7.920614878008739,1796.0,13.0,7.952650045445748,0.0,0.0,1.0,0.0,2.0
3755.0,add_rz,7.952650045445747,1796.0,13.0,7.952650045445748,0.0,0.0,0.0,1.0,2.0
3756.0,delete,7.952650045445748,1796.0,13.0,7.952650045445748,0.0,0.0,0.0,0.0,1.0
3757.0,swap_cx,7.952650045445748,1796.0,13.0,7.952650045445748,0.0,0.0,0.0,0.0,2.0
3758.0,swap_rx,7.81519240995156,1796.0,13.0,7.952650045445748,0.0,1.0,0.0,0.0,1.0
3759.0,swap_ry,7.875135326589461,1796.0,13.0,7.952650045445748,0.0,0.0,1.0,0.0,1.0
3760.0,swap_rz,7.952650045445748,1796.0,13.0,7.952650045445748,0.0,0.0,0.0,1.0,1.0
3760.0,stop,7.952650045445748,1797.0,11.0,7.952650045445748,0.0,0.0,0.0,1.0,0.0
3761.0,change_0,7.952650045445749,1798.0,13.0,7.952650045445747,0.0,0.0,0.0,1.0,0.0
3762.0,stop,7.952650045445747,1798.0,12.0,7.952650045445747,0.0,0.0,0.0,1.0,0.0
3763.0,add_cx,7.952650045445747,1798.0,13.0,7.952650045445747,0.0,0.0,0.0,1.0,1.0
3764.0,add_rx,7.950844845748982,1798.0,13.0,7.952650045445747,0.0,1.0,0.0,1.0,0.0
3765.0,add_ry,7.790273474787405,1798.0,13.0,7.952650045445747,0.0,0.0,1.0,1.0,0.0
3766.0,add_rz,7.952650045445749,1798.0,13.0,7.952650045445747,0.0,0.0,0.0,2.0,0.0
3767.0,delete,7.952650045445748,1798.0,13.0,7.952650045445747,0.0,0.0,0.0,0.0,0.0
3768.0,swap_cx,7.952650045445748,1798.0,13.0,7.952650045445747,0.0,0.0,0.0,0.0,1.0
3769.0,swap_rx,7.8342297900142235,1798.0,13.0,7.952650045445747,0.0,1.0,0.0,0.0,0.0
3770.0,swap_ry,7.943299844992293,1798.0,13.0,7.952650045445747,0.0,0.0,1.0,0.0,0.0
3771.0,swap_rz,7.952650045445749,1798.0,13.0,7.952650045445747,0.0,0.0,0.0,1.0,0.0
3771.0,stop,7.952650045445747,1799.0,11.0,7.952650045445747,0.0,0.0,0.0,1.0,0.0
3771.0,stop,7.952650045445747,1800.0,11.0,7.952650045445747,0.0,0.0,0.0,1.0,0.0
3771.0,stop,7.952650045445747,1801.0,11.0,7.952650045445747,0.0,0.0,0.0,1.0,0.0
3771.0,stop,7.952650045445749,1802.0,11.0,7.952650045445749,0.0,0.0,0.0,1.0,0.0
3772.0,add_rz,7.952650045445748,1803.0,11.0,7.896005867072788,0.0,0.0,0.0,1.0,0.0
3773.0,change_0,7.952650045445749,1804.0,12.0,7.952650045445748,0.0,0.0,0.0,1.0,0.0
3774.0,stop,7.952650045445748,1804.0,11.0,7.952650045445748,0.0,0.0,0.0,1.0,0.0
3775.0,add_cx,7.952650045445748,1804.0,12.0,7.952650045445748,0.0,0.0,0.0,1.0,1.0
3776.0,add_rx,7.906483005588661,1804.0,12.0,7.952650045445748,0.0,1.0,0.0,1.0,0.0
3777.0,add_ry,7.83816163456328,1804.0,12.0,7.952650045445748,0.0,0.0,1.0,1.0,0.0
3778.0,add_rz,7.952650045445749,1804.0,12.0,7.952650045445748,0.0,0.0,0.0,2.0,0.0
3779.0,delete,7.952650045445748,1804.0,12.0,7.952650045445748,0.0,0.0,0.0,0.0,0.0
3780.0,swap_cx,7.397040644518788,1804.0,12.0,7.952650045445748,0.0,0.0,0.0,0.0,1.0
3781.0,swap_rx,7.838796147751679,1804.0,12.0,7.952650045445748,0.0,1.0,0.0,0.0,0.0
3782.0,swap_ry,7.9509207299142375,1804.0,12.0,7.952650045445748,0.0,0.0,1.0,0.0,0.0
3783.0,swap_rz,7.952650045445748,1804.0,12.0,7.952650045445748,0.0,0.0,0.0,1.0,0.0
3783.0,stop,7.952650045445748,1805.0,11.0,7.952650045445748,0.0,0.0,0.0,0.0,1.0
3783.0,stop,7.952650045445748,1806.0,11.0,7.952650045445748,0.0,0.0,0.0,0.0,1.0
3783.0,stop,7.952650045445748,1807.0,11.0,7.952650045445748,0.0,0.0,0.0,0.0,1.0
3783.0,stop,7.952650045445748,1808.0,11.0,7.952650045445748,0.0,0.0,0.0,0.0,1.0
3784.0,stop,7.952650045445748,1809.0,12.0,7.952650045445748,0.0,0.0,0.0,0.0,1.0
3785.0,add_cx,7.952650045445748,1809.0,13.0,7.952650045445748,0.0,0.0,0.0,0.0,2.0
3786.0,add_rx,7.867055518816616,1809.0,13.0,7.952650045445748,0.0,1.0,0.0,0.0,1.0
3787.0,add_ry,7.839179885963473,1809.0,13.0,7.952650045445748,0.0,0.0,1.0,0.0,1.0
3788.0,add_rz,7.952650045445747,1809.0,13.0,7.952650045445748,0.0,0.0,0.0,1.0,1.0
3789.0,delete,7.952650045445748,1809.0,13.0,7.952650045445748,0.0,0.0,0.0,0.0,0.0
3790.0,swap_cx,7.952650045445748,1809.0,13.0,7.952650045445748,0.0,0.0,0.0,0.0,1.0
3791.0,swap_rx,7.785844118636055,1809.0,13.0,7.952650045445748,0.0,1.0,0.0,0.0,0.0
3792.0,swap_ry,7.810096355557105,1809.0,13.0,7.952650045445748,0.0,0.0,1.0,0.0,0.0
3793.0,swap_rz,7.952650045445748,1809.0,13.0,7.952650045445748,0.0,0.0,0.0,1.0,0.0
3793.0,stop,7.952650045445748,1810.0,11.0,7.952650045445749,0.0,0.0,0.0,0.0,0.0
3793.0,stop,7.952650045445749,1811.0,10.0,7.952650045445749,0.0,0.0,0.0,1.0,0.0
3793.0,stop,7.952650045445748,1812.0,11.0,7.95265004544575,0.0,0.0,0.0,0.0,0.0
3793.0,stop,7.952650045445749,1813.0,10.0,7.952650045445749,0.0,0.0,0.0,1.0,0.0
3793.0,stop,7.952650045445748,1814.0,11.0,7.95265004544575,0.0,0.0,0.0,0.0,0.0
3793.0,stop,7.952650045445749,1815.0,10.0,7.952650045445749,0.0,0.0,0.0,1.0,0.0
3793.0,stop,7.952650045445748,1816.0,11.0,7.95265004544575,0.0,0.0,0.0,0.0,0.0
3793.0,stop,7.952650045445749,1817.0,10.0,7.952650045445749,0.0,0.0,0.0,1.0,0.0
3793.0,stop,7.952650045445748,1818.0,11.0,7.95265004544575,0.0,0.0,0.0,0.0,0.0
3793.0,stop,7.952650045445749,1819.0,10.0,7.952650045445749,0.0,0.0,0.0,1.0,0.0
3793.0,stop,7.952650045445748,1820.0,11.0,7.95265004544575,0.0,0.0,0.0,0.0,0.0
3793.0,stop,7.952650045445749,1821.0,10.0,7.952650045445749,0.0,0.0,0.0,1.0,0.0
3793.0,stop,7.952650045445749,1822.0,10.0,7.952650045445749,0.0,0.0,0.0,1.0,0.0
3793.0,stop,7.952650045445748,1823.0,11.0,7.95265004544575,0.0,0.0,0.0,0.0,0.0
3793.0,stop,7.952650045445749,1824.0,10.0,7.952650045445749,0.0,0.0,0.0,1.0,0.0
3793.0,stop,7.952650045445748,1825.0,11.0,7.952650045445749,0.0,0.0,0.0,0.0,0.0
3793.0,stop,7.952650045445749,1826.0,10.0,7.95265004544575,0.0,0.0,0.0,1.0,0.0
3793.0,stop,7.952650045445748,1827.0,11.0,7.952650045445749,0.0,0.0,0.0,0.0,0.0
3793.0,stop,7.952650045445749,1828.0,10.0,7.95265004544575,0.0,0.0,0.0,1.0,0.0
3793.0,stop,7.952650045445748,1829.0,11.0,7.952650045445749,0.0,0.0,0.0,0.0,0.0
3793.0,stop,7.952650045445749,1830.0,10.0,7.95265004544575,0.0,0.0,0.0,1.0,0.0
3793.0,stop,7.952650045445748,1831.0,11.0,7.952650045445749,0.0,0.0,0.0,0.0,0.0
3793.0,stop,7.952650045445749,1832.0,10.0,7.95265004544575,0.0,0.0,0.0,1.0,0.0
3793.0,stop,7.952650045445748,1833.0,11.0,7.952650045445749,0.0,0.0,0.0,0.0,0.0
3793.0,stop,7.952650045445749,1834.0,10.0,7.95265004544575,0.0,0.0,0.0,1.0,0.0
3793.0,stop,7.952650045445748,1835.0,11.0,7.95265004544575,0.0,0.0,0.0,0.0,0.0
3793.0,stop,7.952650045445749,1836.0,10.0,7.95265004544575,0.0,0.0,0.0,1.0,0.0
3793.0,stop,7.952650045445748,1837.0,11.0,7.95265004544575,0.0,0.0,0.0,0.0,0.0
3793.0,stop,7.952650045445749,1838.0,10.0,7.95265004544575,0.0,0.0,0.0,1.0,0.0
3794.0,change_0,7.952650045445748,1839.0,13.0,7.952650045445748,0.0,0.0,0.0,1.0,0.0
3795.0,stop,7.952650045445748,1839.0,12.0,7.952650045445748,0.0,0.0,0.0,1.0,0.0
3796.0,add_cx,7.952650045445748,1839.0,13.0,7.952650045445748,0.0,0.0,0.0,1.0,1.0
3797.0,add_rx,7.860098134737749,1839.0,13.0,7.952650045445748,0.0,1.0,0.0,1.0,0.0
3798.0,add_ry,7.903336421929224,1839.0,13.0,7.952650045445748,0.0,0.0,1.0,1.0,0.0
3799.0,add_rz,7.952650045445747,1839.0,13.0,7.952650045445748,0.0,0.0,0.0,2.0,0.0
3800.0,delete,7.952650045445748,1839.0,13.0,7.952650045445748,0.0,0.0,0.0,0.0,0.0
3801.0,swap_cx,7.952650045445748,1839.0,13.0,7.952650045445748,0.0,0.0,0.0,0.0,1.0
3802.0,swap_rx,7.467391650463514,1839.0,13.0,7.952650045445748,0.0,1.0,0.0,0.0,0.0
3803.0,swap_ry,7.945911051690679,1839.0,13.0,7.952650045445748,0.0,0.0,1.0,0.0,0.0
3804.0,swap_rz,7.952650045445748,1839.0,13.0,7.952650045445748,0.0,0.0,0.0,1.0,0.0
3804.0,stop,7.950183823261377,1840.0,10.0,7.950183823261375,0.0,0.0,1.0,0.0,0.0
3804.0,stop,7.950183823261377,1841.0,10.0,7.9501838232613755,0.0,0.0,1.0,0.0,0.0
3804.0,stop,7.950183823261377,1842.0,10.0,7.950183823261376,0.0,0.0,1.0,0.0,0.0
3804.0,stop,7.950183823261377,1843.0,10.0,7.950183823261376,0.0,0.0,1.0,0.0,0.0
3804.0,stop,7.950183823261377,1844.0,10.0,7.950183823261377,0.0,0.0,1.0,0.0,0.0
3805.0,change_0,7.892791027606975,1845.0,12.0,7.893627720029468,0.0,1.0,1.0,0.0,0.0
3806.0,change_1,7.917387802896492,1845.0,12.0,7.893627720029468,0.0,1.0,1.0,0.0,0.0
3807.0,stop,7.893627720029468,1845.0,11.0,7.893627720029468,0.0,1.0,1.0,0.0,0.0
3808.0,add_cx,7.932846957491763,1845.0,12.0,7.893627720029468,0.0,1.0,1.0,0.0,1.0
3809.0,add_rx,7.676021598781088,1845.0,12.0,7.893627720029468,0.0,2.0,1.0,0.0,0.0
3810.0,add_ry,7.936623605504227,1845.0,12.0,7.893627720029468,0.0,1.0,2.0,0.0,0.0
3811.0,add_rz,7.893627720029471,1845.0,12.0,7.893627720029468,0.0,1.0,1.0,1.0,0.0
3812.0,delete,7.89231875444329,1845.0,12.0,7.893627720029468,0.0,1.0,0.0,0.0,0.0
3813.0,swap_cx,7.89231875444329,1845.0,12.0,7.893627720029468,0.0,1.0,0.0,0.0,1.0
3814.0,swap_rx,7.681024621811485,1845.0,12.0,7.893627720029468,0.0,2.0,0.0,0.0,0.0
3815.0,swap_ry,7.689065115820038,1845.0,12.0,7.893627720029468,0.0,0.0,2.0,0.0,0.0
3816.0,swap_rz,7.8923187544432905,1845.0,12.0,7.893627720029468,0.0,1.0,0.0,1.0,0.0
3817.0,change_0,7.926070430562506,1846.0,13.0,7.927615426510657,0.0,1.0,0.0,0.0,0.0
3818.0,stop,7.927615426510657,1846.0,12.0,7.927615426510657,0.0,1.0,0.0,0.0,0.0
3819.0,add_cx,7.898859251010574,1846.0,13.0,7.927615426510657,0.0,1.0,0.0,0.0,1.0
3820.0,add_rx,7.90587738529928,1846.0,13.0,7.927615426510657,0.0,2.0,0.0,0.0,0.0
3821.0,add_ry,7.902417208431569,1846.0,13.0,7.927615426510657,0.0,1.0,1.0,0.0,0.0
3822.0,add_rz,7.927615426510658,1846.0,13.0,7.927615426510657,0.0,1.0,0.0,1.0,0.0
3823.0,delete,7.952650045445748,1846.0,13.0,7.927615426510657,0.0,0.0,0.0,0.0,0.0
3824.0,swap_cx,7.397040644518791,1846.0,13.0,7.927615426510657,0.0,0.0,0.0,0.0,1.0
3825.0,swap_rx,7.889132277556129,1846.0,13.0,7.927615426510657,0.0,1.0,0.0,0.0,0.0
3826.0,swap_ry,7.936141945554643,1846.0,13.0,7.927615426510657,0.0,0.0,1.0,0.0,0.0
3827.0,swap_rz,7.952650045445748,1846.0,13.0,7.927615426510657,0.0,0.0,0.0,1.0,0.0
3827.0,stop,7.952650045445749,1847.0,10.0,7.95265004544575,0.0,0.0,0.0,1.0,0.0
3827.0,stop,7.952650045445749,1848.0,10.0,7.95265004544575,0.0,0.0,0.0,1.0,0.0
3827.0,stop,7.952650045445749,1849.0,10.0,7.95265004544575,0.0,0.0,0.0,1.0,0.0
3827.0,stop,7.952650045445749,1850.0,10.0,7.95265004544575,0.0,0.0,0.0,1.0,0.0
3827.0,stop,7.952650045445749,1851.0,10.0,7.95265004544575,0.0,0.0,0.0,1.0,0.0
3827.0,stop,7.952650045445749,1852.0,10.0,7.95265004544575,0.0,0.0,0.0,1.0,0.0
3827.0,stop,7.952650045445749,1853.0,10.0,7.95265004544575,0.0,0.0,0.0,1.0,0.0
3827.0,stop,7.952650045445749,1854.0,10.0,7.95265004544575,0.0,0.0,0.0,1.0,0.0
3827.0,stop,7.952650045445749,1855.0,10.0,7.95265004544575,0.0,0.0,0.0,1.0,0.0
3827.0,stop,7.952650045445749,1856.0,10.0,7.95265004544575,0.0,0.0,0.0,1.0,0.0
3827.0,stop,7.952650045445749,1857.0,10.0,7.95265004544575,0.0,0.0,0.0,1.0,0.0
3827.0,stop,7.952650045445749,1858.0,10.0,7.95265004544575,0.0,0.0,0.0,1.0,0.0
3827.0,stop,7.952650045445749,1859.0,10.0,7.95265004544575,0.0,0.0,0.0,1.0,0.0
3827.0,stop,7.952650045445749,1860.0,10.0,7.95265004544575,0.0,0.0,0.0,1.0,0.0
3827.0,stop,7.952650045445749,1861.0,10.0,7.95265004544575,0.0,0.0,0.0,1.0,0.0
3827.0,stop,7.952650045445749,1862.0,10.0,7.95265004544575,0.0,0.0,0.0,1.0,0.0
3828.0,change_0,7.873824632075484,1863.0,12.0,7.873824632075484,0.0,0.0,0.0,1.0,1.0
3829.0,stop,7.873824632075484,1863.0,11.0,7.873824632075484,0.0,0.0,0.0,1.0,1.0
3830.0,add_cx,7.873824632075484,1863.0,12.0,7.873824632075484,0.0,0.0,0.0,1.0,2.0
3831.0,add_rx,7.841961231946643,1863.0,12.0,7.873824632075484,0.0,1.0,0.0,1.0,1.0
3832.0,add_ry,7.859220763443876,1863.0,12.0,7.873824632075484,0.0,0.0,1.0,1.0,1.0
3833.0,add_rz,7.873824632075484,1863.0,12.0,7.873824632075484,0.0,0.0,0.0,2.0,1.0
3834.0,delete,7.873824632075484,1863.0,12.0,7.873824632075484,0.0,0.0,0.0,0.0,1.0
3835.0,swap_cx,7.952650045445749,1863.0,12.0,7.873824632075484,0.0,0.0,0.0,1.0,1.0
3836.0,swap_rx,7.862247508842702,1863.0,12.0,7.873824632075484,0.0,1.0,0.0,0.0,1.0
3837.0,swap_ry,7.546170491521709,1863.0,12.0,7.873824632075484,0.0,0.0,1.0,0.0,1.0
3838.0,swap_rz,7.95265004544575,1863.0,12.0,7.873824632075484,0.0,0.0,0.0,2.0,0.0
3839.0,add_ry,7.833489608132716,1864.0,11.0,7.836341477493378,0.0,0.0,1.0,0.0,0.0
3839.0,stop,7.952650045445748,1865.0,10.0,7.95265004544575,0.0,0.0,0.0,0.0,1.0
3839.0,stop,7.952650045445748,1866.0,10.0,7.95265004544575,0.0,0.0,0.0,0.0,1.0
3839.0,stop,7.952650045445748,1867.0,10.0,7.95265004544575,0.0,0.0,0.0,0.0,1.0
3839.0,stop,7.952650045445748,1868.0,10.0,7.95265004544575,0.0,0.0,0.0,0.0,1.0
3839.0,stop,7.952650045445748,1869.0,10.0,7.95265004544575,0.0,0.0,0.0,0.0,1.0
3839.0,stop,7.952650045445748,1870.0,10.0,7.95265004544575,0.0,0.0,0.0,0.0,1.0
3839.0,stop,7.952650045445748,1871.0,10.0,7.952650045445749,0.0,0.0,0.0,0.0,1.0
3839.0,stop,7.952650045445748,1872.0,10.0,7.952650045445748,0.0,0.0,0.0,0.0,1.0
3839.0,stop,7.952650045445748,1873.0,10.0,7.952650045445747,0.0,0.0,0.0,0.0,1.0
3839.0,stop,7.952650045445748,1874.0,10.0,7.952650045445746,0.0,0.0,0.0,0.0,1.0
3839.0,stop,7.952650045445748,1875.0,10.0,7.952650045445746,0.0,0.0,0.0,0.0,1.0
3839.0,stop,7.952650045445748,1876.0,10.0,7.952650045445745,0.0,0.0,0.0,0.0,1.0
3839.0,stop,7.952650045445748,1877.0,10.0,7.952650045445744,0.0,0.0,0.0,0.0,1.0
3839.0,stop,7.952650045445748,1878.0,10.0,7.952650045445743,0.0,0.0,0.0,0.0,1.0
3839.0,stop,7.952650045445748,1879.0,10.0,7.9526500454457425,0.0,0.0,0.0,0.0,1.0
3839.0,stop,7.952650045445748,1880.0,10.0,7.9526500454457425,0.0,0.0,0.0,0.0,1.0
3839.0,stop,7.952650045445748,1881.0,10.0,7.952650045445742,0.0,0.0,0.0,0.0,1.0
3839.0,stop,7.952650045445748,1882.0,10.0,7.952650045445741,0.0,0.0,0.0,0.0,1.0
3839.0,stop,7.952650045445748,1883.0,10.0,7.952650045445741,0.0,0.0,0.0,0.0,1.0
3839.0,stop,7.952650045445748,1884.0,10.0,7.95265004544574,0.0,0.0,0.0,0.0,1.0
3839.0,stop,7.952650045445748,1885.0,10.0,7.952650045445739,0.0,0.0,0.0,0.0,1.0
3839.0,stop,7.952650045445748,1886.0,10.0,7.952650045445739,0.0,0.0,0.0,0.0,1.0
3839.0,stop,7.952650045445748,1887.0,10.0,7.952650045445738,0.0,0.0,0.0,0.0,1.0
3839.0,stop,7.952650045445748,1888.0,10.0,7.952650045445737,0.0,0.0,0.0,0.0,1.0
3839.0,stop,7.952650045445748,1889.0,10.0,7.952650045445737,0.0,0.0,0.0,0.0,1.0
3839.0,stop,7.952650045445748,1890.0,10.0,7.952650045445736,0.0,0.0,0.0,0.0,1.0
3839.0,stop,7.952650045445748,1891.0,10.0,7.952650045445736,0.0,0.0,0.0,0.0,1.0
3839.0,stop,7.952650045445748,1892.0,10.0,7.952650045445735,0.0,0.0,0.0,0.0,1.0
3839.0,stop,7.952650045445748,1893.0,10.0,7.952650045445735,0.0,0.0,0.0,0.0,1.0
3839.0,stop,7.952650045445748,1894.0,10.0,7.9526500454457345,0.0,0.0,0.0,0.0,1.0
3839.0,stop,7.952650045445748,1895.0,10.0,7.9526500454457345,0.0,0.0,0.0,0.0,1.0
3839.0,stop,7.952650045445748,1896.0,10.0,7.952650045445734,0.0,0.0,0.0,0.0,1.0
3839.0,stop,7.952650045445748,1897.0,10.0,7.952650045445734,0.0,0.0,0.0,0.0,1.0
3839.0,stop,7.952650045445748,1898.0,10.0,7.952650045445733,0.0,0.0,0.0,0.0,1.0
3839.0,stop,7.952650045445748,1899.0,10.0,7.952650045445733,0.0,0.0,0.0,0.0,1.0
3840.0,change_1,7.789994111303464,1900.0,12.0,7.790495381329785,0.0,0.0,1.0,0.0,1.0
3841.0,stop,7.790495381329785,1900.0,11.0,7.790495381329785,0.0,0.0,1.0,0.0,1.0
3842.0,add_cx,7.952138851136935,1900.0,12.0,7.790495381329785,0.0,0.0,1.0,0.0,2.0
3843.0,add_rx,7.321873579255096,1900.0,12.0,7.790495381329785,0.0,1.0,1.0,0.0,1.0
3844.0,add_ry,7.44892211464102,1900.0,12.0,7.790495381329785,0.0,0.0,2.0,0.0,1.0
3845.0,add_rz,7.790495381329785,1900.0,12.0,7.790495381329785,0.0,0.0,1.0,1.0,1.0
3846.0,delete,7.952650045445748,1900.0,12.0,7.790495381329785,0.0,0.0,0.0,0.0,1.0
3847.0,swap_cx,7.790495381329785,1900.0,12.0,7.790495381329785,0.0,0.0,1.0,0.0,1.0
3848.0,swap_rx,7.7879776447458395,1900.0,12.0,7.790495381329785,0.0,1.0,1.0,0.0,0.0
3849.0,swap_ry,7.757324558582884,1900.0,12.0,7.790495381329785,0.0,0.0,1.0,0.0,1.0
3850.0,swap_rz,7.790495381329784,1900.0,12.0,7.790495381329785,0.0,0.0,1.0,1.0,0.0
3850.0,stop,7.952650045445748,1901.0,11.0,7.952650045445748,0.0,0.0,0.0,0.0,1.0
3850.0,stop,7.952650045445748,1902.0,11.0,7.952650045445748,0.0,0.0,0.0,0.0,1.0
3850.0,stop,7.952650045445748,1903.0,11.0,7.952650045445748,0.0,0.0,0.0,0.0,1.0
3850.0,stop,7.952650045445748,1904.0,11.0,7.952650045445748,0.0,0.0,0.0,0.0,1.0
3850.0,stop,7.952650045445748,1905.0,11.0,7.952650045445748,0.0,0.0,0.0,0.0,1.0
3851.0,stop,7.952650045445748,1906.0,12.0,7.952650045445748,0.0,0.0,0.0,0.0,2.0
3852.0,add_cx,7.664371703982135,1906.0,13.0,7.952650045445748,0.0,0.0,0.0,0.0,3.0
3853.0,add_rx,7.7990521009603775,1906.0,13.0,7.952650045445748,0.0,1.0,0.0,0.0,2.0
3854.0,add_ry,7.8599789613693165,1906.0,13.0,7.952650045445748,0.0,0.0,1.0,0.0,2.0
3855.0,add_rz,7.952650045445749,1906.0,13.0,7.952650045445748,0.0,0.0,0.0,1.0,2.0
3856.0,delete,7.952650045445748,1906.0,13.0,7.952650045445748,0.0,0.0,0.0,0.0,1.0
3857.0,swap_cx,7.952650045445748,1906.0,13.0,7.952650045445748,0.0,0.0,0.0,0.0,2.0
3858.0,swap_rx,7.9101662066372285,1906.0,13.0,7.952650045445748,0.0,1.0,0.0,0.0,1.0
3859.0,swap_ry,7.852767692246462,1906.0,13.0,7.952650045445748,0.0,0.0,1.0,0.0,1.0
3860.0,swap_rz,7.952650045445749,1906.0,13.0,7.952650045445748,0.0,0.0,0.0,1.0,1.0
3860.0,stop,7.8085108747139405,1907.0,9.0,7.808510874713936,1.0,0.0,0.0,0.0,0.0
3861.0,change_0,7.952650045445748,1908.0,13.0,7.952650045445749,0.0,0.0,0.0,1.0,0.0
3862.0,stop,7.952650045445749,1908.0,12.0,7.952650045445749,0.0,0.0,0.0,1.0,0.0
3863.0,add_cx,7.952650045445749,1908.0,13.0,7.952650045445749,0.0,0.0,0.0,1.0,1.0
3864.0,add_rx,7.793826782781642,1908.0,13.0,7.952650045445749,0.0,1.0,0.0,1.0,0.0
3865.0,add_ry,7.785855762124661,1908.0,13.0,7.952650045445749,0.0,0.0,1.0,1.0,0.0
3866.0,add_rz,7.9526500454457505,1908.0,13.0,7.952650045445749,0.0,0.0,0.0,2.0,0.0
3867.0,delete,7.952650045445748,1908.0,13.0,7.952650045445749,0.0,0.0,0.0,0.0,0.0
3868.0,swap_cx,7.952650045445748,1908.0,13.0,7.952650045445749,0.0,0.0,0.0,0.0,1.0
3869.0,swap_rx,7.689268656672597,1908.0,13.0,7.952650045445749,0.0,1.0,0.0,0.0,0.0
3870.0,swap_ry,7.9130372640814945,1908.0,13.0,7.952650045445749,0.0,0.0,1.0,0.0,0.0
3871.0,swap_rz,7.952650045445749,1908.0,13.0,7.952650045445749,0.0,0.0,0.0,1.0,0.0
3871.0,stop,7.952650045445748,1909.0,11.0,7.952650045445748,0.0,0.0,0.0,0.0,1.0
3871.0,stop,7.952650045445748,1910.0,11.0,7.952650045445748,0.0,0.0,0.0,0.0,1.0
3871.0,stop,7.952650045445748,1911.0,11.0,7.952650045445748,0.0,0.0,0.0,0.0,1.0
3871.0,stop,7.952650045445748,1912.0,11.0,7.952650045445748,0.0,0.0,0.0,0.0,1.0
3872.0,stop,7.952650045445748,1913.0,12.0,7.952650045445748,0.0,0.0,0.0,0.0,2.0
3873.0,add_cx,7.789984187021045,1913.0,13.0,7.952650045445748,0.0,0.0,0.0,0.0,3.0
3874.0,add_rx,7.936102241117001,1913.0,13.0,7.952650045445748,0.0,1.0,0.0,0.0,2.0
3875.0,add_ry,7.773633879880747,1913.0,13.0,7.952650045445748,0.0,0.0,1.0,0.0,2.0
3876.0,add_rz,7.952650045445747,1913.0,13.0,7.952650045445748,0.0,0.0,0.0,1.0,2.0
3877.0,delete,7.952650045445748,1913.0,13.0,7.952650045445748,0.0,0.0,0.0,0.0,1.0
3878.0,swap_cx,7.789984187021045,1913.0,13.0,7.952650045445748,0.0,0.0,0.0,0.0,2.0
3879.0,swap_rx,7.91660112166289,1913.0,13.0,7.952650045445748,0.0,1.0,0.0,0.0,1.0
3880.0,swap_ry,7.8745185393867345,1913.0,13.0,7.952650045445748,0.0,0.0,1.0,0.0,1.0
3881.0,swap_rz,7.952650045445748,1913.0,13.0,7.952650045445748,0.0,0.0,0.0,1.0,1.0
3881.0,stop,7.8085108747139405,1914.0,9.0,7.808510874713936,1.0,0.0,0.0,0.0,0.0
3882.0,change_0,7.850317217710306,1915.0,12.0,7.833489608132716,0.0,0.0,1.0,0.0,0.0
3883.0,stop,7.833489608132716,1915.0,11.0,7.833489608132716,0.0,0.0,1.0,0.0,0.0
3884.0,add_cx,7.441445190665592,1915.0,12.0,7.833489608132716,0.0,0.0,1.0,0.0,1.0
3885.0,add_rx,7.7902182368077995,1915.0,12.0,7.833489608132716,0.0,1.0,1.0,0.0,0.0
3886.0,add_ry,7.678651226539305,1915.0,12.0,7.833489608132716,0.0,0.0,2.0,0.0,0.0
3887.0,add_rz,7.833489608132716,1915.0,12.0,7.833489608132716,0.0,0.0,1.0,1.0,0.0
3888.0,delete,7.952650045445748,1915.0,12.0,7.833489608132716,0.0,0.0,0.0,0.0,0.0
3889.0,swap_cx,7.952650045445748,1915.0,12.0,7.833489608132716,0.0,0.0,0.0,0.0,1.0
3890.0,swap_rx,7.911418702876322,1915.0,12.0,7.833489608132716,0.0,1.0,0.0,0.0,0.0
3891.0,swap_ry,7.790474365462904,1915.0,12.0,7.833489608132716,0.0,0.0,1.0,0.0,0.0
3892.0,swap_rz,7.952650045445749,1915.0,12.0,7.833489608132716,0.0,0.0,0.0,1.0,0.0
3893.0,change_2,7.824995034599563,1916.0,10.0,7.824995034599562,2.0,0.0,0.0,1.0,0.0
3894.0,stop,7.824995034599562,1916.0,9.0,7.824995034599562,2.0,0.0,0.0,1.0,0.0
3895.0,add_cx,7.824995034599562,1916.0,10.0,7.824995034599562,2.0,0.0,0.0,1.0,1.0
3896.0,add_rx,7.812964223385174,1916.0,10.0,7.824995034599562,2.0,1.0,0.0,1.0,0.0
3897.0,add_ry,7.755097182868869,1916.0,10.0,7.824995034599562,2.0,0.0,1.0,1.0,0.0
3898.0,add_rz,7.824995034599561,1916.0,10.0,7.824995034599562,2.0,0.0,0.0,2.0,0.0
3899.0,delete,7.913237338760614,1916.0,10.0,7.824995034599562,1.0,0.0,0.0,1.0,0.0
3900.0,swap_cx,7.8085108747139405,1916.0,10.0,7.824995034599562,1.0,0.0,0.0,1.0,1.0
3901.0,swap_rx,7.78970461191351,1916.0,10.0,7.824995034599562,1.0,1.0,0.0,1.0,0.0
3902.0,swap_ry,7.793698019864265,1916.0,10.0,7.824995034599562,1.0,0.0,1.0,1.0,0.0
3903.0,swap_rz,7.913237338760613,1916.0,10.0,7.824995034599562,1.0,0.0,0.0,2.0,0.0
3903.0,stop,7.900441781231026,1917.0,9.0,7.900441781231026,1.0,1.0,0.0,0.0,0.0
3904.0,change_0,7.894352116951911,1918.0,11.0,7.8986535662310295,1.0,1.0,0.0,0.0,0.0
3905.0,stop,7.8986535662310295,1918.0,10.0,7.8986535662310295,1.0,1.0,0.0,0.0,0.0
3906.0,add_cx,7.8986535662310295,1918.0,11.0,7.8986535662310295,1.0,1.0,0.0,0.0,1.0
3907.0,add_rx,7.666691465490787,1918.0,11.0,7.8986535662310295,1.0,2.0,0.0,0.0,0.0
3908.0,add_ry,7.649617117692706,1918.0,11.0,7.8986535662310295,1.0,1.0,1.0,0.0,0.0
3909.0,add_rz,7.898653566231031,1918.0,11.0,7.8986535662310295,1.0,1.0,0.0,1.0,0.0
3910.0,delete,7.928828218731897,1918.0,11.0,7.8986535662310295,0.0,1.0,0.0,0.0,0.0
3911.0,swap_cx,7.928828218731897,1918.0,11.0,7.8986535662310295,0.0,1.0,0.0,0.0,1.0
3912.0,swap_rx,7.414394419865759,1918.0,11.0,7.8986535662310295,0.0,2.0,0.0,0.0,0.0
3913.0,swap_ry,7.898117879283826,1918.0,11.0,7.8986535662310295,0.0,1.0,1.0,0.0,0.0
3914.0,swap_rz,7.913237338760614,1918.0,11.0,7.8986535662310295,1.0,0.0,0.0,1.0,0.0
3914.0,stop,7.952650045445748,1919.0,11.0,7.952650045445749,0.0,0.0,0.0,0.0,0.0
3914.0,stop,7.952650045445747,1920.0,10.0,7.952650045445749,0.0,0.0,0.0,1.0,0.0
3915.0,stop,7.952650045445748,1921.0,12.0,7.952650045445748,0.0,0.0,0.0,0.0,1.0
3916.0,add_cx,7.952650045445748,1921.0,13.0,7.952650045445748,0.0,0.0,0.0,0.0,2.0
3917.0,add_rx,7.945907395584177,1921.0,13.0,7.952650045445748,0.0,1.0,0.0,0.0,1.0
3918.0,add_ry,7.875351267299683,1921.0,13.0,7.952650045445748,0.0,0.0,1.0,0.0,1.0
3919.0,add_rz,7.952650045445749,1921.0,13.0,7.952650045445748,0.0,0.0,0.0,1.0,1.0
3920.0,delete,7.952650045445748,1921.0,13.0,7.952650045445748,0.0,0.0,0.0,0.0,0.0
3921.0,swap_cx,7.952650045445748,1921.0,13.0,7.952650045445748,0.0,0.0,0.0,0.0,1.0
3922.0,swap_rx,7.437453022976918,1921.0,13.0,7.952650045445748,0.0,1.0,0.0,0.0,0.0
3923.0,swap_ry,7.677252132644537,1921.0,13.0,7.952650045445748,0.0,0.0,1.0,0.0,0.0
3924.0,swap_rz,7.952650045445747,1921.0,13.0,7.952650045445748,0.0,0.0,0.0,1.0,0.0
3925.0,change_0,7.952650045445747,1922.0,13.0,7.952650045445749,0.0,0.0,0.0,1.0,0.0
3926.0,stop,7.952650045445749,1922.0,12.0,7.952650045445749,0.0,0.0,0.0,1.0,0.0
3927.0,add_cx,7.952650045445749,1922.0,13.0,7.952650045445749,0.0,0.0,0.0,1.0,1.0
3928.0,add_rx,7.911664612640694,1922.0,13.0,7.952650045445749,0.0,1.0,0.0,1.0,0.0
3929.0,add_ry,7.9387133641689545,1922.0,13.0,7.952650045445749,0.0,0.0,1.0,1.0,0.0
3930.0,add_rz,7.952650045445749,1922.0,13.0,7.952650045445749,0.0,0.0,0.0,2.0,0.0
3931.0,delete,7.952650045445748,1922.0,13.0,7.952650045445749,0.0,0.0,0.0,0.0,0.0
3932.0,swap_cx,7.952650045445748,1922.0,13.0,7.952650045445749,0.0,0.0,0.0,0.0,1.0
3933.0,swap_rx,7.6518136341663645,1922.0,13.0,7.952650045445749,0.0,1.0,0.0,0.0,0.0
3934.0,swap_ry,7.807315411776007,1922.0,13.0,7.952650045445749,0.0,0.0,1.0,0.0,0.0
3935.0,swap_rz,7.952650045445748,1922.0,13.0,7.952650045445749,0.0,0.0,0.0,1.0,0.0
3935.0,stop,7.8085108747139405,1923.0,9.0,7.808510874713936,1.0,0.0,0.0,0.0,0.0
3935.0,stop,7.952650045445748,1924.0,11.0,7.952650045445748,0.0,0.0,0.0,0.0,1.0
3935.0,stop,7.952650045445748,1925.0,11.0,7.952650045445748,0.0,0.0,0.0,0.0,1.0
3935.0,stop,7.952650045445748,1926.0,11.0,7.952650045445748,0.0,0.0,0.0,0.0,1.0
3935.0,stop,7.952650045445748,1927.0,11.0,7.952650045445748,0.0,0.0,0.0,0.0,1.0
3935.0,stop,7.952650045445748,1928.0,11.0,7.952650045445748,0.0,0.0,0.0,0.0,1.0
3935.0,stop,7.952650045445748,1929.0,11.0,7.952650045445748,0.0,0.0,0.0,0.0,1.0
3935.0,stop,7.952650045445748,1930.0,11.0,7.952650045445748,0.0,0.0,0.0,0.0,1.0
3935.0,stop,7.952650045445748,1931.0,11.0,7.952650045445748,0.0,0.0,0.0,0.0,1.0
3936.0,stop,7.952650045445748,1932.0,12.0,7.952650045445748,0.0,0.0,0.0,0.0,2.0
3937.0,add_cx,7.952650045445748,1932.0,13.0,7.952650045445748,0.0,0.0,0.0,0.0,3.0
3938.0,add_rx,7.908097174992751,1932.0,13.0,7.952650045445748,0.0,1.0,0.0,0.0,2.0
3939.0,add_ry,7.91548245775933,1932.0,13.0,7.952650045445748,0.0,0.0,1.0,0.0,2.0
3940.0,add_rz,7.952650045445747,1932.0,13.0,7.952650045445748,0.0,0.0,0.0,1.0,2.0
3941.0,delete,7.952650045445748,1932.0,13.0,7.952650045445748,0.0,0.0,0.0,0.0,1.0
3942.0,swap_cx,7.873824632075483,1932.0,13.0,7.952650045445748,0.0,0.0,0.0,0.0,2.0
3943.0,swap_rx,7.681546545897667,1932.0,13.0,7.952650045445748,0.0,1.0,0.0,0.0,1.0
3944.0,swap_ry,7.947876735481817,1932.0,13.0,7.952650045445748,0.0,0.0,1.0,0.0,1.0
3945.0,swap_rz,7.952650045445748,1932.0,13.0,7.952650045445748,0.0,0.0,0.0,1.0,1.0
3946.0,change_0,7.952650045445747,1933.0,13.0,7.952650045445749,0.0,0.0,0.0,1.0,0.0
3947.0,stop,7.952650045445749,1933.0,12.0,7.952650045445749,0.0,0.0,0.0,1.0,0.0
3948.0,add_cx,7.952650045445749,1933.0,13.0,7.952650045445749,0.0,0.0,0.0,1.0,1.0
3949.0,add_rx,7.832069724547407,1933.0,13.0,7.952650045445749,0.0,1.0,0.0,1.0,0.0
3950.0,add_ry,7.6712274105964005,1933.0,13.0,7.952650045445749,0.0,0.0,1.0,1.0,0.0
3951.0,add_rz,7.952650045445749,1933.0,13.0,7.952650045445749,0.0,0.0,0.0,2.0,0.0
3952.0,delete,7.952650045445748,1933.0,13.0,7.952650045445749,0.0,0.0,0.0,0.0,0.0
3953.0,swap_cx,7.952650045445748,1933.0,13.0,7.952650045445749,0.0,0.0,0.0,0.0,1.0
3954.0,swap_rx,7.862130527295641,1933.0,13.0,7.952650045445749,0.0,1.0,0.0,0.0,0.0
3955.0,swap_ry,7.442234999754667,1933.0,13.0,7.952650045445749,0.0,0.0,1.0,0.0,0.0
3956.0,swap_rz,7.952650045445749,1933.0,13.0,7.952650045445749,0.0,0.0,0.0,1.0,0.0
3957.0,change_0,7.952650045445748,1934.0,13.0,7.952650045445749,0.0,0.0,0.0,1.0,0.0
3958.0,stop,7.952650045445749,1934.0,12.0,7.952650045445749,0.0,0.0,0.0,1.0,0.0
3959.0,add_cx,7.952650045445749,1934.0,13.0,7.952650045445749,0.0,0.0,0.0,1.0,1.0
3960.0,add_rx,7.398238965456254,1934.0,13.0,7.952650045445749,0.0,1.0,0.0,1.0,0.0
3961.0,add_ry,7.885695755373134,1934.0,13.0,7.952650045445749,0.0,0.0,1.0,1.0,0.0
3962.0,add_rz,7.952650045445749,1934.0,13.0,7.952650045445749,0.0,0.0,0.0,2.0,0.0
3963.0,delete,7.952650045445748,1934.0,13.0,7.952650045445749,0.0,0.0,0.0,0.0,0.0
3964.0,swap_cx,7.664371703982135,1934.0,13.0,7.952650045445749,0.0,0.0,0.0,0.0,1.0
3965.0,swap_rx,7.791463676860672,1934.0,13.0,7.952650045445749,0.0,1.0,0.0,0.0,0.0
3966.0,swap_ry,7.901554854495035,1934.0,13.0,7.952650045445749,0.0,0.0,1.0,0.0,0.0
3967.0,swap_rz,7.952650045445748,1934.0,13.0,7.952650045445749,0.0,0.0,0.0,1.0,0.0
3967.0,stop,7.708892893002407,1935.0,10.0,7.708892893002407,0.0,1.0,0.0,0.0,0.0
3968.0,change_0,7.766993335244118,1936.0,12.0,7.767157978869531,0.0,2.0,0.0,0.0,0.0
3969.0,change_1,7.769726337424782,1936.0,12.0,7.767157978869531,0.0,2.0,0.0,0.0,0.0
3970.0,stop,7.767157978869531,1936.0,11.0,7.767157978869531,0.0,2.0,0.0,0.0,0.0
3971.0,add_cx,7.767157978869531,1936.0,12.0,7.767157978869531,0.0,2.0,0.0,0.0,1.0
3972.0,add_rx,7.757300227195017,1936.0,12.0,7.767157978869531,0.0,3.0,0.0,0.0,0.0
3973.0,add_ry,7.679158602133727,1936.0,12.0,7.767157978869531,0.0,2.0,1.0,0.0,0.0
3974.0,add_rz,7.767157978869531,1936.0,12.0,7.767157978869531,0.0,2.0,0.0,1.0,0.0
3975.0,delete,7.708892893002407,1936.0,12.0,7.767157978869531,0.0,1.0,0.0,0.0,0.0
3976.0,swap_cx,7.708892893002407,1936.0,12.0,7.767157978869531,0.0,1.0,0.0,0.0,1.0
3977.0,swap_rx,7.322934796871464,1936.0,12.0,7.767157978869531,0.0,2.0,0.0,0.0,0.0
3978.0,swap_ry,7.101291712782946,1936.0,12.0,7.767157978869531,0.0,1.0,1.0,0.0,0.0
3979.0,swap_rz,7.7088928930024085,1936.0,12.0,7.767157978869531,0.0,1.0,0.0,1.0,0.0
3979.0,stop,7.7888918396875635,1937.0,8.0,7.788891839687562,2.0,0.0,0.0,0.0,0.0
3979.0,stop,7.950183823261377,1938.0,10.0,7.950183823261378,0.0,0.0,1.0,0.0,0.0
3979.0,stop,7.950183823261377,1939.0,10.0,7.950183823261378,0.0,0.0,1.0,0.0,0.0
3979.0,stop,7.950183823261377,1940.0,10.0,7.950183823261379,0.0,0.0,1.0,0.0,0.0
3979.0,stop,7.950183823261377,1941.0,10.0,7.950183823261379,0.0,0.0,1.0,0.0,0.0
3979.0,stop,7.950183823261377,1942.0,10.0,7.95018382326138,0.0,0.0,1.0,0.0,0.0
3979.0,stop,7.950183823261377,1943.0,10.0,7.95018382326138,0.0,0.0,1.0,0.0,0.0
3979.0,stop,7.950183823261377,1944.0,10.0,7.950183823261381,0.0,0.0,1.0,0.0,0.0
3979.0,stop,7.950183823261377,1945.0,10.0,7.950183823261381,0.0,0.0,1.0,0.0,0.0
3979.0,stop,7.950183823261377,1946.0,10.0,7.950183823261382,0.0,0.0,1.0,0.0,0.0
3979.0,stop,7.950183823261377,1947.0,10.0,7.950183823261382,0.0,0.0,1.0,0.0,0.0
3980.0,change_0,7.942497405927538,1948.0,12.0,7.943552041802056,0.0,0.0,1.0,0.0,0.0
3981.0,stop,7.943552041802056,1948.0,11.0,7.943552041802056,0.0,0.0,1.0,0.0,0.0
3982.0,add_cx,7.748268888169518,1948.0,12.0,7.943552041802056,0.0,0.0,1.0,0.0,1.0
3983.0,add_rx,7.866111357211832,1948.0,12.0,7.943552041802056,0.0,1.0,1.0,0.0,0.0
3984.0,add_ry,7.837200222115394,1948.0,12.0,7.943552041802056,0.0,0.0,2.0,0.0,0.0
3985.0,add_rz,7.9435520418020555,1948.0,12.0,7.943552041802056,0.0,0.0,1.0,1.0,0.0
3986.0,delete,7.952650045445748,1948.0,12.0,7.943552041802056,0.0,0.0,0.0,0.0,0.0
3987.0,swap_cx,7.952650045445748,1948.0,12.0,7.943552041802056,0.0,0.0,0.0,0.0,1.0
3988.0,swap_rx,7.874023765051292,1948.0,12.0,7.943552041802056,0.0,1.0,0.0,0.0,0.0
3989.0,swap_ry,7.879609824933294,1948.0,12.0,7.943552041802056,0.0,0.0,1.0,0.0,0.0
3990.0,swap_rz,7.952650045445748,1948.0,12.0,7.943552041802056,0.0,0.0,0.0,1.0,0.0
3990.0,stop,7.950183823261377,1949.0,10.0,7.950183823261382,0.0,0.0,1.0,0.0,0.0
3990.0,stop,7.950183823261377,1950.0,10.0,7.950183823261383,0.0,0.0,1.0,0.0,0.0
3990.0,stop,7.950183823261377,1951.0,10.0,7.950183823261383,0.0,0.0,1.0,0.0,0.0
3990.0,stop,7.950183823261377,1952.0,10.0,7.950183823261383,0.0,0.0,1.0,0.0,0.0
3990.0,stop,7.950183823261377,1953.0,10.0,7.9501838232613835,0.0,0.0,1.0,0.0,0.0
3990.0,stop,7.950183823261377,1954.0,10.0,7.9501838232613835,0.0,0.0,1.0,0.0,0.0
3990.0,stop,7.950183823261377,1955.0,10.0,7.9501838232613835,0.0,0.0,1.0,0.0,0.0
3990.0,stop,7.950183823261377,1956.0,10.0,7.950183823261384,0.0,0.0,1.0,0.0,0.0
3990.0,stop,7.950183823261377,1957.0,10.0,7.950183823261384,0.0,0.0,1.0,0.0,0.0
3990.0,stop,7.950183823261377,1958.0,10.0,7.950183823261384,0.0,0.0,1.0,0.0,0.0
3990.0,stop,7.950183823261377,1959.0,10.0,7.950183823261384,0.0,0.0,1.0,0.0,0.0
3990.0,stop,7.952650045445748,1960.0,11.0,7.952650045445749,0.0,0.0,0.0,0.0,0.0
3990.0,stop,7.950183823261377,1961.0,10.0,7.950183823261385,0.0,0.0,1.0,0.0,0.0
3990.0,stop,7.952650045445748,1962.0,11.0,7.952650045445749,0.0,0.0,0.0,0.0,0.0
3990.0,stop,7.950183823261377,1963.0,10.0,7.950183823261385,0.0,0.0,1.0,0.0,0.0
3990.0,stop,7.952650045445748,1964.0,11.0,7.952650045445749,0.0,0.0,0.0,0.0,0.0
3990.0,stop,7.950183823261377,1965.0,10.0,7.950183823261385,0.0,0.0,1.0,0.0,0.0
3990.0,stop,7.952650045445748,1966.0,11.0,7.95265004544575,0.0,0.0,0.0,0.0,0.0
3990.0,stop,7.952650045445748,1967.0,11.0,7.95265004544575,0.0,0.0,0.0,0.0,0.0
3990.0,stop,7.950183823261377,1968.0,10.0,7.950183823261385,0.0,0.0,1.0,0.0,0.0
3990.0,stop,7.952650045445748,1969.0,11.0,7.95265004544575,0.0,0.0,0.0,0.0,0.0
3990.0,stop,7.950183823261377,1970.0,10.0,7.950183823261386,0.0,0.0,1.0,0.0,0.0
3990.0,stop,7.952650045445748,1971.0,11.0,7.95265004544575,0.0,0.0,0.0,0.0,0.0
3990.0,stop,7.950183823261377,1972.0,10.0,7.950183823261386,0.0,0.0,1.0,0.0,0.0
3990.0,stop,7.952650045445748,1973.0,11.0,7.95265004544575,0.0,0.0,0.0,0.0,0.0
3990.0,stop,7.950183823261377,1974.0,10.0,7.950183823261386,0.0,0.0,1.0,0.0,0.0
3990.0,stop,7.952650045445748,1975.0,11.0,7.95265004544575,0.0,0.0,0.0,0.0,0.0
3990.0,stop,7.950183823261377,1976.0,10.0,7.950183823261386,0.0,0.0,1.0,0.0,0.0
3990.0,stop,7.952650045445748,1977.0,11.0,7.952650045445749,0.0,0.0,0.0,0.0,0.0
3990.0,stop,7.950183823261377,1978.0,10.0,7.950183823261385,0.0,0.0,1.0,0.0,0.0
3990.0,stop,7.952650045445748,1979.0,11.0,7.952650045445749,0.0,0.0,0.0,0.0,0.0
3990.0,stop,7.950183823261377,1980.0,10.0,7.950183823261385,0.0,0.0,1.0,0.0,0.0
3990.0,stop,7.952650045445748,1981.0,11.0,7.952650045445749,0.0,0.0,0.0,0.0,0.0
3990.0,stop,7.950183823261377,1982.0,10.0,7.950183823261384,0.0,0.0,1.0,0.0,0.0
3990.0,stop,7.950183823261377,1983.0,10.0,7.9501838232613835,0.0,0.0,1.0,0.0,0.0
3990.0,stop,7.952650045445748,1984.0,11.0,7.952650045445749,0.0,0.0,0.0,0.0,0.0
3990.0,stop,7.950183823261377,1985.0,10.0,7.9501838232613835,0.0,0.0,1.0,0.0,0.0
3990.0,stop,7.952650045445748,1986.0,11.0,7.952650045445749,0.0,0.0,0.0,0.0,0.0
3990.0,stop,7.950183823261377,1987.0,10.0,7.950183823261383,0.0,0.0,1.0,0.0,0.0
3990.0,stop,7.952650045445748,1988.0,11.0,7.95265004544575,0.0,0.0,0.0,0.0,0.0
3990.0,stop,7.950183823261377,1989.0,10.0,7.950183823261382,0.0,0.0,1.0,0.0,0.0
3990.0,stop,7.952650045445748,1990.0,11.0,7.95265004544575,0.0,0.0,0.0,0.0,0.0
3990.0,stop,7.950183823261377,1991.0,10.0,7.950183823261382,0.0,0.0,1.0,0.0,0.0
3990.0,stop,7.952650045445748,1992.0,11.0,7.95265004544575,0.0,0.0,0.0,0.0,0.0
3990.0,stop,7.950183823261377,1993.0,10.0,7.950183823261381,0.0,0.0,1.0,0.0,0.0
3990.0,stop,7.952650045445748,1994.0,11.0,7.95265004544575,0.0,0.0,0.0,0.0,0.0
3990.0,stop,7.950183823261377,1995.0,10.0,7.95018382326138,0.0,0.0,1.0,0.0,0.0
3990.0,stop,7.952650045445748,1996.0,11.0,7.95265004544575,0.0,0.0,0.0,0.0,0.0
3990.0,stop,7.950183823261377,1997.0,10.0,7.95018382326138,0.0,0.0,1.0,0.0,0.0
3991.0,change_0,7.783183304234603,1998.0,12.0,7.789056407945619,0.0,1.0,0.0,0.0,0.0
3992.0,stop,7.789056407945619,1998.0,11.0,7.789056407945619,0.0,1.0,0.0,0.0,0.0
3993.0,add_cx,7.789056407945619,1998.0,12.0,7.789056407945619,0.0,1.0,0.0,0.0,1.0
3994.0,add_rx,7.682430101457693,1998.0,12.0,7.789056407945619,0.0,2.0,0.0,0.0,0.0
3995.0,add_ry,7.729660603487031,1998.0,12.0,7.789056407945619,0.0,1.0,1.0,0.0,0.0
3996.0,add_rz,7.789056407945619,1998.0,12.0,7.789056407945619,0.0,1.0,0.0,1.0,0.0
3997.0,delete,7.952650045445748,1998.0,12.0,7.789056407945619,0.0,0.0,0.0,0.0,0.0
3998.0,swap_cx,7.952650045445748,1998.0,12.0,7.789056407945619,0.0,0.0,0.0,0.0,1.0
3999.0,swap_rx,7.677641435893127,1998.0,12.0,7.789056407945619,0.0,1.0,0.0,0.0,0.0
4000.0,swap_ry,7.816933128108442,1998.0,12.0,7.789056407945619,0.0,0.0,1.0,0.0,0.0
4001.0,swap_rz,7.952650045445748,1998.0,12.0,7.789056407945619,0.0,0.0,0.0,1.0,0.0
4001.0,stop,7.952650045445748,1999.0,11.0,7.95265004544575,0.0,0.0,0.0,0.0,0.0
4001.0,stop,7.945242889083908,2000.0,10.0,7.945242889083911,0.0,1.0,0.0,0.0,0.0
4001.0,stop,7.952650045445748,2001.0,11.0,7.95265004544575,0.0,0.0,0.0,0.0,0.0
4001.0,stop,7.945242889083908,2002.0,10.0,7.94524288908391,0.0,1.0,0.0,0.0,0.0
4001.0,stop,7.952650045445748,2003.0,11.0,7.95265004544575,0.0,0.0,0.0,0.0,0.0
4001.0,stop,7.945242889083908,2004.0,10.0,7.94524288908391,0.0,1.0,0.0,0.0,0.0
4001.0,stop,7.952650045445748,2005.0,11.0,7.95265004544575,0.0,0.0,0.0,0.0,0.0
4001.0,stop,7.945242889083908,2006.0,10.0,7.945242889083909,0.0,1.0,0.0,0.0,0.0
4001.0,stop,7.952650045445748,2007.0,11.0,7.95265004544575,0.0,0.0,0.0,0.0,0.0
4001.0,stop,7.945242889083908,2008.0,10.0,7.945242889083908,0.0,1.0,0.0,0.0,0.0
4001.0,stop,7.952650045445748,2009.0,11.0,7.95265004544575,0.0,0.0,0.0,0.0,0.0
4001.0,stop,7.945242889083908,2010.0,10.0,7.945242889083908,0.0,1.0,0.0,0.0,0.0
4001.0,stop,7.952650045445748,2011.0,11.0,7.952650045445749,0.0,0.0,0.0,0.0,0.0
4001.0,stop,7.945242889083908,2012.0,10.0,7.945242889083907,0.0,1.0,0.0,0.0,0.0
4001.0,stop,7.952650045445748,2013.0,11.0,7.952650045445749,0.0,0.0,0.0,0.0,0.0
4002.0,change_0,7.948183837915447,2014.0,12.0,7.946807235573892,0.0,1.0,0.0,0.0,0.0
4003.0,stop,7.946807235573892,2014.0,11.0,7.946807235573892,0.0,1.0,0.0,0.0,0.0
4004.0,add_cx,7.946807235573892,2014.0,12.0,7.946807235573892,0.0,1.0,0.0,0.0,1.0
4005.0,add_rx,7.925298261086868,2014.0,12.0,7.946807235573892,0.0,2.0,0.0,0.0,0.0
4006.0,add_ry,7.934906132008463,2014.0,12.0,7.946807235573892,0.0,1.0,1.0,0.0,0.0
4007.0,add_rz,7.946807235573892,2014.0,12.0,7.946807235573892,0.0,1.0,0.0,1.0,0.0
4008.0,delete,7.952650045445748,2014.0,12.0,7.946807235573892,0.0,0.0,0.0,0.0,0.0
4009.0,swap_cx,7.952650045445748,2014.0,12.0,7.946807235573892,0.0,0.0,0.0,0.0,1.0
4010.0,swap_rx,7.397636200172816,2014.0,12.0,7.946807235573892,0.0,1.0,0.0,0.0,0.0
4011.0,swap_ry,7.937764086049017,2014.0,12.0,7.946807235573892,0.0,0.0,1.0,0.0,0.0
4012.0,swap_rz,7.952650045445747,2014.0,12.0,7.946807235573892,0.0,0.0,0.0,1.0,0.0
4012.0,stop,7.952650045445749,2015.0,10.0,7.952650045445749,0.0,0.0,0.0,1.0,0.0
4012.0,stop,7.952650045445749,2016.0,10.0,7.952650045445748,0.0,0.0,0.0,1.0,0.0
4012.0,stop,7.952650045445749,2017.0,10.0,7.952650045445747,0.0,0.0,0.0,1.0,0.0
4012.0,stop,7.952650045445749,2018.0,10.0,7.952650045445746,0.0,0.0,0.0,1.0,0.0
4012.0,stop,7.952650045445749,2019.0,10.0,7.952650045445746,0.0,0.0,0.0,1.0,0.0
4012.0,stop,7.952650045445749,2020.0,10.0,7.952650045445745,0.0,0.0,0.0,1.0,0.0
4012.0,stop,7.952650045445749,2021.0,10.0,7.952650045445744,0.0,0.0,0.0,1.0,0.0
4012.0,stop,7.952650045445749,2022.0,10.0,7.952650045445743,0.0,0.0,0.0,1.0,0.0
4012.0,stop,7.952650045445749,2023.0,10.0,7.9526500454457425,0.0,0.0,0.0,1.0,0.0
4012.0,stop,7.952650045445749,2024.0,10.0,7.9526500454457425,0.0,0.0,0.0,1.0,0.0
4012.0,stop,7.952650045445749,2025.0,10.0,7.952650045445742,0.0,0.0,0.0,1.0,0.0
4012.0,stop,7.952650045445749,2026.0,10.0,7.952650045445741,0.0,0.0,0.0,1.0,0.0
4012.0,stop,7.952650045445748,2027.0,11.0,7.95265004544575,0.0,0.0,0.0,0.0,0.0
4012.0,stop,7.952650045445749,2028.0,10.0,7.952650045445741,0.0,0.0,0.0,1.0,0.0
4012.0,stop,7.952650045445748,2029.0,11.0,7.95265004544575,0.0,0.0,0.0,0.0,0.0
4012.0,stop,7.952650045445749,2030.0,10.0,7.95265004544574,0.0,0.0,0.0,1.0,0.0
4012.0,stop,7.952650045445748,2031.0,11.0,7.95265004544575,0.0,0.0,0.0,0.0,0.0
4012.0,stop,7.952650045445749,2032.0,10.0,7.952650045445739,0.0,0.0,0.0,1.0,0.0
4012.0,stop,7.952650045445748,2033.0,11.0,7.95265004544575,0.0,0.0,0.0,0.0,0.0
4012.0,stop,7.952650045445749,2034.0,10.0,7.952650045445739,0.0,0.0,0.0,1.0,0.0
4012.0,stop,7.952650045445748,2035.0,11.0,7.95265004544575,0.0,0.0,0.0,0.0,0.0
4012.0,stop,7.952650045445749,2036.0,10.0,7.952650045445738,0.0,0.0,0.0,1.0,0.0
4012.0,stop,7.952650045445748,2037.0,11.0,7.95265004544575,0.0,0.0,0.0,0.0,0.0
4012.0,stop,7.952650045445749,2038.0,10.0,7.952650045445737,0.0,0.0,0.0,1.0,0.0
4012.0,stop,7.952650045445748,2039.0,11.0,7.95265004544575,0.0,0.0,0.0,0.0,0.0
4012.0,stop,7.952650045445749,2040.0,10.0,7.952650045445737,0.0,0.0,0.0,1.0,0.0
4012.0,stop,7.952650045445749,2041.0,10.0,7.952650045445736,0.0,0.0,0.0,1.0,0.0
4012.0,stop,7.952650045445748,2042.0,11.0,7.95265004544575,0.0,0.0,0.0,0.0,0.0
4012.0,stop,7.952650045445749,2043.0,10.0,7.952650045445736,0.0,0.0,0.0,1.0,0.0
4012.0,stop,7.952650045445748,2044.0,11.0,7.95265004544575,0.0,0.0,0.0,0.0,0.0
4012.0,stop,7.952650045445749,2045.0,10.0,7.952650045445735,0.0,0.0,0.0,1.0,0.0
4012.0,stop,7.952650045445748,2046.0,11.0,7.952650045445749,0.0,0.0,0.0,0.0,0.0
4012.0,stop,7.952650045445749,2047.0,10.0,7.952650045445735,0.0,0.0,0.0,1.0,0.0
4012.0,stop,7.952650045445748,2048.0,11.0,7.952650045445749,0.0,0.0,0.0,0.0,0.0
4012.0,stop,7.952650045445749,2049.0,10.0,7.9526500454457345,0.0,0.0,0.0,1.0,0.0
4012.0,stop,7.952650045445748,2050.0,11.0,7.952650045445749,0.0,0.0,0.0,0.0,0.0
4012.0,stop,7.952650045445749,2051.0,10.0,7.9526500454457345,0.0,0.0,0.0,1.0,0.0
4012.0,stop,7.952650045445748,2052.0,11.0,7.952650045445749,0.0,0.0,0.0,0.0,0.0
4012.0,stop,7.952650045445749,2053.0,10.0,7.952650045445734,0.0,0.0,0.0,1.0,0.0
4012.0,stop,7.952650045445748,2054.0,11.0,7.952650045445749,0.0,0.0,0.0,0.0,0.0
4012.0,stop,7.952650045445749,2055.0,10.0,7.952650045445734,0.0,0.0,0.0,1.0,0.0
4012.0,stop,7.952650045445749,2056.0,10.0,7.952650045445733,0.0,0.0,0.0,1.0,0.0
4012.0,stop,7.952650045445748,2057.0,11.0,7.952650045445749,0.0,0.0,0.0,0.0,0.0
4012.0,stop,7.952650045445749,2058.0,10.0,7.952650045445733,0.0,0.0,0.0,1.0,0.0
4012.0,stop,7.952650045445748,2059.0,11.0,7.952650045445749,0.0,0.0,0.0,0.0,0.0
4012.0,stop,7.952650045445749,2060.0,10.0,7.952650045445732,0.0,0.0,0.0,1.0,0.0
4012.0,stop,7.952650045445748,2061.0,11.0,7.952650045445749,0.0,0.0,0.0,0.0,0.0
4012.0,stop,7.952650045445749,2062.0,10.0,7.952650045445732,0.0,0.0,0.0,1.0,0.0
4012.0,stop,7.952650045445748,2063.0,11.0,7.952650045445749,0.0,0.0,0.0,0.0,0.0
4012.0,stop,7.952650045445749,2064.0,10.0,7.952650045445731,0.0,0.0,0.0,1.0,0.0
4012.0,stop,7.952650045445748,2065.0,11.0,7.952650045445749,0.0,0.0,0.0,0.0,0.0
4012.0,stop,7.952650045445749,2066.0,10.0,7.952650045445731,0.0,0.0,0.0,1.0,0.0
4012.0,stop,7.952650045445748,2067.0,11.0,7.95265004544575,0.0,0.0,0.0,0.0,0.0
4012.0,stop,7.952650045445749,2068.0,10.0,7.95265004544573,0.0,0.0,0.0,1.0,0.0
4012.0,stop,7.952650045445748,2069.0,11.0,7.95265004544575,0.0,0.0,0.0,0.0,0.0
4012.0,stop,7.952650045445749,2070.0,10.0,7.95265004544573,0.0,0.0,0.0,1.0,0.0
4012.0,stop,7.952650045445748,2071.0,11.0,7.95265004544575,0.0,0.0,0.0,0.0,0.0
4012.0,stop,7.952650045445748,2072.0,11.0,7.95265004544575,0.0,0.0,0.0,0.0,0.0
4012.0,stop,7.952650045445748,2073.0,11.0,7.95265004544575,0.0,0.0,0.0,0.0,0.0
4012.0,stop,7.952650045445748,2074.0,11.0,7.95265004544575,0.0,0.0,0.0,0.0,0.0
4013.0,change_0,7.841667325352121,2075.0,12.0,7.854335207782995,0.0,0.0,1.0,0.0,0.0
4014.0,stop,7.854335207782995,2075.0,11.0,7.854335207782995,0.0,0.0,1.0,0.0,0.0
4015.0,add_cx,7.502417645486734,2075.0,12.0,7.854335207782995,0.0,0.0,1.0,0.0,1.0
4016.0,add_rx,7.201927757426761,2075.0,12.0,7.854335207782995,0.0,1.0,1.0,0.0,0.0
4017.0,add_ry,7.736605189104085,2075.0,12.0,7.854335207782995,0.0,0.0,2.0,0.0,0.0
4018.0,add_rz,7.854335207782996,2075.0,12.0,7.854335207782995,0.0,0.0,1.0,1.0,0.0
4019.0,delete,7.952650045445748,2075.0,12.0,7.854335207782995,0.0,0.0,0.0,0.0,0.0
4020.0,swap_cx,7.952650045445748,2075.0,12.0,7.854335207782995,0.0,0.0,0.0,0.0,1.0
4021.0,swap_rx,7.940791576829953,2075.0,12.0,7.854335207782995,0.0,1.0,0.0,0.0,0.0
4022.0,swap_ry,7.9407325654687675,2075.0,12.0,7.854335207782995,0.0,0.0,1.0,0.0,0.0
4023.0,swap_rz,7.952650045445749,2075.0,12.0,7.854335207782995,0.0,0.0,0.0,1.0,0.0
4023.0,stop,7.945242889083908,2076.0,10.0,7.945242889083906,0.0,1.0,0.0,0.0,0.0
4023.0,stop,7.952650045445748,2077.0,11.0,7.952650045445749,0.0,0.0,0.0,0.0,0.0
4023.0,stop,7.952650045445748,2078.0,11.0,7.952650045445749,0.0,0.0,0.0,0.0,0.0
4023.0,stop,7.945242889083908,2079.0,10.0,7.945242889083906,0.0,1.0,0.0,0.0,0.0
4023.0,stop,7.952650045445748,2080.0,11.0,7.952650045445749,0.0,0.0,0.0,0.0,0.0
4023.0,stop,7.945242889083908,2081.0,10.0,7.9452428890839055,0.0,1.0,0.0,0.0,0.0
4023.0,stop,7.952650045445748,2082.0,11.0,7.95265004544575,0.0,0.0,0.0,0.0,0.0
4023.0,stop,7.945242889083908,2083.0,10.0,7.9452428890839055,0.0,1.0,0.0,0.0,0.0
4023.0,stop,7.952650045445748,2084.0,11.0,7.95265004544575,0.0,0.0,0.0,0.0,0.0
4023.0,stop,7.945242889083908,2085.0,10.0,7.945242889083905,0.0,1.0,0.0,0.0,0.0
4023.0,stop,7.952650045445748,2086.0,11.0,7.95265004544575,0.0,0.0,0.0,0.0,0.0
4023.0,stop,7.945242889083908,2087.0,10.0,7.945242889083905,0.0,1.0,0.0,0.0,0.0
4024.0,change_0,7.952650045445747,2088.0,13.0,7.952650045445748,0.0,0.0,0.0,1.0,0.0
4025.0,stop,7.952650045445748,2088.0,12.0,7.952650045445748,0.0,0.0,0.0,1.0,0.0
4026.0,add_cx,7.789984187020972,2088.0,13.0,7.952650045445748,0.0,0.0,0.0,1.0,1.0
4027.0,add_rx,7.858241242676042,2088.0,13.0,7.952650045445748,0.0,1.0,0.0,1.0,0.0
4028.0,add_ry,7.862666399925026,2088.0,13.0,7.952650045445748,0.0,0.0,1.0,1.0,0.0
4029.0,add_rz,7.952650045445748,2088.0,13.0,7.952650045445748,0.0,0.0,0.0,2.0,0.0
4030.0,delete,7.952650045445748,2088.0,13.0,7.952650045445748,0.0,0.0,0.0,0.0,0.0
4031.0,swap_cx,7.952650045445748,2088.0,13.0,7.952650045445748,0.0,0.0,0.0,0.0,1.0
4032.0,swap_rx,7.734989676827333,2088.0,13.0,7.952650045445748,0.0,1.0,0.0,0.0,0.0
4033.0,swap_ry,7.896666891264587,2088.0,13.0,7.952650045445748,0.0,0.0,1.0,0.0,0.0
4034.0,swap_rz,7.952650045445748,2088.0,13.0,7.952650045445748,0.0,0.0,0.0,1.0,0.0
4034.0,stop,7.952650045445748,2089.0,10.0,7.952650045445732,0.0,0.0,0.0,0.0,1.0
4034.0,stop,7.952650045445748,2090.0,10.0,7.952650045445732,0.0,0.0,0.0,0.0,1.0
4034.0,stop,7.952650045445748,2091.0,10.0,7.952650045445731,0.0,0.0,0.0,0.0,1.0
4034.0,stop,7.952650045445748,2092.0,10.0,7.952650045445731,0.0,0.0,0.0,0.0,1.0
4034.0,stop,7.952650045445748,2093.0,10.0,7.95265004544573,0.0,0.0,0.0,0.0,1.0
4034.0,stop,7.952650045445748,2094.0,10.0,7.95265004544573,0.0,0.0,0.0,0.0,1.0
4034.0,stop,7.952650045445748,2095.0,11.0,7.95265004544575,0.0,0.0,0.0,0.0,0.0
4034.0,stop,7.952650045445748,2096.0,11.0,7.95265004544575,0.0,0.0,0.0,0.0,0.0
4034.0,stop,7.952650045445748,2097.0,11.0,7.95265004544575,0.0,0.0,0.0,0.0,0.0
4034.0,stop,7.952650045445748,2098.0,11.0,7.95265004544575,0.0,0.0,0.0,0.0,0.0
4034.0,stop,7.952650045445748,2099.0,11.0,7.952650045445749,0.0,0.0,0.0,0.0,0.0
4034.0,stop,7.952650045445748,2100.0,11.0,7.952650045445749,0.0,0.0,0.0,0.0,0.0
4034.0,stop,7.952650045445748,2101.0,11.0,7.952650045445749,0.0,0.0,0.0,0.0,0.0
4034.0,stop,7.952650045445748,2102.0,11.0,7.952650045445749,0.0,0.0,0.0,0.0,0.0
4034.0,stop,7.952650045445748,2103.0,11.0,7.952650045445749,0.0,0.0,0.0,0.0,0.0
4034.0,stop,7.952650045445748,2104.0,11.0,7.952650045445749,0.0,0.0,0.0,0.0,0.0
4034.0,stop,7.952650045445748,2105.0,11.0,7.952650045445749,0.0,0.0,0.0,0.0,0.0
4034.0,stop,7.952650045445748,2106.0,11.0,7.952650045445749,0.0,0.0,0.0,0.0,0.0
4034.0,stop,7.952650045445748,2107.0,11.0,7.952650045445749,0.0,0.0,0.0,0.0,0.0
4034.0,stop,7.952650045445748,2108.0,11.0,7.952650045445749,0.0,0.0,0.0,0.0,0.0
4035.0,change_0,7.952650045445749,2109.0,13.0,7.952650045445749,0.0,0.0,0.0,1.0,0.0
4036.0,stop,7.952650045445749,2109.0,12.0,7.952650045445749,0.0,0.0,0.0,1.0,0.0
4037.0,add_cx,7.952650045445749,2109.0,13.0,7.952650045445749,0.0,0.0,0.0,1.0,1.0
4038.0,add_rx,7.952537049614169,2109.0,13.0,7.952650045445749,0.0,1.0,0.0,1.0,0.0
4039.0,add_ry,7.914223628234804,2109.0,13.0,7.952650045445749,0.0,0.0,1.0,1.0,0.0
4040.0,add_rz,7.95265004544575,2109.0,13.0,7.952650045445749,0.0,0.0,0.0,2.0,0.0
4041.0,delete,7.952650045445748,2109.0,13.0,7.952650045445749,0.0,0.0,0.0,0.0,0.0
4042.0,swap_cx,7.952650045445748,2109.0,13.0,7.952650045445749,0.0,0.0,0.0,0.0,1.0
4043.0,swap_rx,7.811594926308722,2109.0,13.0,7.952650045445749,0.0,1.0,0.0,0.0,0.0
4044.0,swap_ry,7.726910550346567,2109.0,13.0,7.952650045445749,0.0,0.0,1.0,0.0,0.0
4045.0,swap_rz,7.952650045445747,2109.0,13.0,7.952650045445749,0.0,0.0,0.0,1.0,0.0
4045.0,stop,7.945242889083908,2110.0,10.0,7.945242889083904,0.0,1.0,0.0,0.0,0.0
4045.0,stop,7.945242889083908,2111.0,10.0,7.945242889083904,0.0,1.0,0.0,0.0,0.0
4045.0,stop,7.945242889083908,2112.0,10.0,7.945242889083904,0.0,1.0,0.0,0.0,0.0
4045.0,stop,7.945242889083908,2113.0,10.0,7.945242889083903,0.0,1.0,0.0,0.0,0.0
4045.0,stop,7.945242889083908,2114.0,10.0,7.945242889083903,0.0,1.0,0.0,0.0,0.0
4045.0,stop,7.945242889083908,2115.0,10.0,7.945242889083902,0.0,1.0,0.0,0.0,0.0
4045.0,stop,7.945242889083908,2116.0,10.0,7.945242889083902,0.0,1.0,0.0,0.0,0.0
4046.0,stop,7.873824632075483,2117.0,11.0,7.873824632075483,0.0,0.0,0.0,0.0,1.0
4047.0,add_cx,7.455268049153554,2117.0,12.0,7.873824632075483,0.0,0.0,0.0,0.0,2.0
4048.0,add_rx,7.098316503540175,2117.0,12.0,7.873824632075483,0.0,1.0,0.0,0.0,1.0
4049.0,add_ry,7.509323231522015,2117.0,12.0,7.873824632075483,0.0,0.0,1.0,0.0,1.0
4050.0,add_rz,7.873824632075483,2117.0,12.0,7.873824632075483,0.0,0.0,0.0,1.0,1.0
4051.0,delete,7.952650045445748,2117.0,12.0,7.873824632075483,0.0,0.0,0.0,0.0,0.0
4052.0,swap_cx,7.952650045445748,2117.0,12.0,7.873824632075483,0.0,0.0,0.0,0.0,1.0
4053.0,swap_rx,7.951261624836227,2117.0,12.0,7.873824632075483,0.0,1.0,0.0,0.0,0.0
4054.0,swap_ry,7.909750486131351,2117.0,12.0,7.873824632075483,0.0,0.0,1.0,0.0,0.0
4055.0,swap_rz,7.952650045445748,2117.0,12.0,7.873824632075483,0.0,0.0,0.0,1.0,0.0
4056.0,add_cx,7.397040644518791,2118.0,11.0,7.887019651342694,0.0,0.0,0.0,0.0,1.0
4056.0,stop,7.952650045445748,2119.0,11.0,7.95265004544575,0.0,0.0,0.0,0.0,0.0
4056.0,stop,7.952650045445748,2120.0,11.0,7.95265004544575,0.0,0.0,0.0,0.0,0.0
4056.0,stop,7.952650045445748,2121.0,11.0,7.95265004544575,0.0,0.0,0.0,0.0,0.0
4056.0,stop,7.952650045445748,2122.0,11.0,7.95265004544575,0.0,0.0,0.0,0.0,0.0
4056.0,stop,7.952650045445748,2123.0,11.0,7.95265004544575,0.0,0.0,0.0,0.0,0.0
4056.0,stop,7.952650045445748,2124.0,11.0,7.95265004544575,0.0,0.0,0.0,0.0,0.0
4056.0,stop,7.952650045445748,2125.0,11.0,7.95265004544575,0.0,0.0,0.0,0.0,0.0
4056.0,stop,7.952650045445748,2126.0,11.0,7.95265004544575,0.0,0.0,0.0,0.0,0.0
4056.0,stop,7.952650045445748,2127.0,11.0,7.95265004544575,0.0,0.0,0.0,0.0,0.0
4056.0,stop,7.952650045445748,2128.0,11.0,7.95265004544575,0.0,0.0,0.0,0.0,0.0
4056.0,stop,7.952650045445748,2129.0,11.0,7.95265004544575,0.0,0.0,0.0,0.0,0.0
4056.0,stop,7.952650045445748,2130.0,11.0,7.95265004544575,0.0,0.0,0.0,0.0,0.0
4056.0,stop,7.952650045445748,2131.0,11.0,7.95265004544575,0.0,0.0,0.0,0.0,0.0
4056.0,stop,7.952650045445748,2132.0,11.0,7.95265004544575,0.0,0.0,0.0,0.0,0.0
4056.0,stop,7.952650045445748,2133.0,11.0,7.95265004544575,0.0,0.0,0.0,0.0,0.0
4056.0,stop,7.952650045445748,2134.0,11.0,7.95265004544575,0.0,0.0,0.0,0.0,0.0
4056.0,stop,7.952650045445748,2135.0,11.0,7.95265004544575,0.0,0.0,0.0,0.0,0.0
4056.0,stop,7.952650045445748,2136.0,11.0,7.95265004544575,0.0,0.0,0.0,0.0,0.0
4056.0,stop,7.952650045445748,2137.0,11.0,7.95265004544575,0.0,0.0,0.0,0.0,0.0
4056.0,stop,7.952650045445748,2138.0,11.0,7.95265004544575,0.0,0.0,0.0,0.0,0.0
4056.0,stop,7.952650045445748,2139.0,11.0,7.95265004544575,0.0,0.0,0.0,0.0,0.0
4056.0,stop,7.952650045445748,2140.0,11.0,7.95265004544575,0.0,0.0,0.0,0.0,0.0
4056.0,stop,7.952650045445748,2141.0,11.0,7.95265004544575,0.0,0.0,0.0,0.0,0.0
4056.0,stop,7.952650045445748,2142.0,11.0,7.952650045445749,0.0,0.0,0.0,0.0,0.0
4056.0,stop,7.952650045445748,2143.0,11.0,7.952650045445748,0.0,0.0,0.0,0.0,0.0
4056.0,stop,7.952650045445748,2144.0,11.0,7.952650045445747,0.0,0.0,0.0,0.0,0.0
4056.0,stop,7.952650045445748,2145.0,11.0,7.952650045445746,0.0,0.0,0.0,0.0,0.0
4056.0,stop,7.952650045445748,2146.0,11.0,7.952650045445746,0.0,0.0,0.0,0.0,0.0
4056.0,stop,7.952650045445748,2147.0,11.0,7.952650045445745,0.0,0.0,0.0,0.0,0.0
4056.0,stop,7.952650045445748,2148.0,11.0,7.952650045445744,0.0,0.0,0.0,0.0,0.0
4056.0,stop,7.952650045445748,2149.0,11.0,7.952650045445743,0.0,0.0,0.0,0.0,0.0
4056.0,stop,7.952650045445748,2150.0,11.0,7.9526500454457425,0.0,0.0,0.0,0.0,0.0
4056.0,stop,7.952650045445748,2151.0,11.0,7.9526500454457425,0.0,0.0,0.0,0.0,0.0
4056.0,stop,7.952650045445748,2152.0,11.0,7.952650045445742,0.0,0.0,0.0,0.0,0.0
4056.0,stop,7.952650045445748,2153.0,11.0,7.952650045445741,0.0,0.0,0.0,0.0,0.0
4056.0,stop,7.952650045445748,2154.0,11.0,7.952650045445741,0.0,0.0,0.0,0.0,0.0
4057.0,stop,7.952650045445748,2155.0,12.0,7.952650045445748,0.0,0.0,0.0,0.0,0.0
4058.0,add_cx,7.952650045445748,2155.0,13.0,7.952650045445748,0.0,0.0,0.0,0.0,1.0
4059.0,add_rx,7.790537964914015,2155.0,13.0,7.952650045445748,0.0,1.0,0.0,0.0,0.0
4060.0,add_ry,7.637009712189701,2155.0,13.0,7.952650045445748,0.0,0.0,1.0,0.0,0.0
4061.0,add_rz,7.952650045445749,2155.0,13.0,7.952650045445748,0.0,0.0,0.0,1.0,0.0
4061.0,stop,7.952650045445748,2156.0,11.0,7.95265004544575,0.0,0.0,0.0,0.0,0.0
4061.0,stop,7.950183823261377,2157.0,10.0,7.950183823261379,0.0,0.0,1.0,0.0,0.0
4061.0,stop,7.952650045445748,2158.0,11.0,7.95265004544575,0.0,0.0,0.0,0.0,0.0
4061.0,stop,7.950183823261377,2159.0,10.0,7.950183823261379,0.0,0.0,1.0,0.0,0.0
4061.0,stop,7.952650045445748,2160.0,11.0,7.95265004544575,0.0,0.0,0.0,0.0,0.0
4061.0,stop,7.950183823261377,2161.0,10.0,7.950183823261378,0.0,0.0,1.0,0.0,0.0
4061.0,stop,7.952650045445748,2162.0,11.0,7.95265004544575,0.0,0.0,0.0,0.0,0.0
4061.0,stop,7.950183823261377,2163.0,10.0,7.950183823261378,0.0,0.0,1.0,0.0,0.0
4061.0,stop,7.952650045445748,2164.0,11.0,7.95265004544575,0.0,0.0,0.0,0.0,0.0
4061.0,stop,7.950183823261377,2165.0,10.0,7.950183823261377,0.0,0.0,1.0,0.0,0.0
4061.0,stop,7.952650045445748,2166.0,11.0,7.95265004544575,0.0,0.0,0.0,0.0,0.0
4061.0,stop,7.950183823261377,2167.0,10.0,7.950183823261377,0.0,0.0,1.0,0.0,0.0
4061.0,stop,7.952650045445748,2168.0,11.0,7.952650045445749,0.0,0.0,0.0,0.0,0.0
4061.0,stop,7.950183823261377,2169.0,10.0,7.950183823261376,0.0,0.0,1.0,0.0,0.0
4061.0,stop,7.952650045445748,2170.0,11.0,7.952650045445749,0.0,0.0,0.0,0.0,0.0
4061.0,stop,7.950183823261377,2171.0,10.0,7.950183823261376,0.0,0.0,1.0,0.0,0.0
4061.0,stop,7.952650045445748,2172.0,11.0,7.952650045445749,0.0,0.0,0.0,0.0,0.0
4061.0,stop,7.950183823261377,2173.0,10.0,7.9501838232613755,0.0,0.0,1.0,0.0,0.0
4061.0,stop,7.952650045445748,2174.0,11.0,7.952650045445749,0.0,0.0,0.0,0.0,0.0
4061.0,stop,7.950183823261377,2175.0,10.0,7.9501838232613755,0.0,0.0,1.0,0.0,0.0
4061.0,stop,7.952650045445748,2176.0,11.0,7.952650045445749,0.0,0.0,0.0,0.0,0.0
4062.0,change_0,7.949564462049157,2177.0,12.0,7.9496431892037585,0.0,0.0,1.0,0.0,0.0
4063.0,stop,7.9496431892037585,2177.0,11.0,7.9496431892037585,0.0,0.0,1.0,0.0,0.0
4064.0,add_cx,7.934237229696224,2177.0,12.0,7.9496431892037585,0.0,0.0,1.0,0.0,1.0
4065.0,add_rx,7.742358869212572,2177.0,12.0,7.9496431892037585,0.0,1.0,1.0,0.0,0.0
4066.0,add_ry,7.774266992091706,2177.0,12.0,7.9496431892037585,0.0,0.0,2.0,0.0,0.0
4067.0,add_rz,7.9496431892037585,2177.0,12.0,7.9496431892037585,0.0,0.0,1.0,1.0,0.0
4068.0,delete,7.952650045445748,2177.0,12.0,7.9496431892037585,0.0,0.0,0.0,0.0,0.0
4069.0,swap_cx,7.952650045445748,2177.0,12.0,7.9496431892037585,0.0,0.0,0.0,0.0,1.0
4070.0,swap_rx,7.811442985451345,2177.0,12.0,7.9496431892037585,0.0,1.0,0.0,0.0,0.0
4071.0,swap_ry,7.792869572518402,2177.0,12.0,7.9496431892037585,0.0,0.0,1.0,0.0,0.0
4072.0,swap_rz,7.952650045445747,2177.0,12.0,7.9496431892037585,0.0,0.0,0.0,1.0,0.0
4072.0,stop,7.952650045445748,2178.0,11.0,7.95265004544574,0.0,0.0,0.0,0.0,0.0
4072.0,stop,7.952650045445748,2179.0,11.0,7.952650045445739,0.0,0.0,0.0,0.0,0.0
4072.0,stop,7.952650045445748,2180.0,11.0,7.952650045445739,0.0,0.0,0.0,0.0,0.0
4072.0,stop,7.952650045445748,2181.0,11.0,7.952650045445738,0.0,0.0,0.0,0.0,0.0
4072.0,stop,7.952650045445748,2182.0,11.0,7.952650045445737,0.0,0.0,0.0,0.0,0.0
4072.0,stop,7.952650045445748,2183.0,11.0,7.952650045445737,0.0,0.0,0.0,0.0,0.0
4072.0,stop,7.952650045445748,2184.0,11.0,7.952650045445736,0.0,0.0,0.0,0.0,0.0
4072.0,stop,7.952650045445748,2185.0,11.0,7.952650045445736,0.0,0.0,0.0,0.0,0.0
4072.0,stop,7.952650045445748,2186.0,11.0,7.952650045445735,0.0,0.0,0.0,0.0,0.0
4072.0,stop,7.952650045445748,2187.0,11.0,7.952650045445735,0.0,0.0,0.0,0.0,0.0
4072.0,stop,7.952650045445748,2188.0,11.0,7.9526500454457345,0.0,0.0,0.0,0.0,0.0
4072.0,stop,7.952650045445748,2189.0,11.0,7.9526500454457345,0.0,0.0,0.0,0.0,0.0
4072.0,stop,7.952650045445748,2190.0,11.0,7.952650045445734,0.0,0.0,0.0,0.0,0.0
4072.0,stop,7.952650045445748,2191.0,11.0,7.952650045445734,0.0,0.0,0.0,0.0,0.0
4072.0,stop,7.952650045445748,2192.0,11.0,7.952650045445733,0.0,0.0,0.0,0.0,0.0
4072.0,stop,7.952650045445748,2193.0,11.0,7.952650045445733,0.0,0.0,0.0,0.0,0.0
4072.0,stop,7.952650045445748,2194.0,11.0,7.952650045445732,0.0,0.0,0.0,0.0,0.0
4072.0,stop,7.952650045445748,2195.0,11.0,7.952650045445732,0.0,0.0,0.0,0.0,0.0
4072.0,stop,7.952650045445748,2196.0,11.0,7.952650045445731,0.0,0.0,0.0,0.0,0.0
4072.0,stop,7.952650045445748,2197.0,11.0,7.952650045445731,0.0,0.0,0.0,0.0,0.0
4072.0,stop,7.952650045445748,2198.0,11.0,7.95265004544573,0.0,0.0,0.0,0.0,0.0
4072.0,stop,7.952650045445748,2199.0,11.0,7.95265004544573,0.0,0.0,0.0,0.0,0.0
4073.0,change_0,7.921464200657058,2200.0,13.0,7.939234956194765,0.0,1.0,0.0,0.0,0.0
4074.0,stop,7.939234956194765,2200.0,12.0,7.939234956194765,0.0,1.0,0.0,0.0,0.0
4075.0,add_cx,7.939234956194765,2200.0,13.0,7.939234956194765,0.0,1.0,0.0,0.0,1.0
4076.0,add_rx,7.857179031046869,2200.0,13.0,7.939234956194765,0.0,2.0,0.0,0.0,0.0
4077.0,add_ry,7.872104609553091,2200.0,13.0,7.939234956194765,0.0,1.0,1.0,0.0,0.0
4078.0,add_rz,7.939234956194763,2200.0,13.0,7.939234956194765,0.0,1.0,0.0,1.0,0.0
4079.0,delete,7.952650045445748,2200.0,13.0,7.939234956194765,0.0,0.0,0.0,0.0,0.0
4080.0,swap_cx,7.789984187020972,2200.0,13.0,7.939234956194765,0.0,0.0,0.0,0.0,1.0
4081.0,swap_rx,7.880628684861326,2200.0,13.0,7.939234956194765,0.0,1.0,0.0,0.0,0.0
4082.0,swap_ry,7.792041921991128,2200.0,13.0,7.939234956194765,0.0,0.0,1.0,0.0,0.0
4083.0,swap_rz,7.952650045445747,2200.0,13.0,7.939234956194765,0.0,0.0,0.0,1.0,0.0
4083.0,stop,7.952650045445748,2201.0,11.0,7.95265004544575,0.0,0.0,0.0,0.0,0.0
4083.0,stop,7.952650045445748,2202.0,11.0,7.95265004544575,0.0,0.0,0.0,0.0,0.0
4083.0,stop,7.952650045445748,2203.0,11.0,7.95265004544575,0.0,0.0,0.0,0.0,0.0
4083.0,stop,7.952650045445748,2204.0,11.0,7.95265004544575,0.0,0.0,0.0,0.0,0.0
4084.0,change_0,7.893526039164618,2205.0,13.0,7.901344073091428,0.0,1.0,0.0,0.0,0.0
4085.0,stop,7.901344073091428,2205.0,12.0,7.901344073091428,0.0,1.0,0.0,0.0,0.0
4086.0,add_cx,7.901344073091428,2205.0,13.0,7.901344073091428,0.0,1.0,0.0,0.0,1.0
4087.0,add_rx,7.9007428649517335,2205.0,13.0,7.901344073091428,0.0,2.0,0.0,0.0,0.0
4088.0,add_ry,7.710593614490423,2205.0,13.0,7.901344073091428,0.0,1.0,1.0,0.0,0.0
4089.0,add_rz,7.901344073091428,2205.0,13.0,7.901344073091428,0.0,1.0,0.0,1.0,0.0
4090.0,delete,7.952650045445748,2205.0,13.0,7.901344073091428,0.0,0.0,0.0,0.0,0.0
4091.0,swap_cx,7.952650045445748,2205.0,13.0,7.901344073091428,0.0,0.0,0.0,0.0,1.0
4092.0,swap_rx,7.898361928621426,2205.0,13.0,7.901344073091428,0.0,1.0,0.0,0.0,0.0
4093.0,swap_ry,7.8827170448716695,2205.0,13.0,7.901344073091428,0.0,0.0,1.0,0.0,0.0
4094.0,swap_rz,7.952650045445749,2205.0,13.0,7.901344073091428,0.0,0.0,0.0,1.0,0.0
4094.0,stop,7.950183823261377,2206.0,10.0,7.950183823261375,0.0,0.0,1.0,0.0,0.0
4094.0,stop,7.952650045445748,2207.0,11.0,7.952650045445749,0.0,0.0,0.0,0.0,0.0
4094.0,stop,7.950183823261377,2208.0,10.0,7.950183823261375,0.0,0.0,1.0,0.0,0.0
4094.0,stop,7.952650045445748,2209.0,11.0,7.952650045445749,0.0,0.0,0.0,0.0,0.0
4094.0,stop,7.950183823261377,2210.0,10.0,7.950183823261374,0.0,0.0,1.0,0.0,0.0
4094.0,stop,7.952650045445748,2211.0,11.0,7.952650045445749,0.0,0.0,0.0,0.0,0.0
4094.0,stop,7.950183823261377,2212.0,10.0,7.950183823261374,0.0,0.0,1.0,0.0,0.0
4094.0,stop,7.952650045445748,2213.0,11.0,7.952650045445749,0.0,0.0,0.0,0.0,0.0
4094.0,stop,7.950183823261377,2214.0,10.0,7.950183823261374,0.0,0.0,1.0,0.0,0.0
4094.0,stop,7.952650045445748,2215.0,11.0,7.952650045445749,0.0,0.0,0.0,0.0,0.0
4094.0,stop,7.950183823261377,2216.0,10.0,7.950183823261373,0.0,0.0,1.0,0.0,0.0
4094.0,stop,7.952650045445748,2217.0,11.0,7.95265004544575,0.0,0.0,0.0,0.0,0.0
4094.0,stop,7.950183823261377,2218.0,10.0,7.950183823261373,0.0,0.0,1.0,0.0,0.0
4094.0,stop,7.952650045445748,2219.0,11.0,7.95265004544575,0.0,0.0,0.0,0.0,0.0
4094.0,stop,7.950183823261377,2220.0,10.0,7.950183823261372,0.0,0.0,1.0,0.0,0.0
4094.0,stop,7.952650045445748,2221.0,11.0,7.95265004544575,0.0,0.0,0.0,0.0,0.0
4094.0,stop,7.950183823261377,2222.0,10.0,7.950183823261372,0.0,0.0,1.0,0.0,0.0
4094.0,stop,7.952650045445748,2223.0,11.0,7.95265004544575,0.0,0.0,0.0,0.0,0.0
4094.0,stop,7.950183823261377,2224.0,10.0,7.950183823261372,0.0,0.0,1.0,0.0,0.0
4094.0,stop,7.950183823261377,2225.0,10.0,7.950183823261371,0.0,0.0,1.0,0.0,0.0
4094.0,stop,7.952650045445748,2226.0,11.0,7.95265004544575,0.0,0.0,0.0,0.0,0.0
4094.0,stop,7.950183823261377,2227.0,10.0,7.950183823261371,0.0,0.0,1.0,0.0,0.0
4094.0,stop,7.952650045445748,2228.0,11.0,7.95265004544575,0.0,0.0,0.0,0.0,0.0
4094.0,stop,7.950183823261377,2229.0,10.0,7.950183823261371,0.0,0.0,1.0,0.0,0.0
4094.0,stop,7.952650045445748,2230.0,11.0,7.95265004544575,0.0,0.0,0.0,0.0,0.0
4094.0,stop,7.950183823261377,2231.0,10.0,7.95018382326137,0.0,0.0,1.0,0.0,0.0
4094.0,stop,7.952650045445748,2232.0,11.0,7.95265004544575,0.0,0.0,0.0,0.0,0.0
4094.0,stop,7.952650045445748,2233.0,11.0,7.95265004544575,0.0,0.0,0.0,0.0,0.0
4094.0,stop,7.952650045445748,2234.0,11.0,7.95265004544575,0.0,0.0,0.0,0.0,0.0
4095.0,change_0,7.61679879032442,2235.0,12.0,7.621796615826257,0.0,0.0,2.0,0.0,0.0
4096.0,change_1,7.682568726537459,2235.0,12.0,7.621796615826257,0.0,0.0,2.0,0.0,0.0
4097.0,stop,7.621796615826257,2235.0,11.0,7.621796615826257,0.0,0.0,2.0,0.0,0.0
4098.0,add_cx,7.621796615826257,2235.0,12.0,7.621796615826257,0.0,0.0,2.0,0.0,1.0
4099.0,add_rx,7.304096584540688,2235.0,12.0,7.621796615826257,0.0,1.0,2.0,0.0,0.0
4100.0,add_ry,7.599033019023598,2235.0,12.0,7.621796615826257,0.0,0.0,3.0,0.0,0.0
4101.0,add_rz,7.62179661582626,2235.0,12.0,7.621796615826257,0.0,0.0,2.0,1.0,0.0
4102.0,delete,7.628209736473231,2235.0,12.0,7.621796615826257,0.0,0.0,1.0,0.0,0.0
4103.0,swap_cx,7.93625280823447,2235.0,12.0,7.621796615826257,0.0,0.0,1.0,0.0,1.0
4104.0,swap_rx,7.8723058879569185,2235.0,12.0,7.621796615826257,0.0,1.0,1.0,0.0,0.0
4105.0,swap_ry,7.471865598300674,2235.0,12.0,7.621796615826257,0.0,0.0,2.0,0.0,0.0
4106.0,swap_rz,7.628209736473229,2235.0,12.0,7.621796615826257,0.0,0.0,1.0,1.0,0.0
4107.0,stop,7.952650045445748,2236.0,12.0,7.952650045445748,0.0,0.0,0.0,0.0,0.0
4108.0,add_cx,7.952650045445748,2236.0,13.0,7.952650045445748,0.0,0.0,0.0,0.0,1.0
4109.0,add_rx,7.902113951532417,2236.0,13.0,7.952650045445748,0.0,1.0,0.0,0.0,0.0
4110.0,add_ry,7.79817370799629,2236.0,13.0,7.952650045445748,0.0,0.0,1.0,0.0,0.0
4111.0,add_rz,7.952650045445748,2236.0,13.0,7.952650045445748,0.0,0.0,0.0,1.0,0.0
4112.0,stop,7.952650045445748,2237.0,12.0,7.952650045445748,0.0,0.0,0.0,0.0,0.0
4113.0,add_cx,7.952650045445748,2237.0,13.0,7.952650045445748,0.0,0.0,0.0,0.0,1.0
4114.0,add_rx,7.944840351488455,2237.0,13.0,7.952650045445748,0.0,1.0,0.0,0.0,0.0
4115.0,add_ry,7.874734028400639,2237.0,13.0,7.952650045445748,0.0,0.0,1.0,0.0,0.0
4116.0,add_rz,7.952650045445747,2237.0,13.0,7.952650045445748,0.0,0.0,0.0,1.0,0.0
4117.0,change_0,7.880055536178579,2238.0,13.0,7.870973170050048,0.0,1.0,0.0,0.0,0.0
4118.0,stop,7.870973170050048,2238.0,12.0,7.870973170050048,0.0,1.0,0.0,0.0,0.0
4119.0,add_cx,7.870973170050048,2238.0,13.0,7.870973170050048,0.0,1.0,0.0,0.0,1.0
4120.0,add_rx,7.861711962621622,2238.0,13.0,7.870973170050048,0.0,2.0,0.0,0.0,0.0
4121.0,add_ry,7.696743241983725,2238.0,13.0,7.870973170050048,0.0,1.0,1.0,0.0,0.0
4122.0,add_rz,7.870973170050048,2238.0,13.0,7.870973170050048,0.0,1.0,0.0,1.0,0.0
4123.0,delete,7.952650045445748,2238.0,13.0,7.870973170050048,0.0,0.0,0.0,0.0,0.0
4124.0,swap_cx,7.789984187021045,2238.0,13.0,7.870973170050048,0.0,0.0,0.0,0.0,1.0
4125.0,swap_rx,7.806564110808019,2238.0,13.0,7.870973170050048,0.0,1.0,0.0,0.0,0.0
4126.0,swap_ry,7.790430423164878,2238.0,13.0,7.870973170050048,0.0,0.0,1.0,0.0,0.0
4127.0,swap_rz,7.952650045445747,2238.0,13.0,7.870973170050048,0.0,0.0,0.0,1.0,0.0
4128.0,change_0,7.952650045445749,2239.0,13.0,7.952650045445749,0.0,0.0,0.0,1.0,0.0
4129.0,stop,7.952650045445749,2239.0,12.0,7.952650045445749,0.0,0.0,0.0,1.0,0.0
4130.0,add_cx,7.397040644518791,2239.0,13.0,7.952650045445749,0.0,0.0,0.0,1.0,1.0
4131.0,add_rx,7.817532418583595,2239.0,13.0,7.952650045445749,0.0,1.0,0.0,1.0,0.0
4132.0,add_ry,7.930570938152702,2239.0,13.0,7.952650045445749,0.0,0.0,1.0,1.0,0.0
4133.0,add_rz,7.952650045445749,2239.0,13.0,7.952650045445749,0.0,0.0,0.0,2.0,0.0
4134.0,delete,7.952650045445748,2239.0,13.0,7.952650045445749,0.0,0.0,0.0,0.0,0.0
4135.0,swap_cx,7.952650045445748,2239.0,13.0,7.952650045445749,0.0,0.0,0.0,0.0,1.0
4136.0,swap_rx,7.952084519633099,2239.0,13.0,7.952650045445749,0.0,1.0,0.0,0.0,0.0
4137.0,swap_ry,7.802101414207734,2239.0,13.0,7.952650045445749,0.0,0.0,1.0,0.0,0.0
4138.0,swap_rz,7.952650045445747,2239.0,13.0,7.952650045445749,0.0,0.0,0.0,1.0,0.0
4139.0,stop,7.952650045445748,2240.0,12.0,7.952650045445748,0.0,0.0,0.0,0.0,0.0
4140.0,add_cx,7.789984187021045,2240.0,13.0,7.952650045445748,0.0,0.0,0.0,0.0,1.0
4141.0,add_rx,7.9474657458910825,2240.0,13.0,7.952650045445748,0.0,1.0,0.0,0.0,0.0
4142.0,add_ry,7.676941710866763,2240.0,13.0,7.952650045445748,0.0,0.0,1.0,0.0,0.0
4143.0,add_rz,7.952650045445747,2240.0,13.0,7.952650045445748,0.0,0.0,0.0,1.0,0.0
4144.0,change_0,7.952650045445748,2241.0,11.0,7.897996875104405,0.0,0.0,0.0,1.0,0.0
4145.0,change_0,7.952650045445748,2242.0,12.0,7.952650045445748,0.0,0.0,0.0,1.0,0.0
4146.0,stop,7.952650045445748,2242.0,11.0,7.952650045445748,0.0,0.0,0.0,1.0,0.0
4147.0,add_cx,7.873824632075483,2242.0,12.0,7.952650045445748,0.0,0.0,0.0,1.0,1.0
4148.0,add_rx,7.948099572200992,2242.0,12.0,7.952650045445748,0.0,1.0,0.0,1.0,0.0
4149.0,add_ry,7.930910095936452,2242.0,12.0,7.952650045445748,0.0,0.0,1.0,1.0,0.0
4150.0,add_rz,7.952650045445747,2242.0,12.0,7.952650045445748,0.0,0.0,0.0,2.0,0.0
4151.0,delete,7.952650045445748,2242.0,12.0,7.952650045445748,0.0,0.0,0.0,0.0,0.0
4152.0,swap_cx,7.952650045445748,2242.0,12.0,7.952650045445748,0.0,0.0,0.0,0.0,1.0
4153.0,swap_rx,7.683191741744838,2242.0,12.0,7.952650045445748,0.0,1.0,0.0,0.0,0.0
4154.0,swap_ry,7.791246940795456,2242.0,12.0,7.952650045445748,0.0,0.0,1.0,0.0,0.0
4155.0,swap_rz,7.952650045445749,2242.0,12.0,7.952650045445748,0.0,0.0,0.0,1.0,0.0
4156.0,change_0,7.9419769972424445,2243.0,13.0,7.923265468296998,0.0,0.0,1.0,0.0,0.0
4157.0,stop,7.923265468296998,2243.0,12.0,7.923265468296998,0.0,0.0,1.0,0.0,0.0
4158.0,add_cx,7.923265468296998,2243.0,13.0,7.923265468296998,0.0,0.0,1.0,0.0,1.0
4159.0,add_rx,7.833044164007402,2243.0,13.0,7.923265468296998,0.0,1.0,1.0,0.0,0.0
4160.0,add_ry,7.746391110157636,2243.0,13.0,7.923265468296998,0.0,0.0,2.0,0.0,0.0
4161.0,add_rz,7.9232654682969965,2243.0,13.0,7.923265468296998,0.0,0.0,1.0,1.0,0.0
4162.0,delete,7.952650045445748,2243.0,13.0,7.923265468296998,0.0,0.0,0.0,0.0,0.0
4163.0,swap_cx,7.952650045445748,2243.0,13.0,7.923265468296998,0.0,0.0,0.0,0.0,1.0
4164.0,swap_rx,7.705115581798591,2243.0,13.0,7.923265468296998,0.0,1.0,0.0,0.0,0.0
4165.0,swap_ry,7.816090550455497,2243.0,13.0,7.923265468296998,0.0,0.0,1.0,0.0,0.0
4166.0,swap_rz,7.952650045445749,2243.0,13.0,7.923265468296998,0.0,0.0,0.0,1.0,0.0
4167.0,stop,7.397040644518791,2244.0,11.0,7.397040644518791,0.0,0.0,0.0,0.0,1.0
4168.0,add_cx,7.952650045445748,2244.0,12.0,7.397040644518791,0.0,0.0,0.0,0.0,2.0
4169.0,add_rx,7.4007342446356725,2244.0,12.0,7.397040644518791,0.0,1.0,0.0,0.0,1.0
4170.0,add_ry,6.969037409417257,2244.0,12.0,7.397040644518791,0.0,0.0,1.0,0.0,1.0
4171.0,add_rz,7.397040644518792,2244.0,12.0,7.397040644518791,0.0,0.0,0.0,1.0,1.0
4172.0,delete,7.952650045445748,2244.0,12.0,7.397040644518791,0.0,0.0,0.0,0.0,0.0
4173.0,swap_cx,7.952650045445748,2244.0,12.0,7.397040644518791,0.0,0.0,0.0,0.0,1.0
4174.0,swap_rx,7.944366492590022,2244.0,12.0,7.397040644518791,0.0,1.0,0.0,0.0,0.0
4175.0,swap_ry,7.9406941599078,2244.0,12.0,7.397040644518791,0.0,0.0,1.0,0.0,0.0
4176.0,swap_rz,7.952650045445748,2244.0,12.0,7.397040644518791,0.0,0.0,0.0,1.0,0.0
4177.0,change_2,7.824995034599561,2245.0,10.0,7.824995034599561,2.0,1.0,0.0,0.0,0.0
4178.0,stop,7.824995034599561,2245.0,9.0,7.824995034599561,2.0,1.0,0.0,0.0,0.0
4179.0,add_cx,7.824995034599561,2245.0,10.0,7.824995034599561,2.0,1.0,0.0,0.0,1.0
4180.0,add_rx,7.82499503459956,2245.0,10.0,7.824995034599561,2.0,2.0,0.0,0.0,0.0
4181.0,add_ry,7.403425758176893,2245.0,10.0,7.824995034599561,2.0,1.0,1.0,0.0,0.0
4182.0,add_rz,7.824995034599561,2245.0,10.0,7.824995034599561,2.0,1.0,0.0,1.0,0.0
4183.0,delete,7.913237338760613,2245.0,10.0,7.824995034599561,1.0,1.0,0.0,0.0,0.0
4184.0,swap_cx,7.913237338760613,2245.0,10.0,7.824995034599561,1.0,1.0,0.0,0.0,1.0
4185.0,swap_rx,7.7970424464404875,2245.0,10.0,7.824995034599561,1.0,2.0,0.0,0.0,0.0
4186.0,swap_ry,7.887752649118384,2245.0,10.0,7.824995034599561,1.0,1.0,1.0,0.0,0.0
4187.0,swap_rz,7.913237338760614,2245.0,10.0,7.824995034599561,1.0,1.0,0.0,1.0,0.0
4188.0,change_0,7.826585118723152,2246.0,12.0,7.826585118723152,0.0,1.0,0.0,1.0,0.0
4189.0,change_1,7.844498496523967,2246.0,12.0,7.826585118723152,0.0,1.0,0.0,1.0,0.0
4190.0,stop,7.826585118723152,2246.0,11.0,7.826585118723152,0.0,1.0,0.0,1.0,0.0
4191.0,add_cx,7.916049113743567,2246.0,12.0,7.826585118723152,0.0,1.0,0.0,1.0,1.0
4192.0,add_rx,7.7790922537251435,2246.0,12.0,7.826585118723152,0.0,2.0,0.0,1.0,0.0
4193.0,add_ry,7.570867750680068,2246.0,12.0,7.826585118723152,0.0,1.0,1.0,1.0,0.0
4194.0,add_rz,7.826585118723152,2246.0,12.0,7.826585118723152,0.0,1.0,0.0,2.0,0.0
4195.0,delete,7.952650045445749,2246.0,12.0,7.826585118723152,0.0,0.0,0.0,1.0,0.0
4196.0,swap_cx,7.826585118723152,2246.0,12.0,7.826585118723152,0.0,1.0,0.0,0.0,1.0
4197.0,swap_rx,7.880102916546226,2246.0,12.0,7.826585118723152,0.0,1.0,0.0,1.0,0.0
4198.0,swap_ry,7.759445833003911,2246.0,12.0,7.826585118723152,0.0,1.0,1.0,0.0,0.0
4199.0,swap_rz,7.826585118723152,2246.0,12.0,7.826585118723152,0.0,1.0,0.0,1.0,0.0
4199.0,stop,7.913237338760616,2247.0,9.0,7.913237338760616,1.0,0.0,0.0,1.0,0.0
4199.0,stop,7.913237338760616,2248.0,9.0,7.913237338760616,1.0,0.0,0.0,1.0,0.0
4199.0,stop,7.913237338760616,2249.0,9.0,7.913237338760616,1.0,0.0,0.0,1.0,0.0
4199.0,stop,7.913237338760616,2250.0,9.0,7.913237338760616,1.0,0.0,0.0,1.0,0.0
4200.0,change_0,7.95265004544575,2251.0,11.0,7.95265004544575,0.0,0.0,0.0,2.0,0.0
4201.0,change_1,7.952650045445749,2251.0,11.0,7.95265004544575,0.0,0.0,0.0,2.0,0.0
4202.0,stop,7.95265004544575,2251.0,10.0,7.95265004544575,0.0,0.0,0.0,2.0,0.0
4203.0,add_cx,7.789984187021047,2251.0,11.0,7.95265004544575,0.0,0.0,0.0,2.0,1.0
4204.0,add_rx,7.476372409533299,2251.0,11.0,7.95265004544575,0.0,1.0,0.0,2.0,0.0
4205.0,add_ry,7.8349624345103255,2251.0,11.0,7.95265004544575,0.0,0.0,1.0,2.0,0.0
4206.0,add_rz,7.952650045445751,2251.0,11.0,7.95265004544575,0.0,0.0,0.0,3.0,0.0
4207.0,delete,7.952650045445748,2251.0,11.0,7.95265004544575,0.0,0.0,0.0,1.0,0.0
4208.0,swap_cx,7.952650045445749,2251.0,11.0,7.95265004544575,0.0,0.0,0.0,1.0,1.0
4209.0,swap_rx,7.815652138611721,2251.0,11.0,7.95265004544575,0.0,1.0,0.0,1.0,0.0
4210.0,swap_ry,7.869223547868623,2251.0,11.0,7.95265004544575,0.0,0.0,1.0,1.0,0.0
4211.0,swap_rz,7.952650045445749,2251.0,11.0,7.95265004544575,0.0,0.0,0.0,2.0,0.0
4211.0,stop,7.887637205114037,2252.0,9.0,7.887637205114037,1.0,0.0,1.0,0.0,0.0
4212.0,change_0,7.880936893763862,2253.0,11.0,7.881129145203846,1.0,0.0,1.0,0.0,0.0
4213.0,stop,7.881129145203846,2253.0,10.0,7.881129145203846,1.0,0.0,1.0,0.0,0.0
4214.0,add_cx,7.106624499035532,2253.0,11.0,7.881129145203846,1.0,0.0,1.0,0.0,1.0
4215.0,add_rx,7.524591196886403,2253.0,11.0,7.881129145203846,1.0,1.0,1.0,0.0,0.0
4216.0,add_ry,7.869625033487381,2253.0,11.0,7.881129145203846,1.0,0.0,2.0,0.0,0.0
4217.0,add_rz,7.881129145203846,2253.0,11.0,7.881129145203846,1.0,0.0,1.0,1.0,0.0
4218.0,delete,7.913237338760615,2253.0,11.0,7.881129145203846,1.0,0.0,0.0,0.0,0.0
4219.0,swap_cx,7.335109624155766,2253.0,11.0,7.881129145203846,0.0,0.0,1.0,0.0,1.0
4220.0,swap_rx,7.797310637756695,2253.0,11.0,7.881129145203846,1.0,1.0,0.0,0.0,0.0
4221.0,swap_ry,7.506806443681704,2253.0,11.0,7.881129145203846,0.0,0.0,2.0,0.0,0.0
4222.0,swap_rz,7.936093964818927,2253.0,11.0,7.881129145203846,0.0,0.0,1.0,1.0,0.0
4222.0,stop,7.940370512122858,2254.0,11.0,7.940370512122858,0.0,0.0,1.0,0.0,0.0
4222.0,stop,7.952650045445748,2255.0,11.0,7.952650045445748,0.0,0.0,0.0,0.0,1.0
4223.0,change_0,7.933124643019235,2256.0,13.0,7.925942475807457,0.0,0.0,1.0,0.0,0.0
4224.0,stop,7.925942475807457,2256.0,12.0,7.925942475807457,0.0,0.0,1.0,0.0,0.0
4225.0,add_cx,7.667527185167488,2256.0,13.0,7.925942475807457,0.0,0.0,1.0,0.0,1.0
4226.0,add_rx,7.907828375984646,2256.0,13.0,7.925942475807457,0.0,1.0,1.0,0.0,0.0
4227.0,add_ry,7.9257035370089595,2256.0,13.0,7.925942475807457,0.0,0.0,2.0,0.0,0.0
4228.0,add_rz,7.925942475807456,2256.0,13.0,7.925942475807457,0.0,0.0,1.0,1.0,0.0
4229.0,delete,7.952650045445748,2256.0,13.0,7.925942475807457,0.0,0.0,0.0,0.0,0.0
4230.0,swap_cx,7.952650045445748,2256.0,13.0,7.925942475807457,0.0,0.0,0.0,0.0,1.0
4231.0,swap_rx,7.8773178701264515,2256.0,13.0,7.925942475807457,0.0,1.0,0.0,0.0,0.0
4232.0,swap_ry,7.794084550002897,2256.0,13.0,7.925942475807457,0.0,0.0,1.0,0.0,0.0
4233.0,swap_rz,7.952650045445747,2256.0,13.0,7.925942475807457,0.0,0.0,0.0,1.0,0.0
4234.0,add_rx,7.922388163949153,2257.0,12.0,7.897970212566751,0.0,1.0,0.0,0.0,0.0
4235.0,add_rx,7.465964302220321,2258.0,12.0,7.899848516519243,0.0,1.0,0.0,0.0,0.0
4235.0,stop,7.945242889083908,2259.0,10.0,7.945242889083902,0.0,1.0,0.0,0.0,0.0
4235.0,stop,7.945242889083908,2260.0,10.0,7.945242889083901,0.0,1.0,0.0,0.0,0.0
4235.0,stop,7.945242889083908,2261.0,10.0,7.945242889083901,0.0,1.0,0.0,0.0,0.0
4235.0,stop,7.945242889083908,2262.0,10.0,7.945242889083901,0.0,1.0,0.0,0.0,0.0
4235.0,stop,7.945242889083908,2263.0,10.0,7.945242889083901,0.0,1.0,0.0,0.0,0.0
4235.0,stop,7.945242889083908,2264.0,10.0,7.9452428890839,0.0,1.0,0.0,0.0,0.0
4235.0,stop,7.945242889083908,2265.0,10.0,7.9452428890839,0.0,1.0,0.0,0.0,0.0
4235.0,stop,7.945242889083908,2266.0,10.0,7.9452428890839,0.0,1.0,0.0,0.0,0.0
4235.0,stop,7.945242889083908,2267.0,10.0,7.945242889083899,0.0,1.0,0.0,0.0,0.0
4235.0,stop,7.945242889083908,2268.0,10.0,7.945242889083899,0.0,1.0,0.0,0.0,0.0
4235.0,stop,7.945242889083908,2269.0,10.0,7.945242889083899,0.0,1.0,0.0,0.0,0.0
4235.0,stop,7.945242889083908,2270.0,10.0,7.945242889083899,0.0,1.0,0.0,0.0,0.0
4235.0,stop,7.945242889083908,2271.0,10.0,7.9452428890839,0.0,1.0,0.0,0.0,0.0
4235.0,stop,7.945242889083908,2272.0,10.0,7.9452428890839,0.0,1.0,0.0,0.0,0.0
4235.0,stop,7.945242889083908,2273.0,10.0,7.945242889083901,0.0,1.0,0.0,0.0,0.0
4236.0,stop,7.952650045445748,2274.0,12.0,7.952650045445748,0.0,0.0,0.0,0.0,0.0
4237.0,add_cx,7.952650045445748,2274.0,13.0,7.952650045445748,0.0,0.0,0.0,0.0,1.0
4238.0,add_rx,7.8082804312524905,2274.0,13.0,7.952650045445748,0.0,1.0,0.0,0.0,0.0
4239.0,add_ry,7.942365907332808,2274.0,13.0,7.952650045445748,0.0,0.0,1.0,0.0,0.0
4240.0,add_rz,7.952650045445749,2274.0,13.0,7.952650045445748,0.0,0.0,0.0,1.0,0.0
4240.0,stop,7.945242889083908,2275.0,10.0,7.945242889083902,0.0,1.0,0.0,0.0,0.0
4240.0,stop,7.952650045445748,2276.0,11.0,7.95265004544575,0.0,0.0,0.0,0.0,0.0
4240.0,stop,7.945242889083908,2277.0,10.0,7.945242889083902,0.0,1.0,0.0,0.0,0.0
4240.0,stop,7.952650045445748,2278.0,11.0,7.95265004544575,0.0,0.0,0.0,0.0,0.0
4240.0,stop,7.945242889083908,2279.0,10.0,7.945242889083903,0.0,1.0,0.0,0.0,0.0
4240.0,stop,7.952650045445748,2280.0,11.0,7.95265004544575,0.0,0.0,0.0,0.0,0.0
4240.0,stop,7.945242889083908,2281.0,10.0,7.945242889083904,0.0,1.0,0.0,0.0,0.0
4240.0,stop,7.952650045445748,2282.0,11.0,7.95265004544575,0.0,0.0,0.0,0.0,0.0
4240.0,stop,7.945242889083908,2283.0,10.0,7.945242889083904,0.0,1.0,0.0,0.0,0.0
4240.0,stop,7.952650045445748,2284.0,11.0,7.95265004544575,0.0,0.0,0.0,0.0,0.0
4240.0,stop,7.945242889083908,2285.0,10.0,7.945242889083905,0.0,1.0,0.0,0.0,0.0
4240.0,stop,7.952650045445748,2286.0,11.0,7.95265004544575,0.0,0.0,0.0,0.0,0.0
4240.0,stop,7.945242889083908,2287.0,10.0,7.945242889083905,0.0,1.0,0.0,0.0,0.0
4240.0,stop,7.952650045445748,2288.0,11.0,7.95265004544575,0.0,0.0,0.0,0.0,0.0
4240.0,stop,7.945242889083908,2289.0,10.0,7.9452428890839055,0.0,1.0,0.0,0.0,0.0
4240.0,stop,7.952650045445748,2290.0,11.0,7.95265004544575,0.0,0.0,0.0,0.0,0.0
4240.0,stop,7.945242889083908,2291.0,10.0,7.9452428890839055,0.0,1.0,0.0,0.0,0.0
4240.0,stop,7.952650045445748,2292.0,11.0,7.952650045445749,0.0,0.0,0.0,0.0,0.0
4240.0,stop,7.945242889083908,2293.0,10.0,7.945242889083906,0.0,1.0,0.0,0.0,0.0
4240.0,stop,7.952650045445748,2294.0,11.0,7.952650045445749,0.0,0.0,0.0,0.0,0.0
4241.0,change_0,7.946714039120494,2295.0,11.0,7.904847385262714,0.0,1.0,0.0,0.0,0.0
4241.0,stop,7.945242889083908,2296.0,10.0,7.945242889083906,0.0,1.0,0.0,0.0,0.0
4241.0,stop,7.952650045445748,2297.0,11.0,7.952650045445749,0.0,0.0,0.0,0.0,0.0
4242.0,change_0,7.950572278711364,2298.0,12.0,7.946714039120494,0.0,1.0,0.0,0.0,0.0
4243.0,stop,7.946714039120494,2298.0,11.0,7.946714039120494,0.0,1.0,0.0,0.0,0.0
4244.0,add_cx,7.88670585400182,2298.0,12.0,7.946714039120494,0.0,1.0,0.0,0.0,1.0
4245.0,add_rx,7.910119434186143,2298.0,12.0,7.946714039120494,0.0,2.0,0.0,0.0,0.0
4246.0,add_ry,7.682945383409949,2298.0,12.0,7.946714039120494,0.0,1.0,1.0,0.0,0.0
4247.0,add_rz,7.946714039120494,2298.0,12.0,7.946714039120494,0.0,1.0,0.0,1.0,0.0
4248.0,delete,7.952650045445748,2298.0,12.0,7.946714039120494,0.0,0.0,0.0,0.0,0.0
4249.0,swap_cx,7.952650045445748,2298.0,12.0,7.946714039120494,0.0,0.0,0.0,0.0,1.0
4250.0,swap_rx,7.791876768756579,2298.0,12.0,7.946714039120494,0.0,1.0,0.0,0.0,0.0
4251.0,swap_ry,7.935237152497152,2298.0,12.0,7.946714039120494,0.0,0.0,1.0,0.0,0.0
4252.0,swap_rz,7.952650045445748,2298.0,12.0,7.946714039120494,0.0,0.0,0.0,1.0,0.0
4252.0,stop,7.952650045445748,2299.0,11.0,7.952650045445749,0.0,0.0,0.0,0.0,0.0
4252.0,stop,7.945242889083908,2300.0,10.0,7.945242889083907,0.0,1.0,0.0,0.0,0.0
4252.0,stop,7.952650045445748,2301.0,11.0,7.952650045445749,0.0,0.0,0.0,0.0,0.0
4252.0,stop,7.945242889083908,2302.0,10.0,7.945242889083907,0.0,1.0,0.0,0.0,0.0
4252.0,stop,7.952650045445748,2303.0,11.0,7.952650045445749,0.0,0.0,0.0,0.0,0.0
4252.0,stop,7.945242889083908,2304.0,10.0,7.945242889083908,0.0,1.0,0.0,0.0,0.0
4252.0,stop,7.952650045445748,2305.0,11.0,7.952650045445749,0.0,0.0,0.0,0.0,0.0
4252.0,stop,7.945242889083908,2306.0,10.0,7.945242889083908,0.0,1.0,0.0,0.0,0.0
4252.0,stop,7.952650045445748,2307.0,11.0,7.952650045445749,0.0,0.0,0.0,0.0,0.0
4252.0,stop,7.945242889083908,2308.0,10.0,7.945242889083909,0.0,1.0,0.0,0.0,0.0
4252.0,stop,7.952650045445748,2309.0,11.0,7.952650045445749,0.0,0.0,0.0,0.0,0.0
4252.0,stop,7.945242889083908,2310.0,10.0,7.945242889083909,0.0,1.0,0.0,0.0,0.0
4252.0,stop,7.952650045445748,2311.0,11.0,7.952650045445749,0.0,0.0,0.0,0.0,0.0
4252.0,stop,7.945242889083908,2312.0,10.0,7.94524288908391,0.0,1.0,0.0,0.0,0.0
4252.0,stop,7.952650045445748,2313.0,11.0,7.95265004544575,0.0,0.0,0.0,0.0,0.0
4252.0,stop,7.945242889083908,2314.0,10.0,7.94524288908391,0.0,1.0,0.0,0.0,0.0
4252.0,stop,7.952650045445748,2315.0,11.0,7.95265004544575,0.0,0.0,0.0,0.0,0.0
4252.0,stop,7.945242889083908,2316.0,10.0,7.945242889083911,0.0,1.0,0.0,0.0,0.0
4252.0,stop,7.952650045445748,2317.0,11.0,7.95265004544575,0.0,0.0,0.0,0.0,0.0
4252.0,stop,7.945242889083908,2318.0,10.0,7.945242889083911,0.0,1.0,0.0,0.0,0.0
4252.0,stop,7.952650045445748,2319.0,11.0,7.95265004544575,0.0,0.0,0.0,0.0,0.0
4252.0,stop,7.952650045445748,2320.0,11.0,7.95265004544575,0.0,0.0,0.0,0.0,0.0
4252.0,stop,7.945242889083908,2321.0,10.0,7.945242889083911,0.0,1.0,0.0,0.0,0.0
4252.0,stop,7.952650045445748,2322.0,11.0,7.95265004544575,0.0,0.0,0.0,0.0,0.0
4252.0,stop,7.945242889083908,2323.0,10.0,7.945242889083912,0.0,1.0,0.0,0.0,0.0
4252.0,stop,7.952650045445748,2324.0,11.0,7.95265004544575,0.0,0.0,0.0,0.0,0.0
4252.0,stop,7.945242889083908,2325.0,10.0,7.945242889083912,0.0,1.0,0.0,0.0,0.0
4252.0,stop,7.952650045445748,2326.0,11.0,7.95265004544575,0.0,0.0,0.0,0.0,0.0
4252.0,stop,7.945242889083908,2327.0,10.0,7.945242889083913,0.0,1.0,0.0,0.0,0.0
4252.0,stop,7.952650045445748,2328.0,11.0,7.95265004544575,0.0,0.0,0.0,0.0,0.0
4252.0,stop,7.945242889083908,2329.0,10.0,7.945242889083913,0.0,1.0,0.0,0.0,0.0
4252.0,stop,7.952650045445748,2330.0,11.0,7.95265004544575,0.0,0.0,0.0,0.0,0.0
4252.0,stop,7.945242889083908,2331.0,10.0,7.945242889083913,0.0,1.0,0.0,0.0,0.0
4252.0,stop,7.952650045445748,2332.0,11.0,7.95265004544575,0.0,0.0,0.0,0.0,0.0
4252.0,stop,7.945242889083908,2333.0,10.0,7.9452428890839135,0.0,1.0,0.0,0.0,0.0
4252.0,stop,7.952650045445748,2334.0,11.0,7.95265004544575,0.0,0.0,0.0,0.0,0.0
4252.0,stop,7.945242889083908,2335.0,10.0,7.9452428890839135,0.0,1.0,0.0,0.0,0.0
4253.0,change_0,7.952580922663274,2336.0,13.0,7.949706226190378,0.0,0.0,1.0,0.0,0.0
4254.0,stop,7.949706226190378,2336.0,12.0,7.949706226190378,0.0,0.0,1.0,0.0,0.0
4255.0,add_cx,7.788701466840166,2336.0,13.0,7.949706226190378,0.0,0.0,1.0,0.0,1.0
4256.0,add_rx,7.6932070339607055,2336.0,13.0,7.949706226190378,0.0,1.0,1.0,0.0,0.0
4257.0,add_ry,7.797956169392805,2336.0,13.0,7.949706226190378,0.0,0.0,2.0,0.0,0.0
4258.0,add_rz,7.949706226190378,2336.0,13.0,7.949706226190378,0.0,0.0,1.0,1.0,0.0
4259.0,delete,7.952650045445748,2336.0,13.0,7.949706226190378,0.0,0.0,0.0,0.0,0.0
4260.0,swap_cx,7.789984187020972,2336.0,13.0,7.949706226190378,0.0,0.0,0.0,0.0,1.0
4261.0,swap_rx,7.902789518484582,2336.0,13.0,7.949706226190378,0.0,1.0,0.0,0.0,0.0
4262.0,swap_ry,7.796213197238464,2336.0,13.0,7.949706226190378,0.0,0.0,1.0,0.0,0.0
4263.0,swap_rz,7.952650045445748,2336.0,13.0,7.949706226190378,0.0,0.0,0.0,1.0,0.0
4264.0,add_cx,7.952650045445748,2337.0,12.0,7.878556418696005,0.0,0.0,0.0,0.0,1.0
4265.0,add_cx,7.873824632075483,2338.0,12.0,7.884730887591817,0.0,0.0,0.0,0.0,1.0
4266.0,add_ry,7.94951101332511,2339.0,12.0,7.882802534432234,0.0,0.0,1.0,0.0,0.0
4267.0,add_ry,7.913508562372936,2340.0,12.0,7.887933955885533,0.0,0.0,1.0,0.0,0.0
4268.0,stop,7.952650045445748,2341.0,12.0,7.952650045445748,0.0,0.0,0.0,0.0,1.0
4269.0,add_cx,7.789984187020971,2341.0,13.0,7.952650045445748,0.0,0.0,0.0,0.0,2.0
4270.0,add_rx,7.676443577741216,2341.0,13.0,7.952650045445748,0.0,1.0,0.0,0.0,1.0
4271.0,add_ry,7.912080187428411,2341.0,13.0,7.952650045445748,0.0,0.0,1.0,0.0,1.0
4272.0,add_rz,7.952650045445748,2341.0,13.0,7.952650045445748,0.0,0.0,0.0,1.0,1.0
4273.0,delete,7.952650045445748,2341.0,13.0,7.952650045445748,0.0,0.0,0.0,0.0,0.0
4274.0,swap_cx,7.873824632075484,2341.0,13.0,7.952650045445748,0.0,0.0,0.0,0.0,1.0
4275.0,swap_rx,7.687300479080155,2341.0,13.0,7.952650045445748,0.0,1.0,0.0,0.0,0.0
4276.0,swap_ry,7.801152110501728,2341.0,13.0,7.952650045445748,0.0,0.0,1.0,0.0,0.0
4277.0,swap_rz,7.952650045445748,2341.0,13.0,7.952650045445748,0.0,0.0,0.0,1.0,0.0
4277.0,stop,7.952650045445748,2342.0,11.0,7.95265004544575,0.0,0.0,0.0,0.0,0.0
4277.0,stop,7.952650045445748,2343.0,11.0,7.95265004544575,0.0,0.0,0.0,0.0,0.0
4277.0,stop,7.952650045445748,2344.0,11.0,7.95265004544575,0.0,0.0,0.0,0.0,0.0
4277.0,stop,7.952650045445748,2345.0,11.0,7.95265004544575,0.0,0.0,0.0,0.0,0.0
4277.0,stop,7.952650045445748,2346.0,11.0,7.95265004544575,0.0,0.0,0.0,0.0,0.0
4277.0,stop,7.952650045445748,2347.0,11.0,7.95265004544575,0.0,0.0,0.0,0.0,0.0
4277.0,stop,7.952650045445748,2348.0,11.0,7.95265004544575,0.0,0.0,0.0,0.0,0.0
4277.0,stop,7.952650045445748,2349.0,11.0,7.95265004544575,0.0,0.0,0.0,0.0,0.0
4277.0,stop,7.952650045445748,2350.0,11.0,7.95265004544575,0.0,0.0,0.0,0.0,0.0
4277.0,stop,7.952650045445748,2351.0,11.0,7.95265004544575,0.0,0.0,0.0,0.0,0.0
4277.0,stop,7.952650045445748,2352.0,11.0,7.95265004544575,0.0,0.0,0.0,0.0,0.0
4277.0,stop,7.952650045445748,2353.0,11.0,7.95265004544575,0.0,0.0,0.0,0.0,0.0
4277.0,stop,7.952650045445748,2354.0,11.0,7.95265004544575,0.0,0.0,0.0,0.0,0.0
4277.0,stop,7.952650045445748,2355.0,11.0,7.952650045445749,0.0,0.0,0.0,0.0,0.0
4277.0,stop,7.952650045445748,2356.0,11.0,7.952650045445748,0.0,0.0,0.0,0.0,0.0
4277.0,stop,7.952650045445748,2357.0,11.0,7.952650045445747,0.0,0.0,0.0,0.0,0.0
4277.0,stop,7.952650045445748,2358.0,11.0,7.952650045445746,0.0,0.0,0.0,0.0,0.0
4277.0,stop,7.952650045445748,2359.0,11.0,7.952650045445746,0.0,0.0,0.0,0.0,0.0
4277.0,stop,7.952650045445748,2360.0,11.0,7.952650045445745,0.0,0.0,0.0,0.0,0.0
4277.0,stop,7.952650045445748,2361.0,11.0,7.952650045445744,0.0,0.0,0.0,0.0,0.0
4277.0,stop,7.952650045445748,2362.0,11.0,7.952650045445743,0.0,0.0,0.0,0.0,0.0
4277.0,stop,7.952650045445748,2363.0,11.0,7.9526500454457425,0.0,0.0,0.0,0.0,0.0
4277.0,stop,7.952650045445748,2364.0,11.0,7.9526500454457425,0.0,0.0,0.0,0.0,0.0
4277.0,stop,7.952650045445748,2365.0,11.0,7.952650045445742,0.0,0.0,0.0,0.0,0.0
4277.0,stop,7.952650045445748,2366.0,11.0,7.952650045445741,0.0,0.0,0.0,0.0,0.0
4277.0,stop,7.952650045445748,2367.0,11.0,7.952650045445741,0.0,0.0,0.0,0.0,0.0
4278.0,change_0,7.952650045445748,2368.0,13.0,7.952650045445749,0.0,0.0,0.0,1.0,0.0
4279.0,stop,7.952650045445749,2368.0,12.0,7.952650045445749,0.0,0.0,0.0,1.0,0.0
4280.0,add_cx,7.952650045445749,2368.0,13.0,7.952650045445749,0.0,0.0,0.0,1.0,1.0
4281.0,add_rx,7.8266285281763635,2368.0,13.0,7.952650045445749,0.0,1.0,0.0,1.0,0.0
4282.0,add_ry,7.824158678470583,2368.0,13.0,7.952650045445749,0.0,0.0,1.0,1.0,0.0
4283.0,add_rz,7.952650045445747,2368.0,13.0,7.952650045445749,0.0,0.0,0.0,2.0,0.0
4284.0,delete,7.952650045445748,2368.0,13.0,7.952650045445749,0.0,0.0,0.0,0.0,0.0
4285.0,swap_cx,7.952650045445748,2368.0,13.0,7.952650045445749,0.0,0.0,0.0,0.0,1.0
4286.0,swap_rx,7.8961806414234115,2368.0,13.0,7.952650045445749,0.0,1.0,0.0,0.0,0.0
4287.0,swap_ry,7.715466798159695,2368.0,13.0,7.952650045445749,0.0,0.0,1.0,0.0,0.0
4288.0,swap_rz,7.952650045445748,2368.0,13.0,7.952650045445749,0.0,0.0,0.0,1.0,0.0
4288.0,stop,7.952650045445748,2369.0,11.0,7.95265004544574,0.0,0.0,0.0,0.0,0.0
4288.0,stop,7.952650045445748,2370.0,11.0,7.952650045445739,0.0,0.0,0.0,0.0,0.0
4288.0,stop,7.952650045445748,2371.0,11.0,7.952650045445739,0.0,0.0,0.0,0.0,0.0
4288.0,stop,7.952650045445748,2372.0,11.0,7.952650045445738,0.0,0.0,0.0,0.0,0.0
4288.0,stop,7.952650045445748,2373.0,11.0,7.952650045445737,0.0,0.0,0.0,0.0,0.0
4288.0,stop,7.952650045445748,2374.0,11.0,7.952650045445737,0.0,0.0,0.0,0.0,0.0
4288.0,stop,7.952650045445748,2375.0,11.0,7.952650045445736,0.0,0.0,0.0,0.0,0.0
4288.0,stop,7.952650045445748,2376.0,11.0,7.952650045445736,0.0,0.0,0.0,0.0,0.0
4288.0,stop,7.952650045445748,2377.0,11.0,7.952650045445735,0.0,0.0,0.0,0.0,0.0
4288.0,stop,7.952650045445748,2378.0,11.0,7.952650045445735,0.0,0.0,0.0,0.0,0.0
4288.0,stop,7.952650045445748,2379.0,11.0,7.9526500454457345,0.0,0.0,0.0,0.0,0.0
4289.0,change_0,7.865555968095853,2380.0,13.0,7.883331356621735,0.0,0.0,1.0,0.0,0.0
4290.0,stop,7.883331356621735,2380.0,12.0,7.883331356621735,0.0,0.0,1.0,0.0,0.0
4291.0,add_cx,7.883331356621735,2380.0,13.0,7.883331356621735,0.0,0.0,1.0,0.0,1.0
4292.0,add_rx,7.779040351955595,2380.0,13.0,7.883331356621735,0.0,1.0,1.0,0.0,0.0
4293.0,add_ry,7.770757708720672,2380.0,13.0,7.883331356621735,0.0,0.0,2.0,0.0,0.0
4294.0,add_rz,7.883331356621735,2380.0,13.0,7.883331356621735,0.0,0.0,1.0,1.0,0.0
4295.0,delete,7.952650045445748,2380.0,13.0,7.883331356621735,0.0,0.0,0.0,0.0,0.0
4296.0,swap_cx,7.397040644518791,2380.0,13.0,7.883331356621735,0.0,0.0,0.0,0.0,1.0
4297.0,swap_rx,7.945577900047168,2380.0,13.0,7.883331356621735,0.0,1.0,0.0,0.0,0.0
4298.0,swap_ry,7.947409595654349,2380.0,13.0,7.883331356621735,0.0,0.0,1.0,0.0,0.0
4299.0,swap_rz,7.952650045445749,2380.0,13.0,7.883331356621735,0.0,0.0,0.0,1.0,0.0
4299.0,stop,7.945242889083908,2381.0,10.0,7.9452428890839135,0.0,1.0,0.0,0.0,0.0
4299.0,stop,7.945242889083908,2382.0,10.0,7.945242889083914,0.0,1.0,0.0,0.0,0.0
4299.0,stop,7.945242889083908,2383.0,10.0,7.945242889083914,0.0,1.0,0.0,0.0,0.0
4300.0,stop,7.952650045445748,2384.0,12.0,7.952650045445748,0.0,0.0,0.0,0.0,0.0
4301.0,add_cx,7.952650045445748,2384.0,13.0,7.952650045445748,0.0,0.0,0.0,0.0,1.0
4302.0,add_rx,7.806137786823935,2384.0,13.0,7.952650045445748,0.0,1.0,0.0,0.0,0.0
4303.0,add_ry,7.951173991263847,2384.0,13.0,7.952650045445748,0.0,0.0,1.0,0.0,0.0
4304.0,add_rz,7.952650045445748,2384.0,13.0,7.952650045445748,0.0,0.0,0.0,1.0,0.0
4305.0,stop,7.952650045445748,2385.0,12.0,7.952650045445748,0.0,0.0,0.0,0.0,0.0
4306.0,add_cx,7.952650045445748,2385.0,13.0,7.952650045445748,0.0,0.0,0.0,0.0,1.0
4307.0,add_rx,7.890724698262062,2385.0,13.0,7.952650045445748,0.0,1.0,0.0,0.0,0.0
4308.0,add_ry,7.94556062191471,2385.0,13.0,7.952650045445748,0.0,0.0,1.0,0.0,0.0
4309.0,add_rz,7.952650045445748,2385.0,13.0,7.952650045445748,0.0,0.0,0.0,1.0,0.0
4310.0,stop,7.952650045445748,2386.0,12.0,7.952650045445748,0.0,0.0,0.0,0.0,0.0
4311.0,add_cx,7.952650045445748,2386.0,13.0,7.952650045445748,0.0,0.0,0.0,0.0,1.0
4312.0,add_rx,7.875575495556322,2386.0,13.0,7.952650045445748,0.0,1.0,0.0,0.0,0.0
4313.0,add_ry,7.791249417112404,2386.0,13.0,7.952650045445748,0.0,0.0,1.0,0.0,0.0
4314.0,add_rz,7.952650045445748,2386.0,13.0,7.952650045445748,0.0,0.0,0.0,1.0,0.0
4314.0,stop,7.952650045445748,2387.0,11.0,7.95265004544575,0.0,0.0,0.0,0.0,0.0
4314.0,stop,7.952650045445748,2388.0,11.0,7.95265004544575,0.0,0.0,0.0,0.0,0.0
4314.0,stop,7.952650045445748,2389.0,11.0,7.95265004544575,0.0,0.0,0.0,0.0,0.0
4314.0,stop,7.952650045445748,2390.0,11.0,7.95265004544575,0.0,0.0,0.0,0.0,0.0
4314.0,stop,7.952650045445748,2391.0,11.0,7.95265004544575,0.0,0.0,0.0,0.0,0.0
4314.0,stop,7.952650045445748,2392.0,11.0,7.95265004544575,0.0,0.0,0.0,0.0,0.0
4314.0,stop,7.952650045445748,2393.0,11.0,7.95265004544575,0.0,0.0,0.0,0.0,0.0
4314.0,stop,7.952650045445748,2394.0,11.0,7.95265004544575,0.0,0.0,0.0,0.0,0.0
4314.0,stop,7.952650045445748,2395.0,11.0,7.95265004544575,0.0,0.0,0.0,0.0,0.0
4314.0,stop,7.952650045445748,2396.0,11.0,7.95265004544575,0.0,0.0,0.0,0.0,0.0
4314.0,stop,7.952650045445748,2397.0,11.0,7.95265004544575,0.0,0.0,0.0,0.0,0.0
4315.0,change_0,7.951011757855785,2398.0,13.0,7.9504821568606925,0.0,1.0,0.0,0.0,0.0
4316.0,stop,7.9504821568606925,2398.0,12.0,7.9504821568606925,0.0,1.0,0.0,0.0,0.0
4317.0,add_cx,7.9504821568606925,2398.0,13.0,7.9504821568606925,0.0,1.0,0.0,0.0,1.0
4318.0,add_rx,7.684626810373634,2398.0,13.0,7.9504821568606925,0.0,2.0,0.0,0.0,0.0
4319.0,add_ry,7.950065203106785,2398.0,13.0,7.9504821568606925,0.0,1.0,1.0,0.0,0.0
4320.0,add_rz,7.950482156860692,2398.0,13.0,7.9504821568606925,0.0,1.0,0.0,1.0,0.0
4321.0,delete,7.952650045445748,2398.0,13.0,7.9504821568606925,0.0,0.0,0.0,0.0,0.0
4322.0,swap_cx,7.952650045445748,2398.0,13.0,7.9504821568606925,0.0,0.0,0.0,0.0,1.0
4323.0,swap_rx,7.429463710917152,2398.0,13.0,7.9504821568606925,0.0,1.0,0.0,0.0,0.0
4324.0,swap_ry,7.942557456020715,2398.0,13.0,7.9504821568606925,0.0,0.0,1.0,0.0,0.0
4325.0,swap_rz,7.952650045445748,2398.0,13.0,7.9504821568606925,0.0,0.0,0.0,1.0,0.0
4325.0,stop,7.952650045445748,2399.0,11.0,7.952650045445748,0.0,0.0,0.0,0.0,1.0
4326.0,stop,7.952650045445748,2400.0,12.0,7.952650045445748,0.0,0.0,0.0,0.0,0.0
4327.0,add_cx,7.873824632075484,2400.0,13.0,7.952650045445748,0.0,0.0,0.0,0.0,1.0
4328.0,add_rx,7.711411408697863,2400.0,13.0,7.952650045445748,0.0,1.0,0.0,0.0,0.0
4329.0,add_ry,7.847038457416586,2400.0,13.0,7.952650045445748,0.0,0.0,1.0,0.0,0.0
4330.0,add_rz,7.952650045445747,2400.0,13.0,7.952650045445748,0.0,0.0,0.0,1.0,0.0
4331.0,add_cx,7.873824632075483,2401.0,11.0,7.939681600880229,0.0,0.0,0.0,0.0,2.0
4332.0,stop,7.952650045445748,2402.0,12.0,7.952650045445748,0.0,0.0,0.0,0.0,0.0
4333.0,add_cx,7.952650045445748,2402.0,13.0,7.952650045445748,0.0,0.0,0.0,0.0,1.0
4334.0,add_rx,7.875714716640202,2402.0,13.0,7.952650045445748,0.0,1.0,0.0,0.0,0.0
4335.0,add_ry,7.943360450293745,2402.0,13.0,7.952650045445748,0.0,0.0,1.0,0.0,0.0
4336.0,add_rz,7.952650045445747,2402.0,13.0,7.952650045445748,0.0,0.0,0.0,1.0,0.0
4336.0,stop,7.952650045445748,2403.0,11.0,7.952650045445749,0.0,0.0,0.0,0.0,0.0
4336.0,stop,7.952650045445748,2404.0,11.0,7.952650045445748,0.0,0.0,0.0,0.0,0.0
4336.0,stop,7.952650045445748,2405.0,11.0,7.952650045445747,0.0,0.0,0.0,0.0,0.0
4336.0,stop,7.952650045445748,2406.0,11.0,7.952650045445746,0.0,0.0,0.0,0.0,0.0
4336.0,stop,7.952650045445748,2407.0,11.0,7.952650045445746,0.0,0.0,0.0,0.0,0.0
4336.0,stop,7.952650045445748,2408.0,11.0,7.952650045445745,0.0,0.0,0.0,0.0,0.0
4336.0,stop,7.952650045445748,2409.0,11.0,7.952650045445744,0.0,0.0,0.0,0.0,0.0
4336.0,stop,7.952650045445748,2410.0,11.0,7.952650045445743,0.0,0.0,0.0,0.0,0.0
4336.0,stop,7.952650045445748,2411.0,11.0,7.9526500454457425,0.0,0.0,0.0,0.0,0.0
4336.0,stop,7.952650045445748,2412.0,11.0,7.9526500454457425,0.0,0.0,0.0,0.0,0.0
4336.0,stop,7.952650045445748,2413.0,11.0,7.952650045445742,0.0,0.0,0.0,0.0,0.0
4336.0,stop,7.952650045445748,2414.0,11.0,7.952650045445741,0.0,0.0,0.0,0.0,0.0
4336.0,stop,7.952650045445748,2415.0,11.0,7.952650045445741,0.0,0.0,0.0,0.0,0.0
4336.0,stop,7.952650045445748,2416.0,11.0,7.95265004544574,0.0,0.0,0.0,0.0,0.0
4336.0,stop,7.952650045445748,2417.0,11.0,7.952650045445739,0.0,0.0,0.0,0.0,0.0
4336.0,stop,7.952650045445748,2418.0,11.0,7.952650045445739,0.0,0.0,0.0,0.0,0.0
4336.0,stop,7.952650045445748,2419.0,11.0,7.952650045445738,0.0,0.0,0.0,0.0,0.0
4336.0,stop,7.952650045445748,2420.0,11.0,7.952650045445737,0.0,0.0,0.0,0.0,0.0
4336.0,stop,7.952650045445748,2421.0,11.0,7.952650045445737,0.0,0.0,0.0,0.0,0.0
4336.0,stop,7.952650045445748,2422.0,11.0,7.952650045445736,0.0,0.0,0.0,0.0,0.0
4336.0,stop,7.952650045445748,2423.0,11.0,7.952650045445736,0.0,0.0,0.0,0.0,0.0
4336.0,stop,7.952650045445748,2424.0,11.0,7.952650045445735,0.0,0.0,0.0,0.0,0.0
4336.0,stop,7.952650045445748,2425.0,11.0,7.952650045445735,0.0,0.0,0.0,0.0,0.0
4336.0,stop,7.952650045445748,2426.0,11.0,7.9526500454457345,0.0,0.0,0.0,0.0,0.0
4336.0,stop,7.952650045445748,2427.0,11.0,7.9526500454457345,0.0,0.0,0.0,0.0,0.0
4336.0,stop,7.952650045445748,2428.0,11.0,7.952650045445734,0.0,0.0,0.0,0.0,0.0
4336.0,stop,7.952650045445748,2429.0,11.0,7.952650045445734,0.0,0.0,0.0,0.0,0.0
4336.0,stop,7.952650045445748,2430.0,11.0,7.952650045445733,0.0,0.0,0.0,0.0,0.0
4336.0,stop,7.952650045445748,2431.0,11.0,7.952650045445733,0.0,0.0,0.0,0.0,0.0
4336.0,stop,7.952650045445748,2432.0,11.0,7.952650045445732,0.0,0.0,0.0,0.0,0.0
4336.0,stop,7.952650045445748,2433.0,11.0,7.952650045445732,0.0,0.0,0.0,0.0,0.0
4336.0,stop,7.952650045445748,2434.0,11.0,7.952650045445731,0.0,0.0,0.0,0.0,0.0
4336.0,stop,7.952650045445748,2435.0,11.0,7.952650045445731,0.0,0.0,0.0,0.0,0.0
4336.0,stop,7.952650045445748,2436.0,11.0,7.95265004544573,0.0,0.0,0.0,0.0,0.0
4336.0,stop,7.952650045445748,2437.0,11.0,7.95265004544573,0.0,0.0,0.0,0.0,0.0
4337.0,change_0,7.889722569018252,2438.0,13.0,7.878652000020492,0.0,1.0,0.0,0.0,0.0
4338.0,stop,7.878652000020492,2438.0,12.0,7.878652000020492,0.0,1.0,0.0,0.0,0.0
4339.0,add_cx,7.48090098332008,2438.0,13.0,7.878652000020492,0.0,1.0,0.0,0.0,1.0
4340.0,add_rx,7.099177893399114,2438.0,13.0,7.878652000020492,0.0,2.0,0.0,0.0,0.0
4341.0,add_ry,7.415757893856691,2438.0,13.0,7.878652000020492,0.0,1.0,1.0,0.0,0.0
4342.0,add_rz,7.878652000020492,2438.0,13.0,7.878652000020492,0.0,1.0,0.0,1.0,0.0
4343.0,delete,7.952650045445748,2438.0,13.0,7.878652000020492,0.0,0.0,0.0,0.0,0.0
4344.0,swap_cx,7.952650045445748,2438.0,13.0,7.878652000020492,0.0,0.0,0.0,0.0,1.0
4345.0,swap_rx,7.794449745447499,2438.0,13.0,7.878652000020492,0.0,1.0,0.0,0.0,0.0
4346.0,swap_ry,7.8823572812942935,2438.0,13.0,7.878652000020492,0.0,0.0,1.0,0.0,0.0
4347.0,swap_rz,7.952650045445748,2438.0,13.0,7.878652000020492,0.0,0.0,0.0,1.0,0.0
4348.0,stop,7.952650045445748,2439.0,12.0,7.952650045445748,0.0,0.0,0.0,0.0,0.0
4349.0,add_cx,7.952650045445748,2439.0,13.0,7.952650045445748,0.0,0.0,0.0,0.0,1.0
4350.0,add_rx,7.9153096002315095,2439.0,13.0,7.952650045445748,0.0,1.0,0.0,0.0,0.0
4351.0,add_ry,7.951991522411164,2439.0,13.0,7.952650045445748,0.0,0.0,1.0,0.0,0.0
4352.0,add_rz,7.952650045445749,2439.0,13.0,7.952650045445748,0.0,0.0,0.0,1.0,0.0
4353.0,change_0,7.952650045445748,2440.0,13.0,7.952650045445748,0.0,0.0,0.0,1.0,0.0
4354.0,stop,7.952650045445748,2440.0,12.0,7.952650045445748,0.0,0.0,0.0,1.0,0.0
4355.0,add_cx,7.952650045445748,2440.0,13.0,7.952650045445748,0.0,0.0,0.0,1.0,1.0
4356.0,add_rx,7.913849334279161,2440.0,13.0,7.952650045445748,0.0,1.0,0.0,1.0,0.0
4357.0,add_ry,7.830331940717188,2440.0,13.0,7.952650045445748,0.0,0.0,1.0,1.0,0.0
4358.0,add_rz,7.9526500454457505,2440.0,13.0,7.952650045445748,0.0,0.0,0.0,2.0,0.0
4359.0,delete,7.952650045445748,2440.0,13.0,7.952650045445748,0.0,0.0,0.0,0.0,0.0
4360.0,swap_cx,7.952650045445748,2440.0,13.0,7.952650045445748,0.0,0.0,0.0,0.0,1.0
4361.0,swap_rx,7.875705083437485,2440.0,13.0,7.952650045445748,0.0,1.0,0.0,0.0,0.0
4362.0,swap_ry,7.951926382855666,2440.0,13.0,7.952650045445748,0.0,0.0,1.0,0.0,0.0
4363.0,swap_rz,7.952650045445747,2440.0,13.0,7.952650045445748,0.0,0.0,0.0,1.0,0.0
4364.0,add_cx,7.952650045445748,2441.0,11.0,7.934193520146501,0.0,0.0,0.0,0.0,2.0
4365.0,stop,7.952650045445748,2442.0,11.0,7.952650045445748,0.0,0.0,0.0,0.0,2.0
4366.0,add_cx,7.952650045445748,2442.0,12.0,7.952650045445748,0.0,0.0,0.0,0.0,3.0
4367.0,add_rx,7.9087799209376906,2442.0,12.0,7.952650045445748,0.0,1.0,0.0,0.0,2.0
4368.0,add_ry,7.928210454347093,2442.0,12.0,7.952650045445748,0.0,0.0,1.0,0.0,2.0
4369.0,add_rz,7.952650045445747,2442.0,12.0,7.952650045445748,0.0,0.0,0.0,1.0,2.0
4370.0,delete,7.952650045445748,2442.0,12.0,7.952650045445748,0.0,0.0,0.0,0.0,1.0
4371.0,swap_cx,7.952650045445748,2442.0,12.0,7.952650045445748,0.0,0.0,0.0,0.0,2.0
4372.0,swap_rx,7.445172977125493,2442.0,12.0,7.952650045445748,0.0,1.0,0.0,0.0,1.0
4373.0,swap_ry,7.826196355160526,2442.0,12.0,7.952650045445748,0.0,0.0,1.0,0.0,1.0
4374.0,swap_rz,7.952650045445747,2442.0,12.0,7.952650045445748,0.0,0.0,0.0,1.0,1.0
4374.0,stop,7.952650045445748,2443.0,11.0,7.9526500454457345,0.0,0.0,0.0,0.0,0.0
4374.0,stop,7.952650045445748,2444.0,11.0,7.952650045445734,0.0,0.0,0.0,0.0,0.0
4374.0,stop,7.952650045445748,2445.0,11.0,7.952650045445734,0.0,0.0,0.0,0.0,0.0
4374.0,stop,7.952650045445748,2446.0,11.0,7.952650045445733,0.0,0.0,0.0,0.0,0.0
4374.0,stop,7.952650045445748,2447.0,11.0,7.952650045445733,0.0,0.0,0.0,0.0,0.0
4374.0,stop,7.952650045445748,2448.0,11.0,7.952650045445732,0.0,0.0,0.0,0.0,0.0
4374.0,stop,7.952650045445748,2449.0,11.0,7.952650045445732,0.0,0.0,0.0,0.0,0.0
4374.0,stop,7.952650045445748,2450.0,11.0,7.952650045445731,0.0,0.0,0.0,0.0,0.0
4374.0,stop,7.952650045445748,2451.0,11.0,7.952650045445731,0.0,0.0,0.0,0.0,0.0
4374.0,stop,7.952650045445748,2452.0,11.0,7.95265004544573,0.0,0.0,0.0,0.0,0.0
4374.0,stop,7.952650045445748,2453.0,11.0,7.95265004544573,0.0,0.0,0.0,0.0,0.0
4375.0,add_cx,7.397040644518791,2454.0,12.0,7.903840422800849,0.0,0.0,0.0,0.0,1.0
4376.0,change_0,7.952650045445747,2455.0,13.0,7.952650045445748,0.0,0.0,0.0,1.0,0.0
4377.0,stop,7.952650045445748,2455.0,12.0,7.952650045445748,0.0,0.0,0.0,1.0,0.0
4378.0,add_cx,7.664371703982135,2455.0,13.0,7.952650045445748,0.0,0.0,0.0,1.0,1.0
4379.0,add_rx,7.917483887775443,2455.0,13.0,7.952650045445748,0.0,1.0,0.0,1.0,0.0
4380.0,add_ry,7.805688414717604,2455.0,13.0,7.952650045445748,0.0,0.0,1.0,1.0,0.0
4381.0,add_rz,7.952650045445747,2455.0,13.0,7.952650045445748,0.0,0.0,0.0,2.0,0.0
4382.0,delete,7.952650045445748,2455.0,13.0,7.952650045445748,0.0,0.0,0.0,0.0,0.0
4383.0,swap_cx,7.952650045445748,2455.0,13.0,7.952650045445748,0.0,0.0,0.0,0.0,1.0
4384.0,swap_rx,7.880412683697396,2455.0,13.0,7.952650045445748,0.0,1.0,0.0,0.0,0.0
4385.0,swap_ry,7.880494740663244,2455.0,13.0,7.952650045445748,0.0,0.0,1.0,0.0,0.0
4386.0,swap_rz,7.952650045445747,2455.0,13.0,7.952650045445748,0.0,0.0,0.0,1.0,0.0
4386.0,stop,7.952650045445748,2456.0,11.0,7.952650045445748,0.0,0.0,0.0,0.0,1.0
4386.0,stop,7.952650045445748,2457.0,11.0,7.952650045445748,0.0,0.0,0.0,0.0,1.0
4387.0,stop,7.952650045445748,2458.0,12.0,7.952650045445748,0.0,0.0,0.0,0.0,1.0
4388.0,add_cx,7.952650045445748,2458.0,13.0,7.952650045445748,0.0,0.0,0.0,0.0,2.0
4389.0,add_rx,7.891668179466048,2458.0,13.0,7.952650045445748,0.0,1.0,0.0,0.0,1.0
4390.0,add_ry,7.899526258408069,2458.0,13.0,7.952650045445748,0.0,0.0,1.0,0.0,1.0
4391.0,add_rz,7.952650045445747,2458.0,13.0,7.952650045445748,0.0,0.0,0.0,1.0,1.0
4392.0,delete,7.952650045445748,2458.0,13.0,7.952650045445748,0.0,0.0,0.0,0.0,0.0
4393.0,swap_cx,7.952650045445748,2458.0,13.0,7.952650045445748,0.0,0.0,0.0,0.0,1.0
4394.0,swap_rx,7.7903833941810205,2458.0,13.0,7.952650045445748,0.0,1.0,0.0,0.0,0.0
4395.0,swap_ry,7.747675350841103,2458.0,13.0,7.952650045445748,0.0,0.0,1.0,0.0,0.0
4396.0,swap_rz,7.952650045445749,2458.0,13.0,7.952650045445748,0.0,0.0,0.0,1.0,0.0
4396.0,stop,7.952650045445748,2459.0,11.0,7.95265004544575,0.0,0.0,0.0,0.0,0.0
4396.0,stop,7.952650045445748,2460.0,11.0,7.95265004544575,0.0,0.0,0.0,0.0,0.0
4396.0,stop,7.952650045445748,2461.0,11.0,7.95265004544575,0.0,0.0,0.0,0.0,0.0
4396.0,stop,7.952650045445748,2462.0,11.0,7.95265004544575,0.0,0.0,0.0,0.0,0.0
4396.0,stop,7.952650045445748,2463.0,11.0,7.95265004544575,0.0,0.0,0.0,0.0,0.0
4396.0,stop,7.952650045445748,2464.0,11.0,7.95265004544575,0.0,0.0,0.0,0.0,0.0
4396.0,stop,7.952650045445748,2465.0,11.0,7.95265004544575,0.0,0.0,0.0,0.0,0.0
4396.0,stop,7.952650045445748,2466.0,11.0,7.95265004544575,0.0,0.0,0.0,0.0,0.0
4396.0,stop,7.952650045445748,2467.0,11.0,7.95265004544575,0.0,0.0,0.0,0.0,0.0
4396.0,stop,7.952650045445748,2468.0,11.0,7.95265004544575,0.0,0.0,0.0,0.0,0.0
4397.0,change_0,7.952650045445747,2469.0,13.0,7.952650045445748,0.0,0.0,0.0,1.0,0.0
4398.0,stop,7.952650045445748,2469.0,12.0,7.952650045445748,0.0,0.0,0.0,1.0,0.0
4399.0,add_cx,7.952650045445748,2469.0,13.0,7.952650045445748,0.0,0.0,0.0,1.0,1.0
4400.0,add_rx,7.886425569310222,2469.0,13.0,7.952650045445748,0.0,1.0,0.0,1.0,0.0
4401.0,add_ry,7.901626071393851,2469.0,13.0,7.952650045445748,0.0,0.0,1.0,1.0,0.0
4402.0,add_rz,7.9526500454457505,2469.0,13.0,7.952650045445748,0.0,0.0,0.0,2.0,0.0
4403.0,delete,7.952650045445748,2469.0,13.0,7.952650045445748,0.0,0.0,0.0,0.0,0.0
4404.0,swap_cx,7.952650045445748,2469.0,13.0,7.952650045445748,0.0,0.0,0.0,0.0,1.0
4405.0,swap_rx,7.423406495610639,2469.0,13.0,7.952650045445748,0.0,1.0,0.0,0.0,0.0
4406.0,swap_ry,7.801906571012908,2469.0,13.0,7.952650045445748,0.0,0.0,1.0,0.0,0.0
4407.0,swap_rz,7.952650045445747,2469.0,13.0,7.952650045445748,0.0,0.0,0.0,1.0,0.0
4408.0,change_0,7.950582374397806,2470.0,13.0,7.94951101332511,0.0,0.0,1.0,0.0,0.0
4409.0,stop,7.94951101332511,2470.0,12.0,7.94951101332511,0.0,0.0,1.0,0.0,0.0
4410.0,add_cx,7.8660309677929225,2470.0,13.0,7.94951101332511,0.0,0.0,1.0,0.0,1.0
4411.0,add_rx,7.924548614996084,2470.0,13.0,7.94951101332511,0.0,1.0,1.0,0.0,0.0
4412.0,add_ry,7.847326651650115,2470.0,13.0,7.94951101332511,0.0,0.0,2.0,0.0,0.0
4413.0,add_rz,7.949511013325109,2470.0,13.0,7.94951101332511,0.0,0.0,1.0,1.0,0.0
4414.0,delete,7.952650045445748,2470.0,13.0,7.94951101332511,0.0,0.0,0.0,0.0,0.0
4415.0,swap_cx,7.873824632075483,2470.0,13.0,7.94951101332511,0.0,0.0,0.0,0.0,1.0
4416.0,swap_rx,7.918090514845019,2470.0,13.0,7.94951101332511,0.0,1.0,0.0,0.0,0.0
4417.0,swap_ry,7.800277724740953,2470.0,13.0,7.94951101332511,0.0,0.0,1.0,0.0,0.0
4418.0,swap_rz,7.952650045445749,2470.0,13.0,7.94951101332511,0.0,0.0,0.0,1.0,0.0
4419.0,add_rz,7.952650045445749,2471.0,12.0,7.899828135198931,0.0,0.0,0.0,1.0,0.0
4420.0,add_rx,7.451735179880867,2472.0,12.0,7.895772326733568,0.0,1.0,0.0,0.0,0.0
4420.0,stop,7.952650045445748,2473.0,11.0,7.952650045445748,0.0,0.0,0.0,1.0,0.0
4420.0,stop,7.952650045445748,2474.0,11.0,7.952650045445748,0.0,0.0,0.0,1.0,0.0
4420.0,stop,7.952650045445748,2475.0,11.0,7.952650045445748,0.0,0.0,0.0,1.0,0.0
4420.0,stop,7.952650045445748,2476.0,11.0,7.952650045445748,0.0,0.0,0.0,1.0,0.0
4421.0,stop,7.952650045445748,2477.0,12.0,7.952650045445748,0.0,0.0,0.0,0.0,1.0
4422.0,add_cx,7.952650045445748,2477.0,13.0,7.952650045445748,0.0,0.0,0.0,0.0,2.0
4423.0,add_rx,7.904946104781576,2477.0,13.0,7.952650045445748,0.0,1.0,0.0,0.0,1.0
4424.0,add_ry,7.904181820543175,2477.0,13.0,7.952650045445748,0.0,0.0,1.0,0.0,1.0
4425.0,add_rz,7.952650045445747,2477.0,13.0,7.952650045445748,0.0,0.0,0.0,1.0,1.0
4426.0,delete,7.952650045445748,2477.0,13.0,7.952650045445748,0.0,0.0,0.0,0.0,0.0
4427.0,swap_cx,7.952650045445748,2477.0,13.0,7.952650045445748,0.0,0.0,0.0,0.0,1.0
4428.0,swap_rx,7.684403420495447,2477.0,13.0,7.952650045445748,0.0,1.0,0.0,0.0,0.0
4429.0,swap_ry,7.947795779225363,2477.0,13.0,7.952650045445748,0.0,0.0,1.0,0.0,0.0
4430.0,swap_rz,7.952650045445748,2477.0,13.0,7.952650045445748,0.0,0.0,0.0,1.0,0.0
4431.0,stop,7.952650045445748,2478.0,12.0,7.952650045445748,0.0,0.0,0.0,0.0,0.0
4432.0,add_cx,7.952650045445748,2478.0,13.0,7.952650045445748,0.0,0.0,0.0,0.0,1.0
4433.0,add_rx,7.945520717343066,2478.0,13.0,7.952650045445748,0.0,1.0,0.0,0.0,0.0
4434.0,add_ry,7.796479226732097,2478.0,13.0,7.952650045445748,0.0,0.0,1.0,0.0,0.0
4435.0,add_rz,7.952650045445747,2478.0,13.0,7.952650045445748,0.0,0.0,0.0,1.0,0.0
4436.0,add_rz,7.952650045445749,2479.0,12.0,7.903891359064071,0.0,0.0,0.0,1.0,0.0
4437.0,change_0,7.952650045445749,2480.0,13.0,7.952650045445749,0.0,0.0,0.0,1.0,0.0
4438.0,stop,7.952650045445749,2480.0,12.0,7.952650045445749,0.0,0.0,0.0,1.0,0.0
4439.0,add_cx,7.873824632075484,2480.0,13.0,7.952650045445749,0.0,0.0,0.0,1.0,1.0
4440.0,add_rx,7.876203360249352,2480.0,13.0,7.952650045445749,0.0,1.0,0.0,1.0,0.0
4441.0,add_ry,7.917727484571423,2480.0,13.0,7.952650045445749,0.0,0.0,1.0,1.0,0.0
4442.0,add_rz,7.952650045445748,2480.0,13.0,7.952650045445749,0.0,0.0,0.0,2.0,0.0
4443.0,delete,7.952650045445748,2480.0,13.0,7.952650045445749,0.0,0.0,0.0,0.0,0.0
4444.0,swap_cx,7.952650045445748,2480.0,13.0,7.952650045445749,0.0,0.0,0.0,0.0,1.0
4445.0,swap_rx,7.934730829136405,2480.0,13.0,7.952650045445749,0.0,1.0,0.0,0.0,0.0
4446.0,swap_ry,7.5068532376261805,2480.0,13.0,7.952650045445749,0.0,0.0,1.0,0.0,0.0
4447.0,swap_rz,7.952650045445749,2480.0,13.0,7.952650045445749,0.0,0.0,0.0,1.0,0.0
4448.0,add_rz,7.952650045445747,2481.0,11.0,7.8948429151465005,0.0,0.0,0.0,1.0,1.0
4449.0,add_rz,7.952650045445747,2482.0,11.0,7.899289617477212,0.0,0.0,0.0,1.0,1.0
4450.0,change_1,7.952650045445748,2483.0,12.0,7.952650045445747,0.0,0.0,0.0,1.0,1.0
4451.0,stop,7.952650045445747,2483.0,11.0,7.952650045445747,0.0,0.0,0.0,1.0,1.0
4452.0,add_cx,7.952650045445747,2483.0,12.0,7.952650045445747,0.0,0.0,0.0,1.0,2.0
4453.0,add_rx,7.502960281621237,2483.0,12.0,7.952650045445747,0.0,1.0,0.0,1.0,1.0
4454.0,add_ry,7.7945247402113385,2483.0,12.0,7.952650045445747,0.0,0.0,1.0,1.0,1.0
4455.0,add_rz,7.952650045445747,2483.0,12.0,7.952650045445747,0.0,0.0,0.0,2.0,1.0
4456.0,delete,7.952650045445747,2483.0,12.0,7.952650045445747,0.0,0.0,0.0,1.0,0.0
4457.0,swap_cx,7.397040644518792,2483.0,12.0,7.952650045445747,0.0,0.0,0.0,1.0,1.0
4458.0,swap_rx,7.949160390649957,2483.0,12.0,7.952650045445747,0.0,1.0,0.0,0.0,1.0
4459.0,swap_ry,7.825252960744138,2483.0,12.0,7.952650045445747,0.0,0.0,1.0,1.0,0.0
4460.0,swap_rz,7.952650045445747,2483.0,12.0,7.952650045445747,0.0,0.0,0.0,1.0,1.0
4460.0,stop,7.952650045445747,2484.0,11.0,7.952650045445747,0.0,0.0,0.0,1.0,0.0
4460.0,stop,7.952650045445749,2485.0,11.0,7.952650045445748,0.0,0.0,0.0,1.0,0.0
4460.0,stop,7.952650045445747,2486.0,11.0,7.952650045445748,0.0,0.0,0.0,1.0,0.0
4460.0,stop,7.952650045445749,2487.0,11.0,7.952650045445748,0.0,0.0,0.0,1.0,0.0
4461.0,stop,7.952650045445748,2488.0,12.0,7.952650045445748,0.0,0.0,0.0,0.0,1.0
4462.0,add_cx,7.397040644518788,2488.0,13.0,7.952650045445748,0.0,0.0,0.0,0.0,2.0
4463.0,add_rx,7.932961557672058,2488.0,13.0,7.952650045445748,0.0,1.0,0.0,0.0,1.0
4464.0,add_ry,7.755460925176046,2488.0,13.0,7.952650045445748,0.0,0.0,1.0,0.0,1.0
4465.0,add_rz,7.952650045445749,2488.0,13.0,7.952650045445748,0.0,0.0,0.0,1.0,1.0
4466.0,delete,7.952650045445748,2488.0,13.0,7.952650045445748,0.0,0.0,0.0,0.0,0.0
4467.0,swap_cx,7.952650045445748,2488.0,13.0,7.952650045445748,0.0,0.0,0.0,0.0,1.0
4468.0,swap_rx,7.8198499067752625,2488.0,13.0,7.952650045445748,0.0,1.0,0.0,0.0,0.0
4469.0,swap_ry,7.879488112423246,2488.0,13.0,7.952650045445748,0.0,0.0,1.0,0.0,0.0
4470.0,swap_rz,7.952650045445748,2488.0,13.0,7.952650045445748,0.0,0.0,0.0,1.0,0.0
4470.0,stop,7.952650045445748,2489.0,11.0,7.95265004544575,0.0,0.0,0.0,0.0,0.0
4471.0,change_0,7.945324714065502,2490.0,11.0,7.876732285741839,0.0,0.0,1.0,0.0,0.0
4471.0,stop,7.952650045445748,2491.0,11.0,7.95265004544575,0.0,0.0,0.0,0.0,0.0
4472.0,change_0,7.949556326531426,2492.0,12.0,7.945324714065502,0.0,0.0,1.0,0.0,0.0
4473.0,stop,7.945324714065502,2492.0,11.0,7.945324714065502,0.0,0.0,1.0,0.0,0.0
4474.0,add_cx,7.945324714065502,2492.0,12.0,7.945324714065502,0.0,0.0,1.0,0.0,1.0
4475.0,add_rx,7.9452133716511435,2492.0,12.0,7.945324714065502,0.0,1.0,1.0,0.0,0.0
4476.0,add_ry,7.777244637791035,2492.0,12.0,7.945324714065502,0.0,0.0,2.0,0.0,0.0
4477.0,add_rz,7.945324714065501,2492.0,12.0,7.945324714065502,0.0,0.0,1.0,1.0,0.0
4478.0,delete,7.952650045445748,2492.0,12.0,7.945324714065502,0.0,0.0,0.0,0.0,0.0
4479.0,swap_cx,7.952650045445748,2492.0,12.0,7.945324714065502,0.0,0.0,0.0,0.0,1.0
4480.0,swap_rx,7.610626002510482,2492.0,12.0,7.945324714065502,0.0,1.0,0.0,0.0,0.0
4481.0,swap_ry,7.944267411342573,2492.0,12.0,7.945324714065502,0.0,0.0,1.0,0.0,0.0
4482.0,swap_rz,7.952650045445747,2492.0,12.0,7.945324714065502,0.0,0.0,0.0,1.0,0.0
4483.0,change_0,7.856922507762086,2493.0,12.0,7.855052178681058,0.0,1.0,0.0,0.0,0.0
4484.0,stop,7.855052178681058,2493.0,11.0,7.855052178681058,0.0,1.0,0.0,0.0,0.0
4485.0,add_cx,7.71575449715537,2493.0,12.0,7.855052178681058,0.0,1.0,0.0,0.0,1.0
4486.0,add_rx,7.669335202464147,2493.0,12.0,7.855052178681058,0.0,2.0,0.0,0.0,0.0
4487.0,add_ry,7.83948108407858,2493.0,12.0,7.855052178681058,0.0,1.0,1.0,0.0,0.0
4488.0,add_rz,7.855052178681058,2493.0,12.0,7.855052178681058,0.0,1.0,0.0,1.0,0.0
4489.0,delete,7.952650045445748,2493.0,12.0,7.855052178681058,0.0,0.0,0.0,0.0,0.0
4490.0,swap_cx,7.873824632075483,2493.0,12.0,7.855052178681058,0.0,0.0,0.0,0.0,1.0
4491.0,swap_rx,7.887558516249238,2493.0,12.0,7.855052178681058,0.0,1.0,0.0,0.0,0.0
4492.0,swap_ry,7.939932665869492,2493.0,12.0,7.855052178681058,0.0,0.0,1.0,0.0,0.0
4493.0,swap_rz,7.952650045445747,2493.0,12.0,7.855052178681058,0.0,0.0,0.0,1.0,0.0
4494.0,stop,7.952650045445748,2494.0,12.0,7.952650045445748,0.0,0.0,0.0,0.0,0.0
4495.0,add_cx,7.952650045445748,2494.0,13.0,7.952650045445748,0.0,0.0,0.0,0.0,1.0
4496.0,add_rx,7.899535336719373,2494.0,13.0,7.952650045445748,0.0,1.0,0.0,0.0,0.0
4497.0,add_ry,7.789797564767761,2494.0,13.0,7.952650045445748,0.0,0.0,1.0,0.0,0.0
4498.0,add_rz,7.952650045445749,2494.0,13.0,7.952650045445748,0.0,0.0,0.0,1.0,0.0
4498.0,stop,7.9510569155046005,2495.0,11.0,7.9510569155046005,0.0,1.0,0.0,0.0,0.0
4499.0,change_0,7.947896363653875,2496.0,13.0,7.9502540203882655,0.0,1.0,0.0,0.0,0.0
4500.0,stop,7.9502540203882655,2496.0,12.0,7.9502540203882655,0.0,1.0,0.0,0.0,0.0
4501.0,add_cx,7.870496970388286,2496.0,13.0,7.9502540203882655,0.0,1.0,0.0,0.0,1.0
4502.0,add_rx,7.870528526634281,2496.0,13.0,7.9502540203882655,0.0,2.0,0.0,0.0,0.0
4503.0,add_ry,7.898604579706974,2496.0,13.0,7.9502540203882655,0.0,1.0,1.0,0.0,0.0
4504.0,add_rz,7.950254020388265,2496.0,13.0,7.9502540203882655,0.0,1.0,0.0,1.0,0.0
4505.0,delete,7.952650045445748,2496.0,13.0,7.9502540203882655,0.0,0.0,0.0,0.0,0.0
4506.0,swap_cx,7.397040644518788,2496.0,13.0,7.9502540203882655,0.0,0.0,0.0,0.0,1.0
4507.0,swap_rx,7.952217213137388,2496.0,13.0,7.9502540203882655,0.0,1.0,0.0,0.0,0.0
4508.0,swap_ry,7.909677899831061,2496.0,13.0,7.9502540203882655,0.0,0.0,1.0,0.0,0.0
4509.0,swap_rz,7.952650045445747,2496.0,13.0,7.9502540203882655,0.0,0.0,0.0,1.0,0.0
4509.0,stop,7.952650045445748,2497.0,11.0,7.95265004544575,0.0,0.0,0.0,0.0,0.0
4509.0,stop,7.952650045445748,2498.0,11.0,7.952650045445749,0.0,0.0,0.0,0.0,0.0
4509.0,stop,7.952650045445748,2499.0,11.0,7.952650045445748,0.0,0.0,0.0,0.0,0.0
4509.0,stop,7.952650045445748,2500.0,11.0,7.952650045445747,0.0,0.0,0.0,0.0,0.0
4509.0,stop,7.952650045445748,2501.0,11.0,7.952650045445746,0.0,0.0,0.0,0.0,0.0
4509.0,stop,7.952650045445748,2502.0,11.0,7.952650045445746,0.0,0.0,0.0,0.0,0.0
4509.0,stop,7.952650045445748,2503.0,11.0,7.952650045445745,0.0,0.0,0.0,0.0,0.0
4509.0,stop,7.952650045445748,2504.0,11.0,7.952650045445744,0.0,0.0,0.0,0.0,0.0
4509.0,stop,7.952650045445748,2505.0,11.0,7.952650045445743,0.0,0.0,0.0,0.0,0.0
4509.0,stop,7.952650045445748,2506.0,11.0,7.9526500454457425,0.0,0.0,0.0,0.0,0.0
4509.0,stop,7.952650045445748,2507.0,11.0,7.9526500454457425,0.0,0.0,0.0,0.0,0.0
4509.0,stop,7.952650045445748,2508.0,11.0,7.952650045445742,0.0,0.0,0.0,0.0,0.0
4509.0,stop,7.952650045445748,2509.0,11.0,7.952650045445741,0.0,0.0,0.0,0.0,0.0
4509.0,stop,7.952650045445748,2510.0,11.0,7.952650045445741,0.0,0.0,0.0,0.0,0.0
4509.0,stop,7.952650045445748,2511.0,11.0,7.95265004544574,0.0,0.0,0.0,0.0,0.0
4509.0,stop,7.952650045445748,2512.0,11.0,7.952650045445739,0.0,0.0,0.0,0.0,0.0
4509.0,stop,7.952650045445748,2513.0,11.0,7.952650045445739,0.0,0.0,0.0,0.0,0.0
4509.0,stop,7.952650045445748,2514.0,11.0,7.952650045445738,0.0,0.0,0.0,0.0,0.0
4509.0,stop,7.952650045445748,2515.0,11.0,7.952650045445737,0.0,0.0,0.0,0.0,0.0
4509.0,stop,7.952650045445748,2516.0,11.0,7.952650045445737,0.0,0.0,0.0,0.0,0.0
4509.0,stop,7.952650045445748,2517.0,11.0,7.952650045445736,0.0,0.0,0.0,0.0,0.0
4509.0,stop,7.952650045445748,2518.0,11.0,7.952650045445736,0.0,0.0,0.0,0.0,0.0
4509.0,stop,7.952650045445748,2519.0,11.0,7.952650045445735,0.0,0.0,0.0,0.0,0.0
4509.0,stop,7.952650045445748,2520.0,11.0,7.952650045445735,0.0,0.0,0.0,0.0,0.0
4510.0,change_0,7.952650045445748,2521.0,13.0,7.952650045445749,0.0,0.0,0.0,1.0,0.0
4511.0,stop,7.952650045445749,2521.0,12.0,7.952650045445749,0.0,0.0,0.0,1.0,0.0
4512.0,add_cx,7.952650045445749,2521.0,13.0,7.952650045445749,0.0,0.0,0.0,1.0,1.0
4513.0,add_rx,7.933423745479167,2521.0,13.0,7.952650045445749,0.0,1.0,0.0,1.0,0.0
4514.0,add_ry,7.737180016706313,2521.0,13.0,7.952650045445749,0.0,0.0,1.0,1.0,0.0
4515.0,add_rz,7.9526500454457505,2521.0,13.0,7.952650045445749,0.0,0.0,0.0,2.0,0.0
4516.0,delete,7.952650045445748,2521.0,13.0,7.952650045445749,0.0,0.0,0.0,0.0,0.0
4517.0,swap_cx,7.952650045445748,2521.0,13.0,7.952650045445749,0.0,0.0,0.0,0.0,1.0
4518.0,swap_rx,7.433998971186561,2521.0,13.0,7.952650045445749,0.0,1.0,0.0,0.0,0.0
4519.0,swap_ry,7.8284638163096725,2521.0,13.0,7.952650045445749,0.0,0.0,1.0,0.0,0.0
4520.0,swap_rz,7.952650045445748,2521.0,13.0,7.952650045445749,0.0,0.0,0.0,1.0,0.0
4521.0,add_ry,7.933928403647226,2522.0,11.0,7.9078470175363265,0.0,0.0,1.0,1.0,0.0
4522.0,add_ry,7.919554619862007,2523.0,11.0,7.9097099736871055,0.0,0.0,1.0,1.0,0.0
4523.0,change_0,7.952650045445748,2524.0,11.0,7.907251497257851,0.0,0.0,0.0,1.0,0.0
4524.0,change_0,7.952650045445748,2525.0,12.0,7.952650045445748,0.0,0.0,0.0,1.0,0.0
4525.0,stop,7.952650045445748,2525.0,11.0,7.952650045445748,0.0,0.0,0.0,1.0,0.0
4526.0,add_cx,7.952650045445748,2525.0,12.0,7.952650045445748,0.0,0.0,0.0,1.0,1.0
4527.0,add_rx,7.8129928056815805,2525.0,12.0,7.952650045445748,0.0,1.0,0.0,1.0,0.0
4528.0,add_ry,7.767246749432215,2525.0,12.0,7.952650045445748,0.0,0.0,1.0,1.0,0.0
4529.0,add_rz,7.95265004544575,2525.0,12.0,7.952650045445748,0.0,0.0,0.0,2.0,0.0
4530.0,delete,7.952650045445748,2525.0,12.0,7.952650045445748,0.0,0.0,0.0,0.0,0.0
4531.0,swap_cx,7.952650045445748,2525.0,12.0,7.952650045445748,0.0,0.0,0.0,0.0,1.0
4532.0,swap_rx,7.939878860433854,2525.0,12.0,7.952650045445748,0.0,1.0,0.0,0.0,0.0
4533.0,swap_ry,7.94970468975459,2525.0,12.0,7.952650045445748,0.0,0.0,1.0,0.0,0.0
4534.0,swap_rz,7.952650045445748,2525.0,12.0,7.952650045445748,0.0,0.0,0.0,1.0,0.0
4535.0,change_0,7.933928403647225,2526.0,12.0,7.933928403647226,0.0,0.0,1.0,1.0,0.0
4536.0,change_1,7.9525328592079445,2526.0,12.0,7.933928403647226,0.0,0.0,1.0,1.0,0.0
4537.0,stop,7.933928403647226,2526.0,11.0,7.933928403647226,0.0,0.0,1.0,1.0,0.0
4538.0,add_cx,7.415762286317313,2526.0,12.0,7.933928403647226,0.0,0.0,1.0,1.0,1.0
4539.0,add_rx,7.855517285180493,2526.0,12.0,7.933928403647226,0.0,1.0,1.0,1.0,0.0
4540.0,add_ry,7.85846542870354,2526.0,12.0,7.933928403647226,0.0,0.0,2.0,1.0,0.0
4541.0,add_rz,7.933928403647225,2526.0,12.0,7.933928403647226,0.0,0.0,1.0,2.0,0.0
4542.0,delete,7.952650045445749,2526.0,12.0,7.933928403647226,0.0,0.0,0.0,1.0,0.0
4543.0,swap_cx,7.952650045445749,2526.0,12.0,7.933928403647226,0.0,0.0,0.0,1.0,1.0
4544.0,swap_rx,7.88842715354331,2526.0,12.0,7.933928403647226,0.0,1.0,1.0,0.0,0.0
4545.0,swap_ry,7.915692598997435,2526.0,12.0,7.933928403647226,0.0,0.0,2.0,0.0,0.0
4546.0,swap_rz,7.933928403647225,2526.0,12.0,7.933928403647226,0.0,0.0,1.0,1.0,0.0
4546.0,stop,7.952650045445748,2527.0,11.0,7.9526500454457345,0.0,0.0,0.0,0.0,0.0
4546.0,stop,7.952650045445748,2528.0,11.0,7.9526500454457345,0.0,0.0,0.0,0.0,0.0
4546.0,stop,7.952650045445748,2529.0,11.0,7.952650045445734,0.0,0.0,0.0,0.0,0.0
4546.0,stop,7.952650045445748,2530.0,11.0,7.952650045445734,0.0,0.0,0.0,0.0,0.0
4546.0,stop,7.952650045445748,2531.0,11.0,7.952650045445733,0.0,0.0,0.0,0.0,0.0
4546.0,stop,7.952650045445748,2532.0,11.0,7.952650045445733,0.0,0.0,0.0,0.0,0.0
4546.0,stop,7.952650045445748,2533.0,11.0,7.952650045445732,0.0,0.0,0.0,0.0,0.0
4546.0,stop,7.952650045445748,2534.0,11.0,7.952650045445732,0.0,0.0,0.0,0.0,0.0
4546.0,stop,7.952650045445748,2535.0,11.0,7.952650045445731,0.0,0.0,0.0,0.0,0.0
4546.0,stop,7.952650045445748,2536.0,11.0,7.952650045445731,0.0,0.0,0.0,0.0,0.0
4546.0,stop,7.952650045445748,2537.0,11.0,7.95265004544573,0.0,0.0,0.0,0.0,0.0
4546.0,stop,7.952650045445748,2538.0,11.0,7.95265004544573,0.0,0.0,0.0,0.0,0.0
4547.0,change_0,7.795004694228775,2539.0,13.0,7.800630001266974,0.0,1.0,0.0,0.0,0.0
4548.0,stop,7.800630001266974,2539.0,12.0,7.800630001266974,0.0,1.0,0.0,0.0,0.0
4549.0,add_cx,7.800630001266974,2539.0,13.0,7.800630001266974,0.0,1.0,0.0,0.0,1.0
4550.0,add_rx,7.25112354505505,2539.0,13.0,7.800630001266974,0.0,2.0,0.0,0.0,0.0
4551.0,add_ry,7.483390300266332,2539.0,13.0,7.800630001266974,0.0,1.0,1.0,0.0,0.0
4552.0,add_rz,7.800630001266974,2539.0,13.0,7.800630001266974,0.0,1.0,0.0,1.0,0.0
4553.0,delete,7.952650045445748,2539.0,13.0,7.800630001266974,0.0,0.0,0.0,0.0,0.0
4554.0,swap_cx,7.952650045445748,2539.0,13.0,7.800630001266974,0.0,0.0,0.0,0.0,1.0
4555.0,swap_rx,7.888314931424682,2539.0,13.0,7.800630001266974,0.0,1.0,0.0,0.0,0.0
4556.0,swap_ry,7.833922286548568,2539.0,13.0,7.800630001266974,0.0,0.0,1.0,0.0,0.0
4557.0,swap_rz,7.952650045445747,2539.0,13.0,7.800630001266974,0.0,0.0,0.0,1.0,0.0
4557.0,stop,7.8085108747139405,2540.0,9.0,7.808510874713936,1.0,0.0,0.0,0.0,0.0
4558.0,stop,7.952650045445748,2541.0,12.0,7.952650045445748,0.0,0.0,0.0,0.0,2.0
4559.0,add_cx,7.952650045445748,2541.0,13.0,7.952650045445748,0.0,0.0,0.0,0.0,3.0
4560.0,add_rx,7.846307611309021,2541.0,13.0,7.952650045445748,0.0,1.0,0.0,0.0,2.0
4561.0,add_ry,7.92791689251024,2541.0,13.0,7.952650045445748,0.0,0.0,1.0,0.0,2.0
4562.0,add_rz,7.952650045445748,2541.0,13.0,7.952650045445748,0.0,0.0,0.0,1.0,2.0
4563.0,delete,7.952650045445748,2541.0,13.0,7.952650045445748,0.0,0.0,0.0,0.0,1.0
4564.0,swap_cx,7.952650045445748,2541.0,13.0,7.952650045445748,0.0,0.0,0.0,0.0,2.0
4565.0,swap_rx,7.95217106388897,2541.0,13.0,7.952650045445748,0.0,1.0,0.0,0.0,1.0
4566.0,swap_ry,7.799600533480714,2541.0,13.0,7.952650045445748,0.0,0.0,1.0,0.0,1.0
4567.0,swap_rz,7.952650045445748,2541.0,13.0,7.952650045445748,0.0,0.0,0.0,1.0,1.0
4568.0,add_cx,7.952650045445748,2542.0,11.0,7.9112564059768475,0.0,0.0,0.0,0.0,1.0
4569.0,stop,7.952650045445748,2543.0,11.0,7.952650045445748,0.0,0.0,0.0,0.0,1.0
4570.0,add_cx,7.952650045445748,2543.0,12.0,7.952650045445748,0.0,0.0,0.0,0.0,2.0
4571.0,add_rx,7.431200967845231,2543.0,12.0,7.952650045445748,0.0,1.0,0.0,0.0,1.0
4572.0,add_ry,7.515141254735396,2543.0,12.0,7.952650045445748,0.0,0.0,1.0,0.0,1.0
4573.0,add_rz,7.952650045445747,2543.0,12.0,7.952650045445748,0.0,0.0,0.0,1.0,1.0
4574.0,delete,7.952650045445748,2543.0,12.0,7.952650045445748,0.0,0.0,0.0,0.0,0.0
4575.0,swap_cx,7.952650045445748,2543.0,12.0,7.952650045445748,0.0,0.0,0.0,0.0,1.0
4576.0,swap_rx,7.750716266703842,2543.0,12.0,7.952650045445748,0.0,1.0,0.0,0.0,0.0
4577.0,swap_ry,7.826680111741741,2543.0,12.0,7.952650045445748,0.0,0.0,1.0,0.0,0.0
4578.0,swap_rz,7.952650045445747,2543.0,12.0,7.952650045445748,0.0,0.0,0.0,1.0,0.0
4578.0,stop,7.952650045445748,2544.0,11.0,7.952650045445748,0.0,0.0,0.0,1.0,0.0
4578.0,stop,7.952650045445749,2545.0,11.0,7.952650045445748,0.0,0.0,0.0,1.0,0.0
4578.0,stop,7.952650045445748,2546.0,11.0,7.952650045445748,0.0,0.0,0.0,1.0,0.0
4579.0,stop,7.952650045445748,2547.0,12.0,7.952650045445748,0.0,0.0,0.0,0.0,1.0
4580.0,add_cx,7.952650045445748,2547.0,13.0,7.952650045445748,0.0,0.0,0.0,0.0,2.0
4581.0,add_rx,7.83840015364076,2547.0,13.0,7.952650045445748,0.0,1.0,0.0,0.0,1.0
4582.0,add_ry,7.947183453854636,2547.0,13.0,7.952650045445748,0.0,0.0,1.0,0.0,1.0
4583.0,add_rz,7.952650045445747,2547.0,13.0,7.952650045445748,0.0,0.0,0.0,1.0,1.0
4584.0,delete,7.952650045445748,2547.0,13.0,7.952650045445748,0.0,0.0,0.0,0.0,0.0
4585.0,swap_cx,7.952650045445748,2547.0,13.0,7.952650045445748,0.0,0.0,0.0,0.0,1.0
4586.0,swap_rx,7.7242175207641495,2547.0,13.0,7.952650045445748,0.0,1.0,0.0,0.0,0.0
4587.0,swap_ry,7.866211483342143,2547.0,13.0,7.952650045445748,0.0,0.0,1.0,0.0,0.0
4588.0,swap_rz,7.952650045445748,2547.0,13.0,7.952650045445748,0.0,0.0,0.0,1.0,0.0
4588.0,stop,7.952650045445748,2548.0,11.0,7.952650045445748,0.0,0.0,0.0,1.0,0.0
4589.0,stop,7.952650045445748,2549.0,12.0,7.952650045445748,0.0,0.0,0.0,0.0,1.0
4590.0,add_cx,7.952650045445748,2549.0,13.0,7.952650045445748,0.0,0.0,0.0,0.0,2.0
4591.0,add_rx,7.764947670488562,2549.0,13.0,7.952650045445748,0.0,1.0,0.0,0.0,1.0
4592.0,add_ry,7.8817245879338795,2549.0,13.0,7.952650045445748,0.0,0.0,1.0,0.0,1.0
4593.0,add_rz,7.952650045445748,2549.0,13.0,7.952650045445748,0.0,0.0,0.0,1.0,1.0
4594.0,delete,7.952650045445748,2549.0,13.0,7.952650045445748,0.0,0.0,0.0,0.0,0.0
4595.0,swap_cx,7.952650045445748,2549.0,13.0,7.952650045445748,0.0,0.0,0.0,0.0,1.0
4596.0,swap_rx,7.939277781598231,2549.0,13.0,7.952650045445748,0.0,1.0,0.0,0.0,0.0
4597.0,swap_ry,7.95207972108942,2549.0,13.0,7.952650045445748,0.0,0.0,1.0,0.0,0.0
4598.0,swap_rz,7.952650045445749,2549.0,13.0,7.952650045445748,0.0,0.0,0.0,1.0,0.0
4598.0,stop,7.952650045445748,2550.0,11.0,7.952650045445748,0.0,0.0,0.0,1.0,0.0
4598.0,stop,7.952650045445748,2551.0,11.0,7.952650045445748,0.0,0.0,0.0,1.0,0.0
4598.0,stop,7.952650045445748,2552.0,11.0,7.952650045445748,0.0,0.0,0.0,1.0,0.0
4598.0,stop,7.952650045445748,2553.0,11.0,7.952650045445748,0.0,0.0,0.0,1.0,0.0
4598.0,stop,7.952650045445748,2554.0,11.0,7.952650045445748,0.0,0.0,0.0,1.0,0.0
4599.0,change_0,7.952650045445749,2555.0,13.0,7.952650045445749,0.0,0.0,0.0,2.0,0.0
4600.0,change_1,7.952650045445748,2555.0,13.0,7.952650045445749,0.0,0.0,0.0,2.0,0.0
4601.0,stop,7.952650045445749,2555.0,12.0,7.952650045445749,0.0,0.0,0.0,2.0,0.0
4602.0,add_cx,7.952650045445749,2555.0,13.0,7.952650045445749,0.0,0.0,0.0,2.0,1.0
4603.0,add_rx,7.836219515415623,2555.0,13.0,7.952650045445749,0.0,1.0,0.0,2.0,0.0
4604.0,add_ry,7.513020818786878,2555.0,13.0,7.952650045445749,0.0,0.0,1.0,2.0,0.0
4605.0,add_rz,7.952650045445748,2555.0,13.0,7.952650045445749,0.0,0.0,0.0,3.0,0.0
4606.0,delete,7.952650045445748,2555.0,13.0,7.952650045445749,0.0,0.0,0.0,1.0,0.0
4607.0,swap_cx,7.952650045445748,2555.0,13.0,7.952650045445749,0.0,0.0,0.0,1.0,1.0
4608.0,swap_rx,7.951418557829292,2555.0,13.0,7.952650045445749,0.0,1.0,0.0,1.0,0.0
4609.0,swap_ry,7.90351807760808,2555.0,13.0,7.952650045445749,0.0,0.0,1.0,1.0,0.0
4610.0,swap_rz,7.952650045445749,2555.0,13.0,7.952650045445749,0.0,0.0,0.0,2.0,0.0
4610.0,stop,7.952650045445748,2556.0,11.0,7.952650045445748,0.0,0.0,0.0,1.0,0.0
4610.0,stop,7.952650045445748,2557.0,11.0,7.952650045445748,0.0,0.0,0.0,1.0,0.0
4611.0,change_0,7.952650045445747,2558.0,13.0,7.952650045445747,0.0,0.0,0.0,2.0,0.0
4612.0,change_1,7.952650045445748,2558.0,13.0,7.952650045445747,0.0,0.0,0.0,2.0,0.0
4613.0,stop,7.952650045445747,2558.0,12.0,7.952650045445747,0.0,0.0,0.0,2.0,0.0
4614.0,add_cx,7.873824632075484,2558.0,13.0,7.952650045445747,0.0,0.0,0.0,2.0,1.0
4615.0,add_rx,7.69093368137138,2558.0,13.0,7.952650045445747,0.0,1.0,0.0,2.0,0.0
4616.0,add_ry,7.773082401827736,2558.0,13.0,7.952650045445747,0.0,0.0,1.0,2.0,0.0
4617.0,add_rz,7.952650045445747,2558.0,13.0,7.952650045445747,0.0,0.0,0.0,3.0,0.0
4618.0,delete,7.952650045445748,2558.0,13.0,7.952650045445747,0.0,0.0,0.0,1.0,0.0
4619.0,swap_cx,7.952650045445748,2558.0,13.0,7.952650045445747,0.0,0.0,0.0,1.0,1.0
4620.0,swap_rx,7.890677096137503,2558.0,13.0,7.952650045445747,0.0,1.0,0.0,1.0,0.0
4621.0,swap_ry,7.665542660739594,2558.0,13.0,7.952650045445747,0.0,0.0,1.0,1.0,0.0
4622.0,swap_rz,7.952650045445747,2558.0,13.0,7.952650045445747,0.0,0.0,0.0,2.0,0.0
4622.0,stop,7.917577961213985,2559.0,11.0,7.917577961213985,0.0,1.0,0.0,0.0,0.0
4622.0,stop,7.917577961213985,2560.0,11.0,7.917577961213985,0.0,1.0,0.0,0.0,0.0
4622.0,stop,7.917577961213985,2561.0,11.0,7.917577961213985,0.0,1.0,0.0,0.0,0.0
4623.0,stop,7.952650045445748,2562.0,12.0,7.952650045445748,0.0,0.0,0.0,0.0,1.0
4624.0,add_cx,7.664371703982135,2562.0,13.0,7.952650045445748,0.0,0.0,0.0,0.0,2.0
4625.0,add_rx,7.938456624758382,2562.0,13.0,7.952650045445748,0.0,1.0,0.0,0.0,1.0
4626.0,add_ry,7.8765751721054595,2562.0,13.0,7.952650045445748,0.0,0.0,1.0,0.0,1.0
4627.0,add_rz,7.952650045445748,2562.0,13.0,7.952650045445748,0.0,0.0,0.0,1.0,1.0
4628.0,delete,7.952650045445748,2562.0,13.0,7.952650045445748,0.0,0.0,0.0,0.0,0.0
4629.0,swap_cx,7.952650045445748,2562.0,13.0,7.952650045445748,0.0,0.0,0.0,0.0,1.0
4630.0,swap_rx,7.8664087852630065,2562.0,13.0,7.952650045445748,0.0,1.0,0.0,0.0,0.0
4631.0,swap_ry,7.950332760164102,2562.0,13.0,7.952650045445748,0.0,0.0,1.0,0.0,0.0
4632.0,swap_rz,7.952650045445748,2562.0,13.0,7.952650045445748,0.0,0.0,0.0,1.0,0.0
4632.0,stop,7.9431068034538725,2563.0,11.0,7.9431068034538725,0.0,0.0,1.0,0.0,0.0
4633.0,change_0,7.9329093945535325,2564.0,13.0,7.935649320156511,0.0,0.0,1.0,0.0,0.0
4634.0,stop,7.935649320156511,2564.0,12.0,7.935649320156511,0.0,0.0,1.0,0.0,0.0
4635.0,add_cx,7.783552152934364,2564.0,13.0,7.935649320156511,0.0,0.0,1.0,0.0,1.0
4636.0,add_rx,7.394573034093209,2564.0,13.0,7.935649320156511,0.0,1.0,1.0,0.0,0.0
4637.0,add_ry,7.914960843320612,2564.0,13.0,7.935649320156511,0.0,0.0,2.0,0.0,0.0
4638.0,add_rz,7.935649320156511,2564.0,13.0,7.935649320156511,0.0,0.0,1.0,1.0,0.0
4639.0,delete,7.952650045445748,2564.0,13.0,7.935649320156511,0.0,0.0,0.0,0.0,0.0
4640.0,swap_cx,7.952650045445748,2564.0,13.0,7.935649320156511,0.0,0.0,0.0,0.0,1.0
4641.0,swap_rx,7.875955249328904,2564.0,13.0,7.935649320156511,0.0,1.0,0.0,0.0,0.0
4642.0,swap_ry,7.927479295967606,2564.0,13.0,7.935649320156511,0.0,0.0,1.0,0.0,0.0
4643.0,swap_rz,7.952650045445747,2564.0,13.0,7.935649320156511,0.0,0.0,0.0,1.0,0.0
4644.0,change_0,7.915376238546914,2565.0,13.0,7.922388163949153,0.0,1.0,0.0,0.0,0.0
4645.0,stop,7.922388163949153,2565.0,12.0,7.922388163949153,0.0,1.0,0.0,0.0,0.0
4646.0,add_cx,7.274159934829905,2565.0,13.0,7.922388163949153,0.0,1.0,0.0,0.0,1.0
4647.0,add_rx,7.730250009850753,2565.0,13.0,7.922388163949153,0.0,2.0,0.0,0.0,0.0
4648.0,add_ry,7.920712100550181,2565.0,13.0,7.922388163949153,0.0,1.0,1.0,0.0,0.0
4649.0,add_rz,7.922388163949153,2565.0,13.0,7.922388163949153,0.0,1.0,0.0,1.0,0.0
4650.0,delete,7.952650045445748,2565.0,13.0,7.922388163949153,0.0,0.0,0.0,0.0,0.0
4651.0,swap_cx,7.952650045445748,2565.0,13.0,7.922388163949153,0.0,0.0,0.0,0.0,1.0
4652.0,swap_rx,7.768776852407346,2565.0,13.0,7.922388163949153,0.0,1.0,0.0,0.0,0.0
4653.0,swap_ry,7.887758319443217,2565.0,13.0,7.922388163949153,0.0,0.0,1.0,0.0,0.0
4654.0,swap_rz,7.952650045445747,2565.0,13.0,7.922388163949153,0.0,0.0,0.0,1.0,0.0
4655.0,add_rx,7.952649405258484,2566.0,11.0,7.872924282273227,0.0,1.0,0.0,0.0,0.0
4656.0,change_0,7.952170660763509,2567.0,12.0,7.952649405258484,0.0,1.0,0.0,0.0,0.0
4657.0,stop,7.952649405258484,2567.0,11.0,7.952649405258484,0.0,1.0,0.0,0.0,0.0
4658.0,add_cx,7.952649405258484,2567.0,12.0,7.952649405258484,0.0,1.0,0.0,0.0,1.0
4659.0,add_rx,7.913552561602186,2567.0,12.0,7.952649405258484,0.0,2.0,0.0,0.0,0.0
4660.0,add_ry,7.9403237446735755,2567.0,12.0,7.952649405258484,0.0,1.0,1.0,0.0,0.0
4661.0,add_rz,7.952649405258484,2567.0,12.0,7.952649405258484,0.0,1.0,0.0,1.0,0.0
4662.0,delete,7.952650045445748,2567.0,12.0,7.952649405258484,0.0,0.0,0.0,0.0,0.0
4663.0,swap_cx,7.952650045445748,2567.0,12.0,7.952649405258484,0.0,0.0,0.0,0.0,1.0
4664.0,swap_rx,7.790166653452436,2567.0,12.0,7.952649405258484,0.0,1.0,0.0,0.0,0.0
4665.0,swap_ry,7.952639508871676,2567.0,12.0,7.952649405258484,0.0,0.0,1.0,0.0,0.0
4666.0,swap_rz,7.952650045445749,2567.0,12.0,7.952649405258484,0.0,0.0,0.0,1.0,0.0
4667.0,stop,7.952650045445748,2568.0,12.0,7.952650045445748,0.0,0.0,0.0,0.0,0.0
4668.0,add_cx,7.952650045445748,2568.0,13.0,7.952650045445748,0.0,0.0,0.0,0.0,1.0
4669.0,add_rx,7.397054195765138,2568.0,13.0,7.952650045445748,0.0,1.0,0.0,0.0,0.0
4670.0,add_ry,7.910708768973212,2568.0,13.0,7.952650045445748,0.0,0.0,1.0,0.0,0.0
4671.0,add_rz,7.952650045445748,2568.0,13.0,7.952650045445748,0.0,0.0,0.0,1.0,0.0
4671.0,stop,7.8085108747139405,2569.0,9.0,7.808510874713936,1.0,0.0,0.0,0.0,0.0
4672.0,stop,7.952650045445748,2570.0,12.0,7.952650045445748,0.0,0.0,0.0,0.0,0.0
4673.0,add_cx,7.397040644518791,2570.0,13.0,7.952650045445748,0.0,0.0,0.0,0.0,1.0
4674.0,add_rx,7.876761629334676,2570.0,13.0,7.952650045445748,0.0,1.0,0.0,0.0,0.0
4675.0,add_ry,7.886157557874308,2570.0,13.0,7.952650045445748,0.0,0.0,1.0,0.0,0.0
4676.0,add_rz,7.952650045445747,2570.0,13.0,7.952650045445748,0.0,0.0,0.0,1.0,0.0
4676.0,stop,7.8085108747139405,2571.0,9.0,7.808510874713936,1.0,0.0,0.0,0.0,0.0
4677.0,change_0,7.952650045445749,2572.0,13.0,7.952650045445748,0.0,0.0,0.0,2.0,0.0
4678.0,change_1,7.952650045445749,2572.0,13.0,7.952650045445748,0.0,0.0,0.0,2.0,0.0
4679.0,stop,7.952650045445748,2572.0,12.0,7.952650045445748,0.0,0.0,0.0,2.0,0.0
4680.0,add_cx,7.952650045445748,2572.0,13.0,7.952650045445748,0.0,0.0,0.0,2.0,1.0
4681.0,add_rx,7.811767160215915,2572.0,13.0,7.952650045445748,0.0,1.0,0.0,2.0,0.0
4682.0,add_ry,7.9390766411823375,2572.0,13.0,7.952650045445748,0.0,0.0,1.0,2.0,0.0
4683.0,add_rz,7.952650045445749,2572.0,13.0,7.952650045445748,0.0,0.0,0.0,3.0,0.0
4684.0,delete,7.952650045445749,2572.0,13.0,7.952650045445748,0.0,0.0,0.0,1.0,0.0
4685.0,swap_cx,7.952650045445749,2572.0,13.0,7.952650045445748,0.0,0.0,0.0,1.0,1.0
4686.0,swap_rx,7.941510605328284,2572.0,13.0,7.952650045445748,0.0,1.0,0.0,1.0,0.0
4687.0,swap_ry,7.718495748241124,2572.0,13.0,7.952650045445748,0.0,0.0,1.0,1.0,0.0
4688.0,swap_rz,7.952650045445748,2572.0,13.0,7.952650045445748,0.0,0.0,0.0,2.0,0.0
4689.0,add_rz,7.952650045445747,2573.0,11.0,7.8991902762380795,0.0,0.0,0.0,1.0,0.0
4690.0,change_0,7.952650045445748,2574.0,12.0,7.952650045445747,0.0,0.0,0.0,1.0,0.0
4691.0,stop,7.952650045445747,2574.0,11.0,7.952650045445747,0.0,0.0,0.0,1.0,0.0
4692.0,add_cx,7.397040644518788,2574.0,12.0,7.952650045445747,0.0,0.0,0.0,1.0,1.0
4693.0,add_rx,7.810587561084256,2574.0,12.0,7.952650045445747,0.0,1.0,0.0,1.0,0.0
4694.0,add_ry,7.948474482704612,2574.0,12.0,7.952650045445747,0.0,0.0,1.0,1.0,0.0
4695.0,add_rz,7.952650045445747,2574.0,12.0,7.952650045445747,0.0,0.0,0.0,2.0,0.0
4696.0,delete,7.952650045445748,2574.0,12.0,7.952650045445747,0.0,0.0,0.0,0.0,0.0
4697.0,swap_cx,7.952650045445748,2574.0,12.0,7.952650045445747,0.0,0.0,0.0,0.0,1.0
4698.0,swap_rx,7.808402335500409,2574.0,12.0,7.952650045445747,0.0,1.0,0.0,0.0,0.0
4699.0,swap_ry,7.951258578394622,2574.0,12.0,7.952650045445747,0.0,0.0,1.0,0.0,0.0
4700.0,swap_rz,7.952650045445747,2574.0,12.0,7.952650045445747,0.0,0.0,0.0,1.0,0.0
4701.0,change_0,7.952650045445747,2575.0,13.0,7.952650045445748,0.0,0.0,0.0,1.0,0.0
4702.0,stop,7.952650045445748,2575.0,12.0,7.952650045445748,0.0,0.0,0.0,1.0,0.0
4703.0,add_cx,7.952650045445748,2575.0,13.0,7.952650045445748,0.0,0.0,0.0,1.0,1.0
4704.0,add_rx,7.940987599905712,2575.0,13.0,7.952650045445748,0.0,1.0,0.0,1.0,0.0
4705.0,add_ry,7.925196682376683,2575.0,13.0,7.952650045445748,0.0,0.0,1.0,1.0,0.0
4706.0,add_rz,7.952650045445747,2575.0,13.0,7.952650045445748,0.0,0.0,0.0,2.0,0.0
4707.0,delete,7.952650045445748,2575.0,13.0,7.952650045445748,0.0,0.0,0.0,0.0,0.0
4708.0,swap_cx,7.397040644518791,2575.0,13.0,7.952650045445748,0.0,0.0,0.0,0.0,1.0
4709.0,swap_rx,7.918059129734675,2575.0,13.0,7.952650045445748,0.0,1.0,0.0,0.0,0.0
4710.0,swap_ry,7.844682293000415,2575.0,13.0,7.952650045445748,0.0,0.0,1.0,0.0,0.0
4711.0,swap_rz,7.952650045445749,2575.0,13.0,7.952650045445748,0.0,0.0,0.0,1.0,0.0
4712.0,change_0,7.95176638841471,2576.0,13.0,7.950572278711364,0.0,1.0,0.0,0.0,0.0
4713.0,stop,7.950572278711364,2576.0,12.0,7.950572278711364,0.0,1.0,0.0,0.0,0.0
4714.0,add_cx,7.950572278711364,2576.0,13.0,7.950572278711364,0.0,1.0,0.0,0.0,1.0
4715.0,add_rx,7.845712129103632,2576.0,13.0,7.950572278711364,0.0,2.0,0.0,0.0,0.0
4716.0,add_ry,7.55566849506562,2576.0,13.0,7.950572278711364,0.0,1.0,1.0,0.0,0.0
4717.0,add_rz,7.950572278711364,2576.0,13.0,7.950572278711364,0.0,1.0,0.0,1.0,0.0
4718.0,delete,7.952650045445748,2576.0,13.0,7.950572278711364,0.0,0.0,0.0,0.0,0.0
4719.0,swap_cx,7.952650045445748,2576.0,13.0,7.950572278711364,0.0,0.0,0.0,0.0,1.0
4720.0,swap_rx,7.894985337939984,2576.0,13.0,7.950572278711364,0.0,1.0,0.0,0.0,0.0
4721.0,swap_ry,7.95182091617339,2576.0,13.0,7.950572278711364,0.0,0.0,1.0,0.0,0.0
4722.0,swap_rz,7.952650045445748,2576.0,13.0,7.950572278711364,0.0,0.0,0.0,1.0,0.0
4723.0,change_0,7.95189816312046,2577.0,13.0,7.950597356831834,0.0,1.0,0.0,0.0,0.0
4724.0,stop,7.950597356831834,2577.0,12.0,7.950597356831834,0.0,1.0,0.0,0.0,0.0
4725.0,add_cx,7.389362190710024,2577.0,13.0,7.950597356831834,0.0,1.0,0.0,0.0,1.0
4726.0,add_rx,7.782018117292524,2577.0,13.0,7.950597356831834,0.0,2.0,0.0,0.0,0.0
4727.0,add_ry,7.503562518984473,2577.0,13.0,7.950597356831834,0.0,1.0,1.0,0.0,0.0
4728.0,add_rz,7.9505973568318336,2577.0,13.0,7.950597356831834,0.0,1.0,0.0,1.0,0.0
4729.0,delete,7.952650045445748,2577.0,13.0,7.950597356831834,0.0,0.0,0.0,0.0,0.0
4730.0,swap_cx,7.952650045445748,2577.0,13.0,7.950597356831834,0.0,0.0,0.0,0.0,1.0
4731.0,swap_rx,7.949827066034858,2577.0,13.0,7.950597356831834,0.0,1.0,0.0,0.0,0.0
4732.0,swap_ry,7.89724470896066,2577.0,13.0,7.950597356831834,0.0,0.0,1.0,0.0,0.0
4733.0,swap_rz,7.952650045445748,2577.0,13.0,7.950597356831834,0.0,0.0,0.0,1.0,0.0
4733.0,stop,7.8085108747139405,2578.0,9.0,7.808510874713936,1.0,0.0,0.0,0.0,0.0
4734.0,add_rz,7.808510874713939,2579.0,10.0,7.829189805368696,1.0,0.0,0.0,1.0,0.0
4735.0,stop,7.952650045445748,2580.0,12.0,7.952650045445748,0.0,0.0,0.0,0.0,0.0
4736.0,add_cx,7.952650045445748,2580.0,13.0,7.952650045445748,0.0,0.0,0.0,0.0,1.0
4737.0,add_rx,7.877075554635951,2580.0,13.0,7.952650045445748,0.0,1.0,0.0,0.0,0.0
4738.0,add_ry,7.792717931020791,2580.0,13.0,7.952650045445748,0.0,0.0,1.0,0.0,0.0
4739.0,add_rz,7.952650045445748,2580.0,13.0,7.952650045445748,0.0,0.0,0.0,1.0,0.0
4740.0,stop,7.952650045445748,2581.0,12.0,7.952650045445748,0.0,0.0,0.0,0.0,0.0
4741.0,add_cx,7.952650045445748,2581.0,13.0,7.952650045445748,0.0,0.0,0.0,0.0,1.0
4742.0,add_rx,7.6707736738567736,2581.0,13.0,7.952650045445748,0.0,1.0,0.0,0.0,0.0
4743.0,add_ry,7.815661945476419,2581.0,13.0,7.952650045445748,0.0,0.0,1.0,0.0,0.0
4744.0,add_rz,7.952650045445749,2581.0,13.0,7.952650045445748,0.0,0.0,0.0,1.0,0.0
4744.0,stop,7.952649405258484,2582.0,11.0,7.952649405258484,0.0,1.0,0.0,0.0,0.0
4745.0,change_0,7.952642778658868,2583.0,13.0,7.952170660763509,0.0,1.0,0.0,0.0,0.0
4746.0,stop,7.952170660763509,2583.0,12.0,7.952170660763509,0.0,1.0,0.0,0.0,0.0
4747.0,add_cx,7.664851088664372,2583.0,13.0,7.952170660763509,0.0,1.0,0.0,0.0,1.0
4748.0,add_rx,7.909873737202666,2583.0,13.0,7.952170660763509,0.0,2.0,0.0,0.0,0.0
4749.0,add_ry,7.802962767244465,2583.0,13.0,7.952170660763509,0.0,1.0,1.0,0.0,0.0
4750.0,add_rz,7.952170660763511,2583.0,13.0,7.952170660763509,0.0,1.0,0.0,1.0,0.0
4751.0,delete,7.952650045445748,2583.0,13.0,7.952170660763509,0.0,0.0,0.0,0.0,0.0
4752.0,swap_cx,7.952650045445748,2583.0,13.0,7.952170660763509,0.0,0.0,0.0,0.0,1.0
4753.0,swap_rx,7.935436541471702,2583.0,13.0,7.952170660763509,0.0,1.0,0.0,0.0,0.0
4754.0,swap_ry,7.95183646419057,2583.0,13.0,7.952170660763509,0.0,0.0,1.0,0.0,0.0
4755.0,swap_rz,7.952650045445749,2583.0,13.0,7.952170660763509,0.0,0.0,0.0,1.0,0.0
4755.0,stop,7.952649405258484,2584.0,11.0,7.952649405258484,0.0,1.0,0.0,0.0,0.0
4755.0,stop,7.952649405258484,2585.0,11.0,7.952649405258484,0.0,1.0,0.0,0.0,0.0
4755.0,stop,7.952649405258484,2586.0,11.0,7.952649405258484,0.0,1.0,0.0,0.0,0.0
4756.0,change_0,7.950788563016651,2587.0,13.0,7.952649405258484,0.0,1.0,0.0,0.0,1.0
4757.0,stop,7.952649405258484,2587.0,12.0,7.952649405258484,0.0,1.0,0.0,0.0,1.0
4758.0,add_cx,7.952649405258484,2587.0,13.0,7.952649405258484,0.0,1.0,0.0,0.0,2.0
4759.0,add_rx,7.932364323081455,2587.0,13.0,7.952649405258484,0.0,2.0,0.0,0.0,1.0
4760.0,add_ry,7.950762410150464,2587.0,13.0,7.952649405258484,0.0,1.0,1.0,0.0,1.0
4761.0,add_rz,7.952649405258483,2587.0,13.0,7.952649405258484,0.0,1.0,0.0,1.0,1.0
4762.0,delete,7.952649405258484,2587.0,13.0,7.952649405258484,0.0,1.0,0.0,0.0,0.0
4763.0,swap_cx,7.952650045445748,2587.0,13.0,7.952649405258484,0.0,0.0,0.0,0.0,2.0
4764.0,swap_rx,7.669825779707252,2587.0,13.0,7.952649405258484,0.0,1.0,0.0,0.0,1.0
4765.0,swap_ry,7.8787228060771115,2587.0,13.0,7.952649405258484,0.0,0.0,1.0,0.0,1.0
4766.0,swap_rz,7.952650045445748,2587.0,13.0,7.952649405258484,0.0,0.0,0.0,1.0,1.0
4767.0,change_0,7.952650045445749,2588.0,13.0,7.952650045445749,0.0,0.0,0.0,1.0,0.0
4768.0,stop,7.952650045445749,2588.0,12.0,7.952650045445749,0.0,0.0,0.0,1.0,0.0
4769.0,add_cx,7.664371703982135,2588.0,13.0,7.952650045445749,0.0,0.0,0.0,1.0,1.0
4770.0,add_rx,7.942783204141942,2588.0,13.0,7.952650045445749,0.0,1.0,0.0,1.0,0.0
4771.0,add_ry,7.603080093268832,2588.0,13.0,7.952650045445749,0.0,0.0,1.0,1.0,0.0
4772.0,add_rz,7.952650045445749,2588.0,13.0,7.952650045445749,0.0,0.0,0.0,2.0,0.0
4773.0,delete,7.952650045445748,2588.0,13.0,7.952650045445749,0.0,0.0,0.0,0.0,0.0
4774.0,swap_cx,7.789984187021045,2588.0,13.0,7.952650045445749,0.0,0.0,0.0,0.0,1.0
4775.0,swap_rx,7.952573891372466,2588.0,13.0,7.952650045445749,0.0,1.0,0.0,0.0,0.0
4776.0,swap_ry,7.896593378176724,2588.0,13.0,7.952650045445749,0.0,0.0,1.0,0.0,0.0
4777.0,swap_rz,7.952650045445747,2588.0,13.0,7.952650045445749,0.0,0.0,0.0,1.0,0.0
4778.0,stop,7.952650045445748,2589.0,12.0,7.952650045445748,0.0,0.0,0.0,0.0,0.0
4779.0,add_cx,7.397040644518788,2589.0,13.0,7.952650045445748,0.0,0.0,0.0,0.0,1.0
4780.0,add_rx,7.871880452268657,2589.0,13.0,7.952650045445748,0.0,1.0,0.0,0.0,0.0
4781.0,add_ry,7.900191583553197,2589.0,13.0,7.952650045445748,0.0,0.0,1.0,0.0,0.0
4782.0,add_rz,7.952650045445748,2589.0,13.0,7.952650045445748,0.0,0.0,0.0,1.0,0.0
4782.0,stop,7.8085108747139405,2590.0,9.0,7.808510874713936,1.0,0.0,0.0,0.0,0.0
4783.0,add_rz,7.808510874713939,2591.0,10.0,7.827599118395254,1.0,0.0,0.0,1.0,0.0
4784.0,change_0,7.669735273314126,2592.0,12.0,7.6782958364607845,0.0,1.0,0.0,0.0,0.0
4785.0,stop,7.6782958364607845,2592.0,11.0,7.6782958364607845,0.0,1.0,0.0,0.0,0.0
4786.0,add_cx,7.774006101635059,2592.0,12.0,7.6782958364607845,0.0,1.0,0.0,0.0,1.0
4787.0,add_rx,7.773111339937743,2592.0,12.0,7.6782958364607845,0.0,2.0,0.0,0.0,0.0
4788.0,add_ry,7.69540855961178,2592.0,12.0,7.6782958364607845,0.0,1.0,1.0,0.0,0.0
4789.0,add_rz,7.678295836460784,2592.0,12.0,7.6782958364607845,0.0,1.0,0.0,1.0,0.0
4790.0,delete,7.952650045445748,2592.0,12.0,7.6782958364607845,0.0,0.0,0.0,0.0,0.0
4791.0,swap_cx,7.952650045445748,2592.0,12.0,7.6782958364607845,0.0,0.0,0.0,0.0,1.0
4792.0,swap_rx,7.9355402821094,2592.0,12.0,7.6782958364607845,0.0,1.0,0.0,0.0,0.0
4793.0,swap_ry,7.56908831988474,2592.0,12.0,7.6782958364607845,0.0,0.0,1.0,0.0,0.0
4794.0,swap_rz,7.952650045445749,2592.0,12.0,7.6782958364607845,0.0,0.0,0.0,1.0,0.0
4794.0,stop,7.952650045445748,2593.0,11.0,7.952650045445748,0.0,0.0,0.0,0.0,1.0
4794.0,stop,7.952650045445748,2594.0,11.0,7.952650045445748,0.0,0.0,0.0,0.0,1.0
4794.0,stop,7.952650045445748,2595.0,11.0,7.952650045445748,0.0,0.0,0.0,0.0,1.0
4794.0,stop,7.952650045445748,2596.0,11.0,7.952650045445748,0.0,0.0,0.0,0.0,1.0
4795.0,stop,7.952650045445748,2597.0,12.0,7.952650045445748,0.0,0.0,0.0,0.0,1.0
4796.0,add_cx,7.952650045445748,2597.0,13.0,7.952650045445748,0.0,0.0,0.0,0.0,2.0
4797.0,add_rx,7.890210499144072,2597.0,13.0,7.952650045445748,0.0,1.0,0.0,0.0,1.0
4798.0,add_ry,7.818483444310864,2597.0,13.0,7.952650045445748,0.0,0.0,1.0,0.0,1.0
4799.0,add_rz,7.952650045445749,2597.0,13.0,7.952650045445748,0.0,0.0,0.0,1.0,1.0
4800.0,delete,7.952650045445748,2597.0,13.0,7.952650045445748,0.0,0.0,0.0,0.0,0.0
4801.0,swap_cx,7.952650045445748,2597.0,13.0,7.952650045445748,0.0,0.0,0.0,0.0,1.0
4802.0,swap_rx,7.952639767665175,2597.0,13.0,7.952650045445748,0.0,1.0,0.0,0.0,0.0
4803.0,swap_ry,7.7913453691262875,2597.0,13.0,7.952650045445748,0.0,0.0,1.0,0.0,0.0
4804.0,swap_rz,7.952650045445747,2597.0,13.0,7.952650045445748,0.0,0.0,0.0,1.0,0.0
4805.0,stop,7.952650045445748,2598.0,12.0,7.952650045445748,0.0,0.0,0.0,0.0,0.0
4806.0,add_cx,7.952650045445748,2598.0,13.0,7.952650045445748,0.0,0.0,0.0,0.0,1.0
4807.0,add_rx,7.923890273281821,2598.0,13.0,7.952650045445748,0.0,1.0,0.0,0.0,0.0
4808.0,add_ry,7.896024386719939,2598.0,13.0,7.952650045445748,0.0,0.0,1.0,0.0,0.0
4809.0,add_rz,7.952650045445747,2598.0,13.0,7.952650045445748,0.0,0.0,0.0,1.0,0.0
4810.0,add_rx,7.8796428992959004,2599.0,11.0,7.843553189067484,0.0,1.0,0.0,0.0,0.0
4811.0,change_0,7.8809954431006775,2600.0,12.0,7.8796428992959004,0.0,1.0,0.0,0.0,0.0
4812.0,stop,7.8796428992959004,2600.0,11.0,7.8796428992959004,0.0,1.0,0.0,0.0,0.0
4813.0,add_cx,7.493576031518194,2600.0,12.0,7.8796428992959004,0.0,1.0,0.0,0.0,1.0
4814.0,add_rx,7.878001136554801,2600.0,12.0,7.8796428992959004,0.0,2.0,0.0,0.0,0.0
4815.0,add_ry,7.33935898345301,2600.0,12.0,7.8796428992959004,0.0,1.0,1.0,0.0,0.0
4816.0,add_rz,7.8796428992959,2600.0,12.0,7.8796428992959004,0.0,1.0,0.0,1.0,0.0
4817.0,delete,7.952650045445748,2600.0,12.0,7.8796428992959004,0.0,0.0,0.0,0.0,0.0
4818.0,swap_cx,7.952650045445748,2600.0,12.0,7.8796428992959004,0.0,0.0,0.0,0.0,1.0
4819.0,swap_rx,7.935491500141334,2600.0,12.0,7.8796428992959004,0.0,1.0,0.0,0.0,0.0
4820.0,swap_ry,7.860952513229728,2600.0,12.0,7.8796428992959004,0.0,0.0,1.0,0.0,0.0
4821.0,swap_rz,7.952650045445748,2600.0,12.0,7.8796428992959004,0.0,0.0,0.0,1.0,0.0
4822.0,stop,7.952650045445748,2601.0,12.0,7.952650045445748,0.0,0.0,0.0,0.0,0.0
4823.0,add_cx,7.952650045445748,2601.0,13.0,7.952650045445748,0.0,0.0,0.0,0.0,1.0
4824.0,add_rx,7.724416999432533,2601.0,13.0,7.952650045445748,0.0,1.0,0.0,0.0,0.0
4825.0,add_ry,7.8748772095136905,2601.0,13.0,7.952650045445748,0.0,0.0,1.0,0.0,0.0
4826.0,add_rz,7.952650045445747,2601.0,13.0,7.952650045445748,0.0,0.0,0.0,1.0,0.0
4826.0,stop,7.952650045445748,2602.0,11.0,7.952650045445748,0.0,0.0,0.0,0.0,1.0
4826.0,stop,7.952650045445748,2603.0,11.0,7.952650045445748,0.0,0.0,0.0,0.0,1.0
4826.0,stop,7.952650045445748,2604.0,11.0,7.952650045445749,0.0,0.0,0.0,0.0,1.0
4826.0,stop,7.940370512122858,2605.0,11.0,7.940370512122858,0.0,0.0,1.0,0.0,0.0
4826.0,stop,7.952650045445748,2606.0,11.0,7.952650045445749,0.0,0.0,0.0,0.0,1.0
4826.0,stop,7.940370512122858,2607.0,11.0,7.940370512122858,0.0,0.0,1.0,0.0,0.0
4827.0,stop,7.952650045445748,2608.0,12.0,7.952650045445748,0.0,0.0,0.0,0.0,2.0
4828.0,add_cx,7.952650045445748,2608.0,13.0,7.952650045445748,0.0,0.0,0.0,0.0,3.0
4829.0,add_rx,7.949779264278065,2608.0,13.0,7.952650045445748,0.0,1.0,0.0,0.0,2.0
4830.0,add_ry,7.951300010122196,2608.0,13.0,7.952650045445748,0.0,0.0,1.0,0.0,2.0
4831.0,add_rz,7.952650045445748,2608.0,13.0,7.952650045445748,0.0,0.0,0.0,1.0,2.0
4832.0,delete,7.952650045445748,2608.0,13.0,7.952650045445748,0.0,0.0,0.0,0.0,1.0
4833.0,swap_cx,7.873824632075483,2608.0,13.0,7.952650045445748,0.0,0.0,0.0,0.0,2.0
4834.0,swap_rx,7.950922319901166,2608.0,13.0,7.952650045445748,0.0,1.0,0.0,0.0,1.0
4835.0,swap_ry,7.919328801479131,2608.0,13.0,7.952650045445748,0.0,0.0,1.0,0.0,1.0
4836.0,swap_rz,7.952650045445747,2608.0,13.0,7.952650045445748,0.0,0.0,0.0,1.0,1.0
4836.0,stop,7.940370512122858,2609.0,11.0,7.940370512122858,0.0,0.0,1.0,0.0,0.0
4837.0,stop,7.952650045445748,2610.0,12.0,7.952650045445748,0.0,0.0,0.0,0.0,1.0
4838.0,add_cx,7.952650045445748,2610.0,13.0,7.952650045445748,0.0,0.0,0.0,0.0,2.0
4839.0,add_rx,7.936571653680199,2610.0,13.0,7.952650045445748,0.0,1.0,0.0,0.0,1.0
4840.0,add_ry,7.862124964932253,2610.0,13.0,7.952650045445748,0.0,0.0,1.0,0.0,1.0
4841.0,add_rz,7.952650045445747,2610.0,13.0,7.952650045445748,0.0,0.0,0.0,1.0,1.0
4842.0,delete,7.952650045445748,2610.0,13.0,7.952650045445748,0.0,0.0,0.0,0.0,0.0
4843.0,swap_cx,7.952650045445748,2610.0,13.0,7.952650045445748,0.0,0.0,0.0,0.0,1.0
4844.0,swap_rx,7.801392241876682,2610.0,13.0,7.952650045445748,0.0,1.0,0.0,0.0,0.0
4845.0,swap_ry,7.900038811724009,2610.0,13.0,7.952650045445748,0.0,0.0,1.0,0.0,0.0
4846.0,swap_rz,7.952650045445749,2610.0,13.0,7.952650045445748,0.0,0.0,0.0,1.0,0.0
4847.0,stop,7.952650045445748,2611.0,12.0,7.952650045445748,0.0,0.0,0.0,0.0,0.0
4848.0,add_cx,7.952650045445748,2611.0,13.0,7.952650045445748,0.0,0.0,0.0,0.0,1.0
4849.0,add_rx,7.846931572850258,2611.0,13.0,7.952650045445748,0.0,1.0,0.0,0.0,0.0
4850.0,add_ry,7.831687220651447,2611.0,13.0,7.952650045445748,0.0,0.0,1.0,0.0,0.0
4851.0,add_rz,7.952650045445749,2611.0,13.0,7.952650045445748,0.0,0.0,0.0,1.0,0.0
4852.0,change_0,7.952650045445748,2612.0,13.0,7.952650045445749,0.0,0.0,0.0,2.0,0.0
4853.0,change_1,7.952650045445749,2612.0,13.0,7.952650045445749,0.0,0.0,0.0,2.0,0.0
4854.0,stop,7.952650045445749,2612.0,12.0,7.952650045445749,0.0,0.0,0.0,2.0,0.0
4855.0,add_cx,7.952650045445749,2612.0,13.0,7.952650045445749,0.0,0.0,0.0,2.0,1.0
4856.0,add_rx,7.934089904855675,2612.0,13.0,7.952650045445749,0.0,1.0,0.0,2.0,0.0
4857.0,add_ry,7.94158898214807,2612.0,13.0,7.952650045445749,0.0,0.0,1.0,2.0,0.0
4858.0,add_rz,7.95265004544575,2612.0,13.0,7.952650045445749,0.0,0.0,0.0,3.0,0.0
4859.0,delete,7.952650045445748,2612.0,13.0,7.952650045445749,0.0,0.0,0.0,1.0,0.0
4860.0,swap_cx,7.952650045445748,2612.0,13.0,7.952650045445749,0.0,0.0,0.0,1.0,1.0
4861.0,swap_rx,7.915721245041457,2612.0,13.0,7.952650045445749,0.0,1.0,0.0,1.0,0.0
4862.0,swap_ry,7.916806270443685,2612.0,13.0,7.952650045445749,0.0,0.0,1.0,1.0,0.0
4863.0,swap_rz,7.952650045445747,2612.0,13.0,7.952650045445749,0.0,0.0,0.0,2.0,0.0
4863.0,stop,7.952650045445748,2613.0,11.0,7.952650045445749,0.0,0.0,0.0,0.0,1.0
4863.0,stop,7.952650045445748,2614.0,11.0,7.952650045445749,0.0,0.0,0.0,0.0,1.0
4864.0,change_0,7.877126638522968,2615.0,13.0,7.833392683283081,0.0,1.0,0.0,0.0,0.0
4865.0,stop,7.833392683283081,2615.0,12.0,7.833392683283081,0.0,1.0,0.0,0.0,0.0
4866.0,add_cx,7.744154888291751,2615.0,13.0,7.833392683283081,0.0,1.0,0.0,0.0,1.0
4867.0,add_rx,7.803947467517723,2615.0,13.0,7.833392683283081,0.0,2.0,0.0,0.0,0.0
4868.0,add_ry,7.577822811672522,2615.0,13.0,7.833392683283081,0.0,1.0,1.0,0.0,0.0
4869.0,add_rz,7.83339268328308,2615.0,13.0,7.833392683283081,0.0,1.0,0.0,1.0,0.0
4870.0,delete,7.952650045445748,2615.0,13.0,7.833392683283081,0.0,0.0,0.0,0.0,0.0
4871.0,swap_cx,7.873824632075483,2615.0,13.0,7.833392683283081,0.0,0.0,0.0,0.0,1.0
4872.0,swap_rx,7.906069720052988,2615.0,13.0,7.833392683283081,0.0,1.0,0.0,0.0,0.0
4873.0,swap_ry,7.470199763634669,2615.0,13.0,7.833392683283081,0.0,0.0,1.0,0.0,0.0
4874.0,swap_rz,7.952650045445748,2615.0,13.0,7.833392683283081,0.0,0.0,0.0,1.0,0.0
4874.0,stop,7.8085108747139405,2616.0,9.0,7.808510874713936,1.0,0.0,0.0,0.0,0.0
4875.0,change_0,7.952650045445747,2617.0,13.0,7.952650045445748,0.0,0.0,0.0,1.0,0.0
4876.0,stop,7.952650045445748,2617.0,12.0,7.952650045445748,0.0,0.0,0.0,1.0,0.0
4877.0,add_cx,7.397040644518788,2617.0,13.0,7.952650045445748,0.0,0.0,0.0,1.0,1.0
4878.0,add_rx,7.878735088907774,2617.0,13.0,7.952650045445748,0.0,1.0,0.0,1.0,0.0
4879.0,add_ry,7.857650941364238,2617.0,13.0,7.952650045445748,0.0,0.0,1.0,1.0,0.0
4880.0,add_rz,7.952650045445747,2617.0,13.0,7.952650045445748,0.0,0.0,0.0,2.0,0.0
4881.0,delete,7.952650045445748,2617.0,13.0,7.952650045445748,0.0,0.0,0.0,0.0,0.0
4882.0,swap_cx,7.952650045445748,2617.0,13.0,7.952650045445748,0.0,0.0,0.0,0.0,1.0
4883.0,swap_rx,7.878403183043158,2617.0,13.0,7.952650045445748,0.0,1.0,0.0,0.0,0.0
4884.0,swap_ry,7.836949760259818,2617.0,13.0,7.952650045445748,0.0,0.0,1.0,0.0,0.0
4885.0,swap_rz,7.952650045445748,2617.0,13.0,7.952650045445748,0.0,0.0,0.0,1.0,0.0
4886.0,add_ry,7.808508571906334,2618.0,10.0,7.8144085768629425,1.0,0.0,1.0,0.0,0.0
4887.0,stop,7.952650045445748,2619.0,12.0,7.952650045445748,0.0,0.0,0.0,0.0,0.0
4888.0,add_cx,7.952650045445748,2619.0,13.0,7.952650045445748,0.0,0.0,0.0,0.0,1.0
4889.0,add_rx,7.881217764317751,2619.0,13.0,7.952650045445748,0.0,1.0,0.0,0.0,0.0
4890.0,add_ry,7.669811941076926,2619.0,13.0,7.952650045445748,0.0,0.0,1.0,0.0,0.0
4891.0,add_rz,7.952650045445747,2619.0,13.0,7.952650045445748,0.0,0.0,0.0,1.0,0.0
4891.0,stop,7.8085108747139405,2620.0,9.0,7.808510874713936,1.0,0.0,0.0,0.0,0.0
4891.0,stop,7.9496431892037585,2621.0,11.0,7.9496431892037585,0.0,0.0,1.0,0.0,0.0
4892.0,change_0,7.941225451183401,2622.0,13.0,7.949556326531426,0.0,0.0,1.0,0.0,0.0
4893.0,stop,7.949556326531426,2622.0,12.0,7.949556326531426,0.0,0.0,1.0,0.0,0.0
4894.0,add_cx,7.949556326531426,2622.0,13.0,7.949556326531426,0.0,0.0,1.0,0.0,1.0
4895.0,add_rx,7.787469560853832,2622.0,13.0,7.949556326531426,0.0,1.0,1.0,0.0,0.0
4896.0,add_ry,7.671013511536785,2622.0,13.0,7.949556326531426,0.0,0.0,2.0,0.0,0.0
4897.0,add_rz,7.949556326531427,2622.0,13.0,7.949556326531426,0.0,0.0,1.0,1.0,0.0
4898.0,delete,7.952650045445748,2622.0,13.0,7.949556326531426,0.0,0.0,0.0,0.0,0.0
4899.0,swap_cx,7.952650045445748,2622.0,13.0,7.949556326531426,0.0,0.0,0.0,0.0,1.0
4900.0,swap_rx,7.790371557073008,2622.0,13.0,7.949556326531426,0.0,1.0,0.0,0.0,0.0
4901.0,swap_ry,7.45332908261277,2622.0,13.0,7.949556326531426,0.0,0.0,1.0,0.0,0.0
4902.0,swap_rz,7.952650045445749,2622.0,13.0,7.949556326531426,0.0,0.0,0.0,1.0,0.0
4903.0,change_1,7.808510874713939,2623.0,11.0,7.808510874713939,1.0,0.0,0.0,1.0,0.0
4904.0,stop,7.808510874713939,2623.0,10.0,7.808510874713939,1.0,0.0,0.0,1.0,0.0
4905.0,add_cx,7.841479194485187,2623.0,11.0,7.808510874713939,1.0,0.0,0.0,1.0,1.0
4906.0,add_rx,7.81007063108774,2623.0,11.0,7.808510874713939,1.0,1.0,0.0,1.0,0.0
4907.0,add_ry,7.277398733311398,2623.0,11.0,7.808510874713939,1.0,0.0,1.0,1.0,0.0
4908.0,add_rz,7.808510874713939,2623.0,11.0,7.808510874713939,1.0,0.0,0.0,2.0,0.0
4909.0,delete,7.952650045445747,2623.0,11.0,7.808510874713939,0.0,0.0,0.0,1.0,0.0
4910.0,swap_cx,7.8085108747139405,2623.0,11.0,7.808510874713939,1.0,0.0,0.0,0.0,1.0
4911.0,swap_rx,7.830438896938504,2623.0,11.0,7.808510874713939,1.0,1.0,0.0,0.0,0.0
4912.0,swap_ry,7.675386028747256,2623.0,11.0,7.808510874713939,0.0,0.0,1.0,1.0,0.0
4913.0,swap_rz,7.808510874713941,2623.0,11.0,7.808510874713939,1.0,0.0,0.0,1.0,0.0
4913.0,stop,7.913237338760615,2624.0,9.0,7.913237338760614,1.0,0.0,0.0,0.0,0.0
4913.0,stop,7.7888918396875635,2625.0,8.0,7.788891839687562,2.0,0.0,0.0,0.0,0.0
4913.0,stop,7.913237338760615,2626.0,9.0,7.913237338760615,1.0,0.0,0.0,0.0,0.0
4913.0,stop,7.952650045445748,2627.0,10.0,7.952650045445748,0.0,0.0,0.0,0.0,0.0
4913.0,stop,7.913237338760615,2628.0,9.0,7.913237338760615,1.0,0.0,0.0,0.0,0.0
4913.0,stop,7.952650045445748,2629.0,10.0,7.952650045445748,0.0,0.0,0.0,0.0,0.0
4913.0,stop,7.952650045445748,2630.0,10.0,7.952650045445748,0.0,0.0,0.0,0.0,0.0
4913.0,stop,7.913237338760615,2631.0,9.0,7.913237338760614,1.0,0.0,0.0,0.0,0.0
4913.0,stop,7.952650045445748,2632.0,10.0,7.952650045445748,0.0,0.0,0.0,0.0,0.0
4913.0,stop,7.913237338760615,2633.0,9.0,7.913237338760614,1.0,0.0,0.0,0.0,0.0
4913.0,stop,7.952650045445748,2634.0,10.0,7.952650045445748,0.0,0.0,0.0,0.0,0.0
4913.0,stop,7.952650045445748,2635.0,10.0,7.952650045445748,0.0,0.0,0.0,0.0,0.0
4913.0,stop,7.913237338760615,2636.0,9.0,7.913237338760613,1.0,0.0,0.0,0.0,0.0
4913.0,stop,7.952650045445748,2637.0,10.0,7.952650045445749,0.0,0.0,0.0,0.0,0.0
4913.0,stop,7.913237338760615,2638.0,9.0,7.913237338760613,1.0,0.0,0.0,0.0,0.0
4913.0,stop,7.952650045445748,2639.0,10.0,7.952650045445749,0.0,0.0,0.0,0.0,0.0
4914.0,change_0,7.952650045445747,2640.0,12.0,7.952650045445749,0.0,0.0,0.0,1.0,0.0
4915.0,stop,7.952650045445749,2640.0,11.0,7.952650045445749,0.0,0.0,0.0,1.0,0.0
4916.0,add_cx,7.952650045445749,2640.0,12.0,7.952650045445749,0.0,0.0,0.0,1.0,1.0
4917.0,add_rx,7.875448336662729,2640.0,12.0,7.952650045445749,0.0,1.0,0.0,1.0,0.0
4918.0,add_ry,7.88610853850682,2640.0,12.0,7.952650045445749,0.0,0.0,1.0,1.0,0.0
4919.0,add_rz,7.952650045445748,2640.0,12.0,7.952650045445749,0.0,0.0,0.0,2.0,0.0
4920.0,delete,7.952650045445748,2640.0,12.0,7.952650045445749,0.0,0.0,0.0,0.0,0.0
4921.0,swap_cx,7.397040644518788,2640.0,12.0,7.952650045445749,0.0,0.0,0.0,0.0,1.0
4922.0,swap_rx,7.790499320856942,2640.0,12.0,7.952650045445749,0.0,1.0,0.0,0.0,0.0
4923.0,swap_ry,7.884161160117351,2640.0,12.0,7.952650045445749,0.0,0.0,1.0,0.0,0.0
4924.0,swap_rz,7.952650045445748,2640.0,12.0,7.952650045445749,0.0,0.0,0.0,1.0,0.0
4924.0,stop,7.7888918396875635,2641.0,8.0,7.788891839687561,2.0,0.0,0.0,0.0,0.0
4925.0,stop,7.952650045445748,2642.0,10.0,7.952650045445748,0.0,0.0,0.0,0.0,0.0
4926.0,add_cx,7.952650045445748,2642.0,11.0,7.952650045445748,0.0,0.0,0.0,0.0,1.0
4927.0,add_rx,7.949023040119332,2642.0,11.0,7.952650045445748,0.0,1.0,0.0,0.0,0.0
4928.0,add_ry,7.950774208244533,2642.0,11.0,7.952650045445748,0.0,0.0,1.0,0.0,0.0
4929.0,add_rz,7.952650045445749,2642.0,11.0,7.952650045445748,0.0,0.0,0.0,1.0,0.0
4929.0,stop,7.913237338760615,2643.0,9.0,7.913237338760615,1.0,0.0,0.0,0.0,0.0
4929.0,stop,7.913237338760615,2644.0,9.0,7.913237338760615,1.0,0.0,0.0,0.0,0.0
4929.0,stop,7.913237338760615,2645.0,9.0,7.913237338760614,1.0,0.0,0.0,0.0,0.0
4929.0,stop,7.913237338760615,2646.0,9.0,7.913237338760614,1.0,0.0,0.0,0.0,0.0
4929.0,stop,7.952650045445748,2647.0,10.0,7.952650045445748,0.0,0.0,0.0,0.0,0.0
4929.0,stop,7.913237338760615,2648.0,9.0,7.913237338760614,1.0,0.0,0.0,0.0,0.0
4929.0,stop,7.952650045445748,2649.0,10.0,7.952650045445748,0.0,0.0,0.0,0.0,0.0
4929.0,stop,7.913237338760615,2650.0,9.0,7.913237338760614,1.0,0.0,0.0,0.0,0.0
4929.0,stop,7.952650045445748,2651.0,10.0,7.952650045445748,0.0,0.0,0.0,0.0,0.0
4929.0,stop,7.952650045445748,2652.0,10.0,7.952650045445748,0.0,0.0,0.0,0.0,0.0
4929.0,stop,7.913237338760615,2653.0,9.0,7.913237338760615,1.0,0.0,0.0,0.0,0.0
4930.0,change_0,7.952650045445747,2654.0,12.0,7.952650045445749,0.0,0.0,0.0,1.0,0.0
4931.0,stop,7.952650045445749,2654.0,11.0,7.952650045445749,0.0,0.0,0.0,1.0,0.0
4932.0,add_cx,7.952650045445749,2654.0,12.0,7.952650045445749,0.0,0.0,0.0,1.0,1.0
4933.0,add_rx,7.895753001842893,2654.0,12.0,7.952650045445749,0.0,1.0,0.0,1.0,0.0
4934.0,add_ry,7.737154888467545,2654.0,12.0,7.952650045445749,0.0,0.0,1.0,1.0,0.0
4935.0,add_rz,7.952650045445747,2654.0,12.0,7.952650045445749,0.0,0.0,0.0,2.0,0.0
4936.0,delete,7.952650045445748,2654.0,12.0,7.952650045445749,0.0,0.0,0.0,0.0,0.0
4937.0,swap_cx,7.952650045445748,2654.0,12.0,7.952650045445749,0.0,0.0,0.0,0.0,1.0
4938.0,swap_rx,7.789390051440003,2654.0,12.0,7.952650045445749,0.0,1.0,0.0,0.0,0.0
4939.0,swap_ry,7.937112967639073,2654.0,12.0,7.952650045445749,0.0,0.0,1.0,0.0,0.0
4940.0,swap_rz,7.952650045445748,2654.0,12.0,7.952650045445749,0.0,0.0,0.0,1.0,0.0
4940.0,stop,7.7888918396875635,2655.0,8.0,7.788891839687561,2.0,0.0,0.0,0.0,0.0
4941.0,stop,7.952650045445748,2656.0,10.0,7.952650045445748,0.0,0.0,0.0,0.0,1.0
4942.0,add_cx,7.397040644518788,2656.0,11.0,7.952650045445748,0.0,0.0,0.0,0.0,2.0
4943.0,add_rx,7.950020732280661,2656.0,11.0,7.952650045445748,0.0,1.0,0.0,0.0,1.0
4944.0,add_ry,7.950117241948692,2656.0,11.0,7.952650045445748,0.0,0.0,1.0,0.0,1.0
4945.0,add_rz,7.952650045445748,2656.0,11.0,7.952650045445748,0.0,0.0,0.0,1.0,1.0
4946.0,delete,7.952650045445748,2656.0,11.0,7.952650045445748,0.0,0.0,0.0,0.0,0.0
4947.0,swap_cx,7.952650045445748,2656.0,11.0,7.952650045445748,0.0,0.0,0.0,0.0,1.0
4948.0,swap_rx,7.922694586902612,2656.0,11.0,7.952650045445748,0.0,1.0,0.0,0.0,0.0
4949.0,swap_ry,7.811359605147537,2656.0,11.0,7.952650045445748,0.0,0.0,1.0,0.0,0.0
4950.0,swap_rz,7.952650045445748,2656.0,11.0,7.952650045445748,0.0,0.0,0.0,1.0,0.0
4950.0,stop,7.7888918396875635,2657.0,8.0,7.78889183968756,2.0,0.0,0.0,0.0,0.0
4950.0,stop,7.913237338760615,2658.0,9.0,7.913237338760615,1.0,0.0,0.0,0.0,0.0
4950.0,stop,7.913237338760615,2659.0,9.0,7.913237338760614,1.0,0.0,0.0,0.0,0.0
4950.0,stop,7.913237338760615,2660.0,9.0,7.913237338760614,1.0,0.0,0.0,0.0,0.0
4950.0,stop,7.913237338760615,2661.0,9.0,7.913237338760613,1.0,0.0,0.0,0.0,0.0
4950.0,stop,7.913237338760615,2662.0,9.0,7.913237338760613,1.0,0.0,0.0,0.0,0.0
4950.0,stop,7.913237338760615,2663.0,9.0,7.913237338760613,1.0,0.0,0.0,0.0,0.0
4950.0,stop,7.913237338760615,2664.0,9.0,7.913237338760612,1.0,0.0,0.0,0.0,0.0
4950.0,stop,7.913237338760615,2665.0,9.0,7.913237338760612,1.0,0.0,0.0,0.0,0.0
4950.0,stop,7.7888918396875635,2666.0,8.0,7.78889183968756,2.0,0.0,0.0,0.0,0.0
4950.0,stop,7.913237338760615,2667.0,9.0,7.913237338760612,1.0,0.0,0.0,0.0,0.0
4950.0,stop,7.913237338760615,2668.0,9.0,7.913237338760613,1.0,0.0,0.0,0.0,0.0
4950.0,stop,7.913237338760615,2669.0,9.0,7.913237338760613,1.0,0.0,0.0,0.0,0.0
4950.0,stop,7.913237338760615,2670.0,9.0,7.913237338760612,1.0,0.0,0.0,0.0,0.0
4950.0,stop,7.952650045445748,2671.0,10.0,7.952650045445748,0.0,0.0,0.0,0.0,0.0
4950.0,stop,7.952650045445748,2672.0,10.0,7.952650045445748,0.0,0.0,0.0,0.0,0.0
4950.0,stop,7.913237338760615,2673.0,9.0,7.913237338760613,1.0,0.0,0.0,0.0,0.0
4950.0,stop,7.952650045445748,2674.0,10.0,7.952650045445749,0.0,0.0,0.0,0.0,0.0
4950.0,stop,7.913237338760615,2675.0,9.0,7.913237338760612,1.0,0.0,0.0,0.0,0.0
4951.0,stop,7.952650045445748,2676.0,10.0,7.952650045445748,0.0,0.0,0.0,0.0,1.0
4952.0,add_cx,7.952650045445748,2676.0,11.0,7.952650045445748,0.0,0.0,0.0,0.0,2.0
4953.0,add_rx,7.875827536081607,2676.0,11.0,7.952650045445748,0.0,1.0,0.0,0.0,1.0
4954.0,add_ry,7.895078019517246,2676.0,11.0,7.952650045445748,0.0,0.0,1.0,0.0,1.0
4955.0,add_rz,7.952650045445747,2676.0,11.0,7.952650045445748,0.0,0.0,0.0,1.0,1.0
4956.0,delete,7.952650045445748,2676.0,11.0,7.952650045445748,0.0,0.0,0.0,0.0,0.0
4957.0,swap_cx,7.952650045445748,2676.0,11.0,7.952650045445748,0.0,0.0,0.0,0.0,1.0
4958.0,swap_rx,7.666026474495865,2676.0,11.0,7.952650045445748,0.0,1.0,0.0,0.0,0.0
4959.0,swap_ry,7.790008248424905,2676.0,11.0,7.952650045445748,0.0,0.0,1.0,0.0,0.0
4960.0,swap_rz,7.952650045445748,2676.0,11.0,7.952650045445748,0.0,0.0,0.0,1.0,0.0
4960.0,stop,7.7888918396875635,2677.0,8.0,7.788891839687559,2.0,0.0,0.0,0.0,0.0
4960.0,stop,7.952650045445748,2678.0,10.0,7.952650045445749,0.0,0.0,0.0,0.0,0.0
4960.0,stop,7.952650045445748,2679.0,10.0,7.952650045445749,0.0,0.0,0.0,0.0,0.0
4960.0,stop,7.913237338760615,2680.0,9.0,7.913237338760612,1.0,0.0,0.0,0.0,0.0
4960.0,stop,7.952650045445748,2681.0,10.0,7.952650045445749,0.0,0.0,0.0,0.0,0.0
4960.0,stop,7.952650045445748,2682.0,10.0,7.95265004544575,0.0,0.0,0.0,0.0,0.0
4960.0,stop,7.913237338760615,2683.0,9.0,7.913237338760612,1.0,0.0,0.0,0.0,0.0
4960.0,stop,7.952650045445748,2684.0,10.0,7.95265004544575,0.0,0.0,0.0,0.0,0.0
4960.0,stop,7.952650045445748,2685.0,10.0,7.95265004544575,0.0,0.0,0.0,0.0,0.0
4960.0,stop,7.913237338760615,2686.0,9.0,7.913237338760612,1.0,0.0,0.0,0.0,0.0
4960.0,stop,7.952650045445748,2687.0,10.0,7.95265004544575,0.0,0.0,0.0,0.0,0.0
4960.0,stop,7.952650045445748,2688.0,10.0,7.95265004544575,0.0,0.0,0.0,0.0,0.0
4960.0,stop,7.913237338760615,2689.0,9.0,7.913237338760612,1.0,0.0,0.0,0.0,0.0
4960.0,stop,7.952650045445748,2690.0,10.0,7.95265004544575,0.0,0.0,0.0,0.0,0.0
4960.0,stop,7.952650045445748,2691.0,10.0,7.952650045445749,0.0,0.0,0.0,0.0,0.0
4960.0,stop,7.913237338760615,2692.0,9.0,7.913237338760612,1.0,0.0,0.0,0.0,0.0
4960.0,stop,7.952650045445748,2693.0,10.0,7.952650045445749,0.0,0.0,0.0,0.0,0.0
4961.0,change_0,7.952650045445749,2694.0,11.0,7.952650045445747,0.0,0.0,0.0,1.0,0.0
4962.0,stop,7.952650045445747,2694.0,10.0,7.952650045445747,0.0,0.0,0.0,1.0,0.0
4963.0,add_cx,7.789984187021045,2694.0,11.0,7.952650045445747,0.0,0.0,0.0,1.0,1.0
4964.0,add_rx,7.877147171760731,2694.0,11.0,7.952650045445747,0.0,1.0,0.0,1.0,0.0
4965.0,add_ry,7.899407634490123,2694.0,11.0,7.952650045445747,0.0,0.0,1.0,1.0,0.0
4966.0,add_rz,7.952650045445746,2694.0,11.0,7.952650045445747,0.0,0.0,0.0,2.0,0.0
4967.0,delete,7.952650045445748,2694.0,11.0,7.952650045445747,0.0,0.0,0.0,0.0,0.0
4968.0,swap_cx,7.952650045445748,2694.0,11.0,7.952650045445747,0.0,0.0,0.0,0.0,1.0
4969.0,swap_rx,7.851222035834289,2694.0,11.0,7.952650045445747,0.0,1.0,0.0,0.0,0.0
4970.0,swap_ry,7.807434338980244,2694.0,11.0,7.952650045445747,0.0,0.0,1.0,0.0,0.0
4971.0,swap_rz,7.952650045445749,2694.0,11.0,7.952650045445747,0.0,0.0,0.0,1.0,0.0
4971.0,stop,7.913237338760615,2695.0,9.0,7.913237338760612,1.0,0.0,0.0,0.0,0.0
4971.0,stop,7.952650045445748,2696.0,10.0,7.952650045445749,0.0,0.0,0.0,0.0,0.0
4971.0,stop,7.913237338760615,2697.0,9.0,7.913237338760612,1.0,0.0,0.0,0.0,0.0
4971.0,stop,7.913237338760615,2698.0,9.0,7.913237338760612,1.0,0.0,0.0,0.0,0.0
4971.0,stop,7.952650045445748,2699.0,10.0,7.952650045445749,0.0,0.0,0.0,0.0,0.0
4971.0,stop,7.952650045445748,2700.0,10.0,7.952650045445749,0.0,0.0,0.0,0.0,0.0
4971.0,stop,7.913237338760615,2701.0,9.0,7.913237338760611,1.0,0.0,0.0,0.0,0.0
4971.0,stop,7.913237338760615,2702.0,9.0,7.913237338760613,1.0,0.0,0.0,0.0,0.0
4972.0,stop,7.952650045445748,2703.0,11.0,7.952650045445748,0.0,0.0,0.0,0.0,1.0
4973.0,add_cx,7.873824632075484,2703.0,12.0,7.952650045445748,0.0,0.0,0.0,0.0,2.0
4974.0,add_rx,7.397053448326557,2703.0,12.0,7.952650045445748,0.0,1.0,0.0,0.0,1.0
4975.0,add_ry,7.8258740347175575,2703.0,12.0,7.952650045445748,0.0,0.0,1.0,0.0,1.0
4976.0,add_rz,7.952650045445748,2703.0,12.0,7.952650045445748,0.0,0.0,0.0,1.0,1.0
4977.0,delete,7.952650045445748,2703.0,12.0,7.952650045445748,0.0,0.0,0.0,0.0,0.0
4978.0,swap_cx,7.952650045445748,2703.0,12.0,7.952650045445748,0.0,0.0,0.0,0.0,1.0
4979.0,swap_rx,7.791797219191465,2703.0,12.0,7.952650045445748,0.0,1.0,0.0,0.0,0.0
4980.0,swap_ry,7.942696083333012,2703.0,12.0,7.952650045445748,0.0,0.0,1.0,0.0,0.0
4981.0,swap_rz,7.952650045445748,2703.0,12.0,7.952650045445748,0.0,0.0,0.0,1.0,0.0
4981.0,stop,7.7888918396875635,2704.0,8.0,7.788891839687559,2.0,0.0,0.0,0.0,0.0
4981.0,stop,7.7888918396875635,2705.0,8.0,7.788891839687559,2.0,0.0,0.0,0.0,0.0
4981.0,stop,7.913237338760615,2706.0,9.0,7.913237338760613,1.0,0.0,0.0,0.0,0.0
4981.0,stop,7.913237338760615,2707.0,9.0,7.913237338760612,1.0,0.0,0.0,0.0,0.0
4981.0,stop,7.913237338760615,2708.0,9.0,7.913237338760612,1.0,0.0,0.0,0.0,0.0
4981.0,stop,7.913237338760615,2709.0,9.0,7.913237338760612,1.0,0.0,0.0,0.0,0.0
4981.0,stop,7.913237338760615,2710.0,9.0,7.913237338760612,1.0,0.0,0.0,0.0,0.0
4981.0,stop,7.913237338760615,2711.0,9.0,7.913237338760612,1.0,0.0,0.0,0.0,0.0
4981.0,stop,7.913237338760615,2712.0,9.0,7.913237338760612,1.0,0.0,0.0,0.0,0.0
4981.0,stop,7.913237338760615,2713.0,9.0,7.913237338760612,1.0,0.0,0.0,0.0,0.0
4981.0,stop,7.913237338760615,2714.0,9.0,7.913237338760611,1.0,0.0,0.0,0.0,0.0
4981.0,stop,7.913237338760615,2715.0,9.0,7.913237338760611,1.0,0.0,0.0,0.0,0.0
4982.0,change_0,7.884435134559396,2716.0,11.0,7.925594328352251,0.0,0.0,1.0,0.0,0.0
4983.0,stop,7.925594328352251,2716.0,10.0,7.925594328352251,0.0,0.0,1.0,0.0,0.0
4984.0,add_cx,7.925594328352251,2716.0,11.0,7.925594328352251,0.0,0.0,1.0,0.0,1.0
4985.0,add_rx,7.906896156747101,2716.0,11.0,7.925594328352251,0.0,1.0,1.0,0.0,0.0
4986.0,add_ry,7.82700339357155,2716.0,11.0,7.925594328352251,0.0,0.0,2.0,0.0,0.0
4987.0,add_rz,7.925594328352251,2716.0,11.0,7.925594328352251,0.0,0.0,1.0,1.0,0.0
4988.0,delete,7.952650045445748,2716.0,11.0,7.925594328352251,0.0,0.0,0.0,0.0,0.0
4989.0,swap_cx,7.952650045445748,2716.0,11.0,7.925594328352251,0.0,0.0,0.0,0.0,1.0
4990.0,swap_rx,7.90095848589157,2716.0,11.0,7.925594328352251,0.0,1.0,0.0,0.0,0.0
4991.0,swap_ry,7.793847181739758,2716.0,11.0,7.925594328352251,0.0,0.0,1.0,0.0,0.0
4992.0,swap_rz,7.952650045445747,2716.0,11.0,7.925594328352251,0.0,0.0,0.0,1.0,0.0
4992.0,stop,7.7888918396875635,2717.0,8.0,7.788891839687559,2.0,0.0,0.0,0.0,0.0
4992.0,stop,7.913237338760615,2718.0,9.0,7.913237338760611,1.0,0.0,0.0,0.0,0.0
4992.0,stop,7.913237338760615,2719.0,9.0,7.913237338760611,1.0,0.0,0.0,0.0,0.0
4992.0,stop,7.952650045445748,2720.0,10.0,7.952650045445749,0.0,0.0,0.0,0.0,0.0
4992.0,stop,7.913237338760615,2721.0,9.0,7.913237338760611,1.0,0.0,0.0,0.0,0.0
4992.0,stop,7.913237338760615,2722.0,9.0,7.913237338760611,1.0,0.0,0.0,0.0,0.0
4992.0,stop,7.952650045445748,2723.0,10.0,7.952650045445749,0.0,0.0,0.0,0.0,0.0
4992.0,stop,7.952650045445748,2724.0,10.0,7.95265004544575,0.0,0.0,0.0,0.0,0.0
4992.0,stop,7.913237338760615,2725.0,9.0,7.913237338760611,1.0,0.0,0.0,0.0,0.0
4992.0,stop,7.952650045445748,2726.0,10.0,7.95265004544575,0.0,0.0,0.0,0.0,0.0
4993.0,change_1,7.862679291540747,2727.0,11.0,7.89586447389218,1.0,0.0,1.0,0.0,0.0
4994.0,stop,7.89586447389218,2727.0,10.0,7.89586447389218,1.0,0.0,1.0,0.0,0.0
4995.0,add_cx,7.621821724066316,2727.0,11.0,7.89586447389218,1.0,0.0,1.0,0.0,1.0
4996.0,add_rx,7.895135512154928,2727.0,11.0,7.89586447389218,1.0,1.0,1.0,0.0,0.0
4997.0,add_ry,7.836245155499166,2727.0,11.0,7.89586447389218,1.0,0.0,2.0,0.0,0.0
4998.0,add_rz,7.89586447389218,2727.0,11.0,7.89586447389218,1.0,0.0,1.0,1.0,0.0
4999.0,delete,7.913237338760615,2727.0,11.0,7.89586447389218,1.0,0.0,0.0,0.0,0.0
5000.0,swap_cx,7.924272382836193,2727.0,11.0,7.89586447389218,0.0,0.0,1.0,0.0,1.0
5001.0,swap_rx,7.876348107618491,2727.0,11.0,7.89586447389218,1.0,1.0,0.0,0.0,0.0
5002.0,swap_ry,7.91846764149276,2727.0,11.0,7.89586447389218,0.0,0.0,2.0,0.0,0.0
5003.0,swap_rz,7.924272382836193,2727.0,11.0,7.89586447389218,0.0,0.0,1.0,1.0,0.0
